ts,trade_id,dir,entry,exit,dur_min,pnl,margin_usdt,conviction_spread,net_pnl_usd,gross_pnl_usd,trading_fees_usd,fees_usd,funding_fees_usd,total_cost_usd,exit_reason,leverage,r_multiple,ai_win_prob,ai_threshold,ai_approved,entry_type,entry_mode,ema_hybrid_base,ema_hybrid_limit,ema_hybrid_offset_usd,dist_to_ema_hybrid_pct,tp_stage,regime,strategy,ai_band,ai_source,structure,structure_score_at_entry,structure_bias_at_entry,mtf_agreement_at_entry,adx_at_entry,trend_score_at_entry,bull_score_at_entry,bear_score_at_entry,funding_rate_pct_8h_at_entry,exchange,data_symbol,bot_version,fee_profile,analyzer_sync_id,research_lane,research_model,ai_decision,price_at_signal,distance_to_resistance,distance_to_support,sr_state,ema_spread,momentum,volatility,duration_min,max_drawdown,max_profit,entry_delay,entry_delay_sec,signal_age_sec,signal_age_bucket,entry_path,fill_model,limit_chase_count,urgent_chase_tier,slippage,book_slippage_usd_entry,book_slippage_usd_exit,book_slippage_usd_total,entry_partial_fill,maker_fees,taker_fees,funding_fees,features_velocity,features_volume,features_volume_ratio,features_delta,features_delta_change,features_imbalance,context_price,context_ema9,context_ema21,context_ema200,context_ema_slope,context_sr_state,context_sr_bias,context_dist_to_resistance,context_dist_to_support,context_regime,controls_edge_threshold,controls_ai_threshold,controls_pullback_pct,controls_leverage,decision_edge_score,decision_trigger,decision_ai_called,decision_ai_decision,decision_ai_win_prob,decision_ai_reason,execution_entry_price,execution_exit_price,execution_entry_type,execution_exit_type,execution_qty,execution_slippage,execution_fill_delay_sec,outcome_net_pnl_usd,outcome_gross_pnl_usd,outcome_trading_fees_usd,outcome_fees_usd,outcome_funding_fees_usd,outcome_total_cost_usd,outcome_pnl_pct,outcome_duration_sec,outcome_exit_reason,feature_delta,feature_volume_ratio,feature_velocity,feature_imbalance,early_fail_triggered,early_fail_enabled,entry_features,entry_edge,entry_controls,entry_indicators,setup_type,edge_score,edge_score_at_entry,invert_signal,early_fail_enabled_global,experiment_tag,final_direction,cfg_ladder_first_trigger_pct,cfg_ladder_first_lock_pct,cfg_exit_profile_id,cfg_peak_never_loser_min_peak,cfg_peak_never_loser_floor,cfg_thesis_fast_exit_unreal_pct,cfg_thesis_mfe_protect_pct,cfg_thesis_exit_if_above_unreal_pct,cfg_thesis_min_age_sec,cfg_thesis_score_flip_margin,cfg_thesis_early_decay_delta,cfg_early_fail_pct_threshold,cfg_type_a_first_candle_enabled,cfg_type_a_early_fail_enabled,cfg_scenario_c_exit_profile,cfg_type_a_stall_enabled,cfg_type_a_stall_min_age_sec,cfg_type_a_stall_min_candles,cfg_type_a_stall_max_mfe_pct,cfg_trend_weakening_enabled,cfg_spread_penalty_threshold,cfg_spread_penalty_margin_mult,cfg_trail_ladder_json,exit_config_json,close_ts,ts_melbourne,close_ts_melbourne
2026-06-22T11:23:52.386037+00:00,rida-b2f7e4217798,SHORT,64333.0,64298.0,5.033884,5.45,20.0,-3,1.09,1.09,0.0,0.0,-0.0,-0.0,THESIS_INVALIDATED,100,0.18,42,44.0,True,SIM_LIMIT,AI_DIRECT_LIMIT,,,,,0,BULL,SR,0-50,SPAWN,3,3,BULLISH_STRUCTURE,BULL_ALIGNED,10.28,5,7,4,0.01182,bitfinex,tBTCF0:USTF0,v9.83-quality-roster-4-tiles-2026-06-21,BITFINEX_ZERO,v9.83-quality-roster-4-tiles-2026-06-21,AI_DISAGREEMENT_REPLAY,AI Disagreement · Replay Wins,APPROVE,64323.0,0.007628,0.016654,NEAR_RESISTANCE,0.000224,1.0,95.3,5.033885,-3.264266,10.103679,160.252,160.252,160.252,0-5m,AI_DIRECT,AI_DIRECT_CHASE,1,,10.0,0.0,0.0,0.0,False,0.0,0.0,-0.002479,1.2e-05,0.013949,0.00525,-0.768913,0.0,0.187578,64323.0,64230.280689,64219.748225,64028.100737,0.000164,NEAR_RESISTANCE,LONG_PREFERRED,0.007628,0.016654,BULL,3.0,44.0,0.0,100,3.6,True,True,APPROVE,42,"```json
{
  ""direction"": ""NO_TRADE"",
  ""confidence"": 42,
  ""long_score"": 55,
  ""short_score"": 40,
  ""preferred_direction"": ""NO_TRADE"",
  ""entry_zone_low"": 0,
  ""entry_zone_high"": 0,
  ""limit_price"": 0,
  ""expected_mfe"": 0,
  ""expected_mae"": 0,
  ""reversal_probability"": 41,
  ""exit_style"": ""PATIENT"",
  ""reasons_for_trade"": [
    ""Multi-timeframe agreement is BULL_ALIGNED across 15m/1h/4h"",
    ""EMA stack is bullish (9>21>200) with positive slopes"",
    ""Trend health state is BULL with bull_score=9 and intact interpretation"",
    ""Market structure shows higher lows sequence (HL, HL, HL) with BULLISH_STRUCTURE bias"",
    ""Price is above all EMAs and near micro resistance (64318) with potential breakout""
  ],
  ""reasons_against_trade"": [
    ""Price is NEAR_RESISTANCE (0.76% away) with micro resistance at 64318 - limited upside room for short-duration trade"",
    ""Volume ratio is low (0.34) indicating weak participation in current move"",
    ""Delta is negative (-0.78) suggesting selling pressure despite bullish structure"",
    ""ADX is only 10.28 - market is not trending strongly, mean reversion risk present"",
    ""Reversal risk score is 41 - moderate risk of rejection at resistance"",
    ""Market regime is COMPRESSION - low volatility environment reduces expectancy for directional moves""
  ],
  ""bull_score"": 7,
  ""bear_score"": 4
}
```

Direction: NO_TRADE
Win probability: 42
Long score: 55
Short score: 40
Bull score: 7
Bear score: 4
Decision: SOFT_REJECT
Reason: Bullish structure and MTF alignment favor longs, but price is at micro resistance (64318) with low volume, negative delta, and compression regime. The 5-point gap between long_score (55) and short_score (40) is insufficient for approval (needs >=10). Reversal risk at resistance and weak ADX suggest waiting for either a pullback to support or a confirmed breakout above resistance with volume.",64333.0,64298.0,MAKER,TAKER,0.031093,10.0,160.252,1.09,1.09,0.0,0.0,-0.0,-0.0,5.45,302.033155,THESIS_INVALIDATED,-0.768913,0.00525,1.2e-05,0.187578,False,True,"{'price': 64323.0, 'ret_1m': -0.0004040466829321357, 'ret_5m': -0.0005748912367930392, 'ema9': 64230.280689123334, 'ema21': 64219.748225243704, 'ema200': 64028.100736837056, 'dist_to_support': 0.01665372067733416, 'dist_to_resistance': 0.007627776914711822, 'volume': 0.013948974, 'volume_ratio': 0.005250041804643339, 'delta': -0.7689133380000006, 'velocity': 1.2486878769072577e-05, 'imbalance': 0.1875778853905441, 'candle_range': 95.3, 'body_ratio': 0.42504086821012105, 'wick_ratio': 0.474959131789879}",3.4,"{'early_fail_enabled': True, 'invert_signal': False, 'ai_enabled': True, 'edge_threshold': 3.0, 'edge_threshold_max': None, 'edge_range_preset': 'min_only', 'ai_threshold': 44.0, 'leverage': 100, 'pullback_threshold': 0.001}","{'ema9': 64230.280689123334, 'ema21': 64219.748225243704, 'ema200': 64028.100736837056, 'ema_spread': 0.000164, 'ema9_slope_pct': 0.019, 'ema21_slope_pct': 0.0066, 'ema9_above_ema21': True, 'ema21_above_ema200': True}",WEAK_SETUP,3.4,3.4,False,True,INV_False_EF_True,SHORT,12,8,SCENARIO_C_EARLY_12_v2_frozen,40.0,10.0,-12.0,2.0,8.0,300,1,2,-32.0,False,False,True,False,480,3,5.0,False,5,0.75,"[[12, 8], [15, 10], [25, 18], [40, 28], [60, 45], [80, 60], [100, 75], [150, 120]]","{""trail_ladder"": [[12, 8], [15, 10], [25, 18], [40, 28], [60, 45], [80, 60], [100, 75], [150, 120]], ""ladder_first_trigger_pct"": 12, ""ladder_first_lock_pct"": 8, ""exit_profile_id"": ""SCENARIO_C_EARLY_12_v2_frozen"", ""peak_never_loser_min_peak"": 40.0, ""peak_never_loser_floor"": 10.0, ""thesis_fast_exit_unreal_pct"": -12.0, ""thesis_mfe_protect_pct"": 2.0, ""thesis_exit_if_above_unreal_pct"": 8.0, ""thesis_min_age_sec"": 300, ""thesis_score_flip_margin"": 1, ""thesis_early_decay_delta"": 2, ""early_fail_pct_threshold"": -32.0, ""type_a_first_candle_enabled"": false, ""type_a_early_fail_enabled"": false, ""scenario_c_exit_profile"": true, ""type_a_stall_enabled"": false, ""type_a_stall_min_age_sec"": 480, ""type_a_stall_min_candles"": 3, ""type_a_stall_max_mfe_pct"": 5.0, ""trend_weakening_enabled"": false, ""spread_penalty_threshold"": 5, ""spread_penalty_margin_mult"": 0.75}",,,
2026-06-22T11:25:46.564221+00:00,cont-5e81a80442e1,LONG,64277.42,64363.0,0.317316,13.31,15.0,6,2.0,2.0,0.0,0.0,0.0,0.0,PROFIT_LOCK_LADDER,100,0.44,62,44.0,True,SIM_LIMIT,AI_DIRECT_LIMIT,,,,,0,BULL,SR,60-70,SPAWN,3,3,BULLISH_STRUCTURE,BULL_ALIGNED,10.75,5,9,3,0.01182,bitfinex,tBTCF0:USTF0,v9.83-quality-roster-4-tiles-2026-06-21,BITFINEX_ZERO,v9.83-quality-roster-4-tiles-2026-06-21,CONTINUOUS,Continuous AI Research,APPROVE,64281.0,0.009023,0.015292,RANGE_COMPRESSION,0.000308,1.0,85.2,0.317317,0.0,13.314162,185.328,185.328,185.328,0-5m,AI_DIRECT,AI_DIRECT_CHASE,4,,3.58,0.0,0.0,0.0,False,0.0,0.0,0.000117,2e-05,0.012332,0.259168,-0.08982,0.0,0.01243,64281.0,64247.064551,64228.126486,64033.163465,0.000295,RANGE_COMPRESSION,LONG_PREFERRED,0.009023,0.015292,BULL,3.0,44.0,0.0,100,3.1,True,True,APPROVE,62,"```json
{
  ""direction"": ""LONG"",
  ""confidence"": 62,
  ""long_score"": 72,
  ""short_score"": 28,
  ""preferred_direction"": ""LONG"",
  ""entry_zone_low"": 64110,
  ""entry_zone_high"": 64200,
  ""limit_price"": 64155,
  ""expected_mfe"": 120,
  ""expected_mae"": 45,
  ""reversal_probability"": 41,
  ""exit_style"": ""PATIENT"",
  ""reasons_for_trade"": [
    ""Multi-timeframe agreement is BULL_ALIGNED across 15m, 1h, 4h"",
    ""Market structure bias is BULLISH_STRUCTURE with active HH/HL sequence"",
    ""EMA stack is fully bullish (9>21>200) with positive slopes"",
    ""Trend health state is BULL with bull_score 9 vs bear_score 3"",
    ""Micro structure shows higher low detected and price near micro support (64110)"",
    ""Edge score (3.1) exceeds threshold (3.0), indicating favorable risk/reward"",
    ""Quality score is high (82.52) with strong micro SR and trend components"",
    ""Regime is BULL with range compression suggesting imminent breakout""
  ],
  ""reasons_against_trade"": [
    ""ADX is low (10.75) indicating weak trend strength, not trending"",
    ""Volume ratio is low (0.26) suggesting lack of participation"",
    ""Delta is negative (-0.09) showing slight selling pressure"",
    ""Reversal risk score is moderate (41) indicating some uncertainty"",
    ""Price is near micro resistance (64318) with only 0.0576% room to upside"",
    ""Weaken signals count is 2, suggesting some trend fatigue""
  ],
  ""bull_score"": 9,
  ""bear_score"": 3
}
```",64277.42,64363.0,MAKER,TAKER,0.023335,3.58,185.328,2.0,2.0,0.0,0.0,0.0,0.0,13.31,19.03903,PROFIT_LOCK_LADDER,-0.08982,0.259168,2e-05,0.01243,False,True,"{'price': 64281.0, 'ret_1m': 0.0, 'ret_5m': -0.000559727599235039, 'ema9': 64247.06455129867, 'ema21': 64228.12648575904, 'ema200': 64033.16346492842, 'dist_to_support': 0.015292232541497487, 'dist_to_resistance': 0.009022883900374916, 'volume': 0.012332008, 'volume_ratio': 0.2591676674499032, 'delta': -0.08981991700000011, 'velocity': 2.023188691368677e-05, 'imbalance': 0.012430058127006602, 'candle_range': 85.2, 'body_ratio': 0.4282085700734751, 'wick_ratio': 0.47179142992652484}",3.1,"{'early_fail_enabled': True, 'invert_signal': False, 'ai_enabled': True, 'edge_threshold': 3.0, 'edge_threshold_max': None, 'edge_range_preset': 'min_only', 'ai_threshold': 44.0, 'leverage': 100, 'pullback_threshold': 0.001}","{'ema9': 64247.06455129867, 'ema21': 64228.12648575904, 'ema200': 64033.16346492842, 'ema_spread': 0.000295, 'ema9_slope_pct': 0.0742, 'ema21_slope_pct': 0.0324, 'ema9_above_ema21': True, 'ema21_above_ema200': True}",WEAK_SETUP,3.1,3.1,False,True,INV_False_EF_True,LONG,12,8,SCENARIO_C_EARLY_12_v2_frozen,40.0,10.0,-12.0,2.0,8.0,300,1,2,-32.0,False,False,True,False,480,3,5.0,False,5,0.75,"[[12, 8], [15, 10], [25, 18], [40, 28], [60, 45], [80, 60], [100, 75], [150, 120]]","{""trail_ladder"": [[12, 8], [15, 10], [25, 18], [40, 28], [60, 45], [80, 60], [100, 75], [150, 120]], ""ladder_first_trigger_pct"": 12, ""ladder_first_lock_pct"": 8, ""exit_profile_id"": ""SCENARIO_C_EARLY_12_v2_frozen"", ""peak_never_loser_min_peak"": 40.0, ""peak_never_loser_floor"": 10.0, ""thesis_fast_exit_unreal_pct"": -12.0, ""thesis_mfe_protect_pct"": 2.0, ""thesis_exit_if_above_unreal_pct"": 8.0, ""thesis_min_age_sec"": 300, ""thesis_score_flip_margin"": 1, ""thesis_early_decay_delta"": 2, ""early_fail_pct_threshold"": -32.0, ""type_a_first_candle_enabled"": false, ""type_a_early_fail_enabled"": false, ""scenario_c_exit_profile"": true, ""type_a_stall_enabled"": false, ""type_a_stall_min_age_sec"": 480, ""type_a_stall_min_candles"": 3, ""type_a_stall_max_mfe_pct"": 5.0, ""trend_weakening_enabled"": false, ""spread_penalty_threshold"": 5, ""spread_penalty_margin_mult"": 0.75}",,,
2026-06-22T11:48:12.655517+00:00,cont-793ef3a0918c,LONG,64603.54,64709.0,1.153155,16.32,15.0,6,2.45,2.45,0.0,0.0,0.0,0.0,PROFIT_LOCK_LADDER,100,0.54,62,44.0,True,SIM_LIMIT,AI_DIRECT_LIMIT,,,,,0,BULL,SR,60-70,SPAWN,3,3,BULLISH_STRUCTURE,BULL_ALIGNED,13.31,5,9,3,0.01182,bitfinex,tBTCF0:USTF0,v9.83-quality-roster-4-tiles-2026-06-21,BITFINEX_ZERO,v9.83-quality-roster-4-tiles-2026-06-21,CONTINUOUS,Continuous AI Research,APPROVE,64681.0,0.002783,0.021382,NEAR_RESISTANCE,0.001478,1.0,75.4,1.153156,0.0,16.324183,316.465,316.465,316.465,5-15m,AI_DIRECT,AI_DIRECT_CHASE,4,,77.46,0.0,0.0,0.0,False,0.0,0.0,0.000425,3.6e-05,0.002872,0.93768,10.560673,0.0,0.399923,64681.0,64343.971641,64274.610855,64042.770418,0.001079,NEAR_RESISTANCE,LONG_PREFERRED,0.002783,0.021382,BULL,3.0,44.0,0.0,100,4.6,True,True,APPROVE,62,"```json
{
  ""direction"": ""LONG"",
  ""confidence"": 62,
  ""long_score"": 72,
  ""short_score"": 28,
  ""preferred_direction"": ""LONG"",
  ""entry_zone_low"": 64450,
  ""entry_zone_high"": 64550,
  ""limit_price"": 64500,
  ""expected_mfe"": 180,
  ""expected_mae"": 120,
  ""reversal_probability"": 15,
  ""exit_style"": ""PATIENT"",
  ""reasons_for_trade"": [
    ""Multi-timeframe agreement is BULL_ALIGNED across 15m, 1h, 4h"",
    ""Market structure bias is BULLISH_STRUCTURE with active HH/HL sequence"",
    ""EMA stack is fully bullish (price above all EMAs, ema9 > ema21 > ema200)"",
    ""Trend health state is BULL with bull_score 9 vs bear_score 3"",
    ""Micro structure confirmed with higher_low detected and liquidity sweep high"",
    ""Orderflow delta positive (10.56) and imbalance favors buyers (0.40)"",
    ""Edge score (4.6) above threshold (3.0) supports bullish bias"",
    ""Price is in mid-stage of impulse with room to run toward recent high (64861)""
  ],
  ""reasons_against_trade"": [
    ""Price is near resistance (0.28% away) which may cause short-term rejection"",
    ""ADX is low (13.31) indicating weak trend momentum - mean reversion risk"",
    ""Reversal risk score is 15, suggesting some caution on extended moves"",
    ""Volume ratio is below 1.0 (0.94), showing no strong volume confirmation"",
    ""Market regime tracker shows recent compression/transition cycles""
  ],
  ""bull_score"": 9,
  ""bear_score"": 3
}
```

**Direction:** LONG  
**Win probability:** 62%  
**Long score:** 72  
**Short score:** 28  
**Bull score:** 9  
**Bear score:** 3  
**Decision:** APPROVE  
**Reason:** Strong bullish alignment across all trend hierarchy layers (MTF, structure, EMA stack, trend health) with positive orderflow and micro structure confirmation. Price is in a mid-impulse position with room to test recent high. The near-resistance location is a minor concern but not enough to override the dominant bullish trend. Low ADX suggests a patient exit style to capture continuation rather than chasing.",64603.54,64709.0,MAKER,TAKER,0.023191,77.46,316.465,2.45,2.45,0.0,0.0,0.0,0.0,16.32,69.189424,PROFIT_LOCK_LADDER,10.560673,0.93768,3.6e-05,0.399923,False,True,"{'price': 64681.0, 'ret_1m': 1.5460729746444033e-05, 'ret_5m': 0.0007271714577466968, 'ema9': 64343.97164103894, 'ema21': 64274.61085482346, 'ema200': 64042.77041777239, 'dist_to_support': 0.021381858660193875, 'dist_to_resistance': 0.0027828883288755586, 'volume': 0.002871998, 'volume_ratio': 0.9376802928388913, 'delta': 10.560672650999935, 'velocity': 3.5569003584689794e-05, 'imbalance': 0.3999229450058141, 'candle_range': 75.4, 'body_ratio': 0.3618820394612302, 'wick_ratio': 0.43811796053876984}",4.6,"{'early_fail_enabled': True, 'invert_signal': False, 'ai_enabled': True, 'edge_threshold': 3.0, 'edge_threshold_max': None, 'edge_range_preset': 'min_only', 'ai_threshold': 44.0, 'leverage': 100, 'pullback_threshold': 0.001}","{'ema9': 64343.97164103894, 'ema21': 64274.61085482346, 'ema200': 64042.77041777239, 'ema_spread': 0.001079, 'ema9_slope_pct': 0.2315, 'ema21_slope_pct': 0.1089, 'ema9_above_ema21': True, 'ema21_above_ema200': True}",MOMENTUM_LONG,4.6,4.6,False,True,INV_False_EF_True,LONG,12,8,SCENARIO_C_EARLY_12_v2_frozen,40.0,10.0,-12.0,2.0,8.0,300,1,2,-32.0,False,False,True,False,480,3,5.0,False,5,0.75,"[[12, 8], [15, 10], [25, 18], [40, 28], [60, 45], [80, 60], [100, 75], [150, 120]]","{""trail_ladder"": [[12, 8], [15, 10], [25, 18], [40, 28], [60, 45], [80, 60], [100, 75], [150, 120]], ""ladder_first_trigger_pct"": 12, ""ladder_first_lock_pct"": 8, ""exit_profile_id"": ""SCENARIO_C_EARLY_12_v2_frozen"", ""peak_never_loser_min_peak"": 40.0, ""peak_never_loser_floor"": 10.0, ""thesis_fast_exit_unreal_pct"": -12.0, ""thesis_mfe_protect_pct"": 2.0, ""thesis_exit_if_above_unreal_pct"": 8.0, ""thesis_min_age_sec"": 300, ""thesis_score_flip_margin"": 1, ""thesis_early_decay_delta"": 2, ""early_fail_pct_threshold"": -32.0, ""type_a_first_candle_enabled"": false, ""type_a_early_fail_enabled"": false, ""scenario_c_exit_profile"": true, ""type_a_stall_enabled"": false, ""type_a_stall_min_age_sec"": 480, ""type_a_stall_min_candles"": 3, ""type_a_stall_max_mfe_pct"": 5.0, ""trend_weakening_enabled"": false, ""spread_penalty_threshold"": 5, ""spread_penalty_margin_mult"": 0.75}",,,
2026-06-22T12:01:42.793335+00:00,cont-1de42c53b178,LONG,64635.38,64757.12,0.511681,18.83,15.0,6,2.83,2.83,0.0,0.0,0.0,0.0,PROFIT_LOCK_LADDER,100,0.63,62,44.0,True,SIM_LIMIT,AI_DIRECT_LIMIT,,,,,0,BULL,SR,60-70,SPAWN,3,3,BULLISH_STRUCTURE,BULL_ALIGNED,15.32,5,9,3,0.01182,bitfinex,tBTCF0:USTF0,v9.83-quality-roster-4-tiles-2026-06-21,BITFINEX_ZERO,v9.83-quality-roster-4-tiles-2026-06-21,CONTINUOUS,Continuous AI Research,APPROVE,64737.0,0.002705,0.021458,NEAR_RESISTANCE,0.002229,0.463671,68.0,0.511682,-5.766192,38.310288,188.232,188.232,188.232,0-5m,AI_DIRECT,AI_DIRECT_CHASE,3,,101.62,0.0,0.3216,0.3216,False,0.0,0.0,0.000189,2.5e-05,0.005267,0.526374,8.170231,0.0,0.25473,64686.0,64407.577313,64309.778463,64051.988451,0.001521,NEAR_RESISTANCE,LONG_PREFERRED,0.002705,0.021458,BULL,3.0,44.0,0.0,100,3.8,True,True,APPROVE,62,"```json
{
  ""direction"": ""LONG"",
  ""confidence"": 62,
  ""long_score"": 72,
  ""short_score"": 28,
  ""preferred_direction"": ""LONG"",
  ""entry_zone_low"": 64450,
  ""entry_zone_high"": 64550,
  ""limit_price"": 64500,
  ""expected_mfe"": 180,
  ""expected_mae"": 80,
  ""reversal_probability"": 15,
  ""exit_style"": ""PATIENT"",
  ""reasons_for_trade"": [
    ""Multi-timeframe agreement is BULL_ALIGNED across 15m, 1h, 4h"",
    ""Market structure bias is BULLISH_STRUCTURE with HH/HL sequence active"",
    ""EMA stack is bullish (price above all EMAs, EMA9 > EMA21 > EMA200)"",
    ""Trend health state is BULL with bull_score 9 vs bear_score 3"",
    ""Micro structure shows higher_low_detected and liquidity_sweep_high, suggesting bullish continuation"",
    ""Edge score (3.8) exceeds threshold (3.0), indicating favorable risk/reward"",
    ""Regime is BULL and trend_health_detail indicates 'Bullish and intact'"",
    ""Distance to support (2.15%) is much larger than distance to resistance (0.27%), suggesting room to run""
  ],
  ""reasons_against_trade"": [
    ""Price is near resistance (dist_to_resistance only 0.27%), increasing rejection risk"",
    ""ADX is low at 15.32 (below 25), indicating weak trend strength and mean reversion risk"",
    ""Volume ratio is low (0.53), suggesting lack of strong participation"",
    ""Market regime tracker shows recent COMPRESSION/TRANSITION cycles, not strong trending"",
    ""Reversal risk score is 15, indicating some reversal probability near resistance""
  ],
  ""bull_score"": 9,
  ""bear_score"": 3
}
```

Direction: LONG
Win probability: 62%
Long score: 72
Short score: 28
Bull score: 9
Bear score: 3
Decision: APPROVE
Reason: Strong bullish alignment across MTF, structure, and EMA stack supports continuation. Price near resistance is a concern but the bullish trend hierarchy dominates. Low ADX suggests caution but not enough to override the clear bullish bias. Entry is set for a pullback below current price to improve risk/reward.",64635.38,64757.12,MAKER,TAKER,0.023171,101.62,188.232,2.83,2.83,0.0,0.0,0.0,0.0,18.83,30.700941,PROFIT_LOCK_LADDER,8.170231,0.526374,2.5e-05,0.25473,False,True,"{'price': 64686.0, 'ret_1m': 0.0, 'ret_5m': -0.00023183567487364956, 'ema9': 64407.577312831156, 'ema21': 64309.77846306585, 'ema200': 64051.98845065089, 'dist_to_support': 0.02145750239619083, 'dist_to_resistance': 0.0027053767430355873, 'volume': 0.0052674290000000006, 'volume_ratio': 0.5263738544380875, 'delta': 8.170230803999903, 'velocity': 2.47428104833122e-05, 'imbalance': 0.2547296109109763, 'candle_range': 68.0, 'body_ratio': 0.418222042009975, 'wick_ratio': 0.381777957990025}",3.8,"{'early_fail_enabled': True, 'invert_signal': False, 'ai_enabled': True, 'edge_threshold': 3.0, 'edge_threshold_max': None, 'edge_range_preset': 'min_only', 'ai_threshold': 44.0, 'leverage': 100, 'pullback_threshold': 0.001}","{'ema9': 64407.577312831156, 'ema21': 64309.77846306585, 'ema200': 64051.98845065089, 'ema_spread': 0.001521, 'ema9_slope_pct': 0.2826, 'ema21_slope_pct': 0.1432, 'ema9_above_ema21': True, 'ema21_above_ema200': True}",MOMENTUM_LONG,3.8,3.8,False,True,INV_False_EF_True,LONG,12,8,SCENARIO_C_EARLY_12_v2_frozen,40.0,10.0,-12.0,2.0,8.0,300,1,2,-32.0,False,False,True,False,480,3,5.0,False,5,0.75,"[[12, 8], [15, 10], [25, 18], [40, 28], [60, 45], [80, 60], [100, 75], [150, 120]]","{""trail_ladder"": [[12, 8], [15, 10], [25, 18], [40, 28], [60, 45], [80, 60], [100, 75], [150, 120]], ""ladder_first_trigger_pct"": 12, ""ladder_first_lock_pct"": 8, ""exit_profile_id"": ""SCENARIO_C_EARLY_12_v2_frozen"", ""peak_never_loser_min_peak"": 40.0, ""peak_never_loser_floor"": 10.0, ""thesis_fast_exit_unreal_pct"": -12.0, ""thesis_mfe_protect_pct"": 2.0, ""thesis_exit_if_above_unreal_pct"": 8.0, ""thesis_min_age_sec"": 300, ""thesis_score_flip_margin"": 1, ""thesis_early_decay_delta"": 2, ""early_fail_pct_threshold"": -32.0, ""type_a_first_candle_enabled"": false, ""type_a_early_fail_enabled"": false, ""scenario_c_exit_profile"": true, ""type_a_stall_enabled"": false, ""type_a_stall_min_age_sec"": 480, ""type_a_stall_min_candles"": 3, ""type_a_stall_max_mfe_pct"": 5.0, ""trend_weakening_enabled"": false, ""spread_penalty_threshold"": 5, ""spread_penalty_margin_mult"": 0.75}",,,
2026-06-22T12:12:37.207817+00:00,cont-73b49f4587e1,LONG,64749.97,64797.0,2.2386,7.26,15.0,6,1.09,1.09,0.0,0.0,0.0,0.0,PROFIT_LOCK_LADDER,100,0.24,62,44.0,True,SIM_LIMIT,AI_DIRECT_LIMIT,,,,,0,BULL,SR,60-70,SPAWN,3,3,BULLISH_STRUCTURE,BULL_ALIGNED,17.69,5,9,3,0.01182,bitfinex,tBTCF0:USTF0,v9.83-quality-roster-4-tiles-2026-06-21,BITFINEX_ZERO,v9.83-quality-roster-4-tiles-2026-06-21,CONTINUOUS,Continuous AI Research,APPROVE,64768.0,0.003057,0.022696,NEAR_RESISTANCE,0.002067,0.694691,68.7,2.238601,-2.926642,12.977612,359.395,359.395,359.395,5-15m,AI_DIRECT,AI_DIRECT_CHASE,3,,18.03,0.0,0.0,0.0,False,0.0,0.0,0.000827,1.9e-05,0.0142,0.000971,23.377958,0.0,0.454657,64768.0,64487.06185,64355.14571,64063.782319,0.00205,NEAR_RESISTANCE,LONG_PREFERRED,0.003057,0.022696,BULL,3.0,44.0,0.0,100,4.2,True,True,APPROVE,62,"```json
{
  ""direction"": ""LONG"",
  ""confidence"": 62,
  ""long_score"": 72,
  ""short_score"": 28,
  ""preferred_direction"": ""LONG"",
  ""entry_zone_low"": 64650,
  ""entry_zone_high"": 64720,
  ""limit_price"": 64685,
  ""expected_mfe"": 120,
  ""expected_mae"": 80,
  ""reversal_probability"": 33,
  ""exit_style"": ""PATIENT"",
  ""reasons_for_trade"": [
    ""Multi-timeframe agreement is BULL_ALIGNED (15m, 1h, 4h all bullish)"",
    ""Market structure bias is BULLISH_STRUCTURE with HH/HL sequence active"",
    ""EMA stack is bullish (price above all EMAs, EMA9 > EMA21 > EMA200)"",
    ""Trend health state is BULL with bull_score 9 vs bear_score 3"",
    ""Higher low detected and micro structure supports continuation"",
    ""Edge score (4.2) above threshold (3.0) indicating favorable risk/reward"",
    ""Price is in early stage of bull move with compression regime suggesting breakout potential""
  ],
  ""reasons_against_trade"": [
    ""ADX at 17.69 is below 25, indicating non-trending/mean reversion risk"",
    ""Price is near resistance (0.3% away) which may cause short-term rejection"",
    ""Volume ratio is very low (0.001), suggesting lack of conviction"",
    ""Reversal risk score of 33 indicates moderate pullback probability"",
    ""Funding rate positive (0.01182% per 8h) means longs pay shorts, slight headwind""
  ],
  ""bull_score"": 9,
  ""bear_score"": 3
}
```",64749.97,64797.0,MAKER,TAKER,0.02316,18.03,359.395,1.09,1.09,0.0,0.0,0.0,0.0,7.26,134.316074,PROFIT_LOCK_LADDER,23.377958,0.000971,1.9e-05,0.454657,False,True,"{'price': 64768.0, 'ret_1m': -0.0001389382033746546, 'ret_5m': 0.000308889849879533, 'ema9': 64487.06185026493, 'ema21': 64355.14571023036, 'ema200': 64063.782319241516, 'dist_to_support': 0.022696393280632412, 'dist_to_resistance': 0.0030570652173913045, 'volume': 0.014199987000000002, 'volume_ratio': 0.0009709100714223458, 'delta': 23.377957868999847, 'velocity': 1.8543096002302972e-05, 'imbalance': 0.4546574995235435, 'candle_range': 68.7, 'body_ratio': 0.41234616172828475, 'wick_ratio': 0.38765383827171523}",4.2,"{'early_fail_enabled': True, 'invert_signal': False, 'ai_enabled': True, 'edge_threshold': 3.0, 'edge_threshold_max': None, 'edge_range_preset': 'min_only', 'ai_threshold': 44.0, 'leverage': 100, 'pullback_threshold': 0.001}","{'ema9': 64487.06185026493, 'ema21': 64355.14571023036, 'ema200': 64063.782319241516, 'ema_spread': 0.00205, 'ema9_slope_pct': 0.3511, 'ema21_slope_pct': 0.1876, 'ema9_above_ema21': True, 'ema21_above_ema200': True}",MOMENTUM_LONG,4.2,4.2,False,True,INV_False_EF_True,LONG,12,8,SCENARIO_C_EARLY_12_v2_frozen,40.0,10.0,-12.0,2.0,8.0,300,1,2,-32.0,False,False,True,False,480,3,5.0,False,5,0.75,"[[12, 8], [15, 10], [25, 18], [40, 28], [60, 45], [80, 60], [100, 75], [150, 120]]","{""trail_ladder"": [[12, 8], [15, 10], [25, 18], [40, 28], [60, 45], [80, 60], [100, 75], [150, 120]], ""ladder_first_trigger_pct"": 12, ""ladder_first_lock_pct"": 8, ""exit_profile_id"": ""SCENARIO_C_EARLY_12_v2_frozen"", ""peak_never_loser_min_peak"": 40.0, ""peak_never_loser_floor"": 10.0, ""thesis_fast_exit_unreal_pct"": -12.0, ""thesis_mfe_protect_pct"": 2.0, ""thesis_exit_if_above_unreal_pct"": 8.0, ""thesis_min_age_sec"": 300, ""thesis_score_flip_margin"": 1, ""thesis_early_decay_delta"": 2, ""early_fail_pct_threshold"": -32.0, ""type_a_first_candle_enabled"": false, ""type_a_early_fail_enabled"": false, ""scenario_c_exit_profile"": true, ""type_a_stall_enabled"": false, ""type_a_stall_min_age_sec"": 480, ""type_a_stall_min_candles"": 3, ""type_a_stall_max_mfe_pct"": 5.0, ""trend_weakening_enabled"": false, ""spread_penalty_threshold"": 5, ""spread_penalty_margin_mult"": 0.75}",,,
2026-06-22T12:22:28.714897+00:00,cont-09996ebc481a,LONG,64761.25,64813.0,6.77597,7.97,15.0,6,1.2,1.2,0.0,0.0,0.0,0.0,PROFIT_LOCK_LADDER,100,0.27,62,44.0,True,SIM_LIMIT,AI_DIRECT_LIMIT,,,,,0,BULL,SR,60-70,SPAWN,3,3,BULLISH_STRUCTURE,BULL_ALIGNED,17.69,5,9,3,0.01182,bitfinex,tBTCF0:USTF0,v9.83-quality-roster-4-tiles-2026-06-21,BITFINEX_ZERO,v9.83-quality-roster-4-tiles-2026-06-21,CONTINUOUS,Continuous AI Research,APPROVE,64833.0,0.002283,0.02345,NEAR_RESISTANCE,0.002368,1.0,68.7,6.775971,-5.751896,12.160049,86.433,86.433,86.433,0-5m,AI_DIRECT,AI_DIRECT_CHASE,2,,71.75,0.0,0.0,0.0,False,0.0,0.0,0.0025,6.2e-05,0.019222,0.436111,23.856993,0.0,0.42734,64833.0,64491.86185,64357.327528,64064.021125,0.00209,NEAR_RESISTANCE,LONG_PREFERRED,0.002283,0.02345,BULL,3.0,44.0,0.0,100,5.0,True,True,APPROVE,62,"```json
{
  ""direction"": ""LONG"",
  ""confidence"": 62,
  ""long_score"": 72,
  ""short_score"": 28,
  ""preferred_direction"": ""LONG"",
  ""entry_zone_low"": 64650,
  ""entry_zone_high"": 64750,
  ""limit_price"": 64700,
  ""expected_mfe"": 120,
  ""expected_mae"": 80,
  ""reversal_probability"": 15,
  ""exit_style"": ""PATIENT"",
  ""reasons_for_trade"": [
    ""Multi-timeframe agreement is BULL_ALIGNED across 15m, 1h, 4h"",
    ""Market structure bias is BULLISH_STRUCTURE with active HH/HL sequence"",
    ""EMA stack is fully bullish (price above all EMAs, 9>21>200)"",
    ""Trend health state is BULL with bull_score 9 vs bear_score 3"",
    ""Higher low detected at micro support 64110, price rejecting upward"",
    ""Liquidity sweep of recent high suggests continuation momentum"",
    ""Volume ratio above 1.0 (1.29) supporting bullish orderflow"",
    ""Positive delta (23.87) and imbalance (0.43) favoring buyers"",
    ""Edge score (5.0) above threshold (3.0) indicating favorable setup""
  ],
  ""reasons_against_trade"": [
    ""Price is near resistance (0.24% away) which may cause short-term rejection"",
    ""ADX at 17.69 is below 25, indicating non-trending/mean-reversion risk"",
    ""Reversal risk score is 15, suggesting some caution on pullback depth"",
    ""Entry stage is MID, not early, reducing potential reward"",
    ""Funding rate positive (0.01182% per 8h) means longs pay shorts, slight headwind""
  ],
  ""bull_score"": 9,
  ""bear_score"": 3
}
```",64761.25,64813.0,MAKER,TAKER,0.023136,71.75,86.433,1.2,1.2,0.0,0.0,0.0,0.0,7.97,406.558306,PROFIT_LOCK_LADDER,23.856993,0.436111,6.2e-05,0.42734,False,True,"{'price': 64833.0, 'ret_1m': 0.0002314171989262242, 'ret_5m': 0.0002468488205254794, 'ema9': 64491.86185026493, 'ema21': 64357.32752841218, 'ema200': 64064.021125211664, 'dist_to_support': 0.023450276157857386, 'dist_to_resistance': 0.0022833163627387454, 'volume': 0.019221821, 'volume_ratio': 0.43611135276525737, 'delta': 23.856992605999913, 'velocity': 6.173282734116598e-05, 'imbalance': 0.42734015189255103, 'candle_range': 68.7, 'body_ratio': 0.41234616172828475, 'wick_ratio': 0.38765383827171523}",5.0,"{'early_fail_enabled': True, 'invert_signal': False, 'ai_enabled': True, 'edge_threshold': 3.0, 'edge_threshold_max': None, 'edge_range_preset': 'min_only', 'ai_threshold': 44.0, 'leverage': 100, 'pullback_threshold': 0.001}","{'ema9': 64491.86185026493, 'ema21': 64357.32752841218, 'ema200': 64064.021125211664, 'ema_spread': 0.00209, 'ema9_slope_pct': 0.3585, 'ema21_slope_pct': 0.1909, 'ema9_above_ema21': True, 'ema21_above_ema200': True}",MOMENTUM_LONG,5.0,5.0,False,True,INV_False_EF_True,LONG,12,8,SCENARIO_C_EARLY_12_v2_frozen,40.0,10.0,-12.0,2.0,8.0,300,1,2,-32.0,False,False,True,False,480,3,5.0,False,5,0.75,"[[12, 8], [15, 10], [25, 18], [40, 28], [60, 45], [80, 60], [100, 75], [150, 120]]","{""trail_ladder"": [[12, 8], [15, 10], [25, 18], [40, 28], [60, 45], [80, 60], [100, 75], [150, 120]], ""ladder_first_trigger_pct"": 12, ""ladder_first_lock_pct"": 8, ""exit_profile_id"": ""SCENARIO_C_EARLY_12_v2_frozen"", ""peak_never_loser_min_peak"": 40.0, ""peak_never_loser_floor"": 10.0, ""thesis_fast_exit_unreal_pct"": -12.0, ""thesis_mfe_protect_pct"": 2.0, ""thesis_exit_if_above_unreal_pct"": 8.0, ""thesis_min_age_sec"": 300, ""thesis_score_flip_margin"": 1, ""thesis_early_decay_delta"": 2, ""early_fail_pct_threshold"": -32.0, ""type_a_first_candle_enabled"": false, ""type_a_early_fail_enabled"": false, ""scenario_c_exit_profile"": true, ""type_a_stall_enabled"": false, ""type_a_stall_min_age_sec"": 480, ""type_a_stall_min_candles"": 3, ""type_a_stall_max_mfe_pct"": 5.0, ""trend_weakening_enabled"": false, ""spread_penalty_threshold"": 5, ""spread_penalty_margin_mult"": 0.75}",,,
2026-06-22T12:34:37.343129+00:00,cont-f740242af42c,LONG,64916.11,64964.0,3.918012,7.37,15.0,6,1.11,1.11,0.0,0.0,0.0,0.0,PROFIT_LOCK_LADDER,100,0.25,62,44.0,True,SIM_LIMIT,AI_DIRECT_LIMIT,,,,,0,BULL,SR,60-70,SPAWN,3,3,BULLISH_STRUCTURE,BULL_ALIGNED,20.09,5,9,3,0.01182,bitfinex,tBTCF0:USTF0,v9.83-quality-roster-4-tiles-2026-06-21,BITFINEX_ZERO,v9.83-quality-roster-4-tiles-2026-06-21,CONTINUOUS,Continuous AI Research,APPROVE,64930.0,0.001201,0.02551,NEAR_RESISTANCE,0.003142,0.692958,56.2,3.918013,-6.640879,12.614742,209.696,209.696,209.696,0-5m,AI_DIRECT,AI_DIRECT_CHASE,3,,13.89,0.0,0.0,0.0,False,0.0,0.0,0.001447,0.0,0.00848,0.015824,27.687737,0.0,0.437283,64930.0,64584.64948,64411.744034,64077.237671,0.002684,NEAR_RESISTANCE,LONG_PREFERRED,0.001201,0.02551,BULL,3.0,44.0,0.0,100,4.0,True,True,APPROVE,62,"```json
{
  ""direction"": ""LONG"",
  ""confidence"": 62,
  ""long_score"": 72,
  ""short_score"": 28,
  ""preferred_direction"": ""LONG"",
  ""entry_zone_low"": 64800,
  ""entry_zone_high"": 64900,
  ""limit_price"": 64850,
  ""expected_mfe"": 120,
  ""expected_mae"": 80,
  ""reversal_probability"": 33,
  ""exit_style"": ""PATIENT"",
  ""reasons_for_trade"": [
    ""Multi-timeframe agreement is BULL_ALIGNED across 15m, 1h, 4h"",
    ""Market structure bias is BULLISH_STRUCTURE with HH/HL sequence active"",
    ""EMA stack is fully bullish (price above all EMAs, EMA9 > EMA21 > EMA200)"",
    ""Trend health state is BULL with bull_score 9 vs bear_score 3"",
    ""Higher low detected with liquidity sweep high indicating bullish continuation"",
    ""Orderflow delta positive (27.33) and imbalance leans bullish (0.44)"",
    ""Edge score (4.0) above threshold (3.0) supporting trade quality""
  ],
  ""reasons_against_trade"": [
    ""Price is near resistance (0.12% away) which may cause short-term rejection"",
    ""ADX at 20.09 is below 25, indicating non-trending/compression regime"",
    ""Volume ratio is low (0.25), suggesting lack of strong participation"",
    ""Reversal risk score is 33, indicating moderate reversal potential"",
    ""Market regime tracker shows COMPRESSION, which can precede sharp moves either way""
  ],
  ""bull_score"": 9,
  ""bear_score"": 3
}
```",64916.11,64964.0,MAKER,TAKER,0.023102,13.89,209.696,1.11,1.11,0.0,0.0,0.0,0.0,7.37,235.080794,PROFIT_LOCK_LADDER,27.687737,0.015824,0.0,0.437283,False,True,"{'price': 64930.0, 'ret_1m': -0.00013859160134895826, 'ret_5m': -0.00032332065711074504, 'ema9': 64584.64948021195, 'ema21': 64411.74403409963, 'ema200': 64077.2376705457, 'dist_to_support': 0.025509968439689015, 'dist_to_resistance': 0.0012008313447771535, 'volume': 0.008479952, 'volume_ratio': 0.015823551928819884, 'delta': 27.687736523000115, 'velocity': 2.788428912372891e-08, 'imbalance': 0.43728282178250605, 'candle_range': 56.2, 'body_ratio': 0.362760391747778, 'wick_ratio': 0.437239608252222}",4.0,"{'early_fail_enabled': True, 'invert_signal': False, 'ai_enabled': True, 'edge_threshold': 3.0, 'edge_threshold_max': None, 'edge_range_preset': 'min_only', 'ai_threshold': 44.0, 'leverage': 100, 'pullback_threshold': 0.001}","{'ema9': 64584.64948021195, 'ema21': 64411.74403409963, 'ema200': 64077.2376705457, 'ema_spread': 0.002684, 'ema9_slope_pct': 0.3756, 'ema21_slope_pct': 0.2141, 'ema9_above_ema21': True, 'ema21_above_ema200': True}",MOMENTUM_LONG,4.0,4.0,False,True,INV_False_EF_True,LONG,12,8,SCENARIO_C_EARLY_12_v2_frozen,40.0,10.0,-12.0,2.0,8.0,300,1,2,-32.0,False,False,True,False,480,3,5.0,False,5,0.75,"[[12, 8], [15, 10], [25, 18], [40, 28], [60, 45], [80, 60], [100, 75], [150, 120]]","{""trail_ladder"": [[12, 8], [15, 10], [25, 18], [40, 28], [60, 45], [80, 60], [100, 75], [150, 120]], ""ladder_first_trigger_pct"": 12, ""ladder_first_lock_pct"": 8, ""exit_profile_id"": ""SCENARIO_C_EARLY_12_v2_frozen"", ""peak_never_loser_min_peak"": 40.0, ""peak_never_loser_floor"": 10.0, ""thesis_fast_exit_unreal_pct"": -12.0, ""thesis_mfe_protect_pct"": 2.0, ""thesis_exit_if_above_unreal_pct"": 8.0, ""thesis_min_age_sec"": 300, ""thesis_score_flip_margin"": 1, ""thesis_early_decay_delta"": 2, ""early_fail_pct_threshold"": -32.0, ""type_a_first_candle_enabled"": false, ""type_a_early_fail_enabled"": false, ""scenario_c_exit_profile"": true, ""type_a_stall_enabled"": false, ""type_a_stall_min_age_sec"": 480, ""type_a_stall_min_candles"": 3, ""type_a_stall_max_mfe_pct"": 5.0, ""trend_weakening_enabled"": false, ""spread_penalty_threshold"": 5, ""spread_penalty_margin_mult"": 0.75}",,,
2026-06-22T12:58:54.565389+00:00,cont-25354e875fec,LONG,65137.0,65202.0,2.848881,9.97,20.0,5,1.99,2.0,0.0,0.0,0.0,0.0,PROFIT_LOCK_LADDER,100,0.33,62,44.0,True,SIM_LIMIT,AI_DIRECT_LIMIT,,,,,0,BULL,SR,60-70,SPAWN,3,3,BULLISH_STRUCTURE,BULL_ALIGNED,25.45,6,8,3,0.01182,bitfinex,tBTCF0:USTF0,v9.83-quality-roster-4-tiles-2026-06-21,BITFINEX_ZERO,v9.83-quality-roster-4-tiles-2026-06-21,CONTINUOUS,Continuous AI Research,APPROVE,65163.0,0.001535,0.028635,NEAR_RESISTANCE,0.003853,1.0,267.8,2.848882,0.0,16.11987,101.743,101.743,101.743,0-5m,AI_DIRECT,AI_DIRECT_CHASE,1,,26.0,0.0,0.0,0.0,False,0.0,0.0,0.001402,-4.4e-05,0.009737,0.010809,0.069754,0.0,0.337211,65163.0,64792.799667,64542.036392,64104.978968,0.003885,NEAR_RESISTANCE,LONG_PREFERRED,0.001535,0.028635,BULL,3.0,44.0,0.0,100,3.2,True,True,APPROVE,62,"```json
{
  ""direction"": ""LONG"",
  ""confidence"": 62,
  ""long_score"": 72,
  ""short_score"": 28,
  ""preferred_direction"": ""LONG"",
  ""entry_zone_low"": 65050,
  ""entry_zone_high"": 65180,
  ""limit_price"": 65115,
  ""expected_mfe"": 120,
  ""expected_mae"": 65,
  ""reversal_probability"": 35,
  ""exit_style"": ""PATIENT"",
  ""reasons_for_trade"": [
    ""Multi-timeframe agreement is BULL_ALIGNED across 15m/1h/4h"",
    ""Market structure bias is BULLISH with HH/HL sequence active"",
    ""EMA stack is bullish (9>21>200) with positive slopes"",
    ""Trend health state is BULL with bull_score 10 vs bear_score 3"",
    ""ADX at 25.45 indicates trending conditions favoring continuation"",
    ""Volume ratio 2.06 confirms strong participation in current move"",
    ""Delta positive at 0.085 suggests buying pressure"",
    ""Higher low detected at micro support 64110, price bouncing from it"",
    ""Liquidity sweep of recent high suggests absorption of sell-side liquidity"",
    ""Edge score 3.2 above threshold 3.0 supports trade viability""
  ],
  ""reasons_against_trade"": [
    ""Price is near resistance (0.07% away) which may cause short-term rejection"",
    ""Velocity is slightly negative (-0.004%) indicating minor pullback risk"",
    ""Reversal risk score of 35 suggests some probability of mean reversion"",
    ""Entry stage is MID, not ideal for maximum risk/reward"",
    ""Funding rate positive (0.01182% per 8h) means longs pay shorts, slight headwind""
  ],
  ""bull_score"": 8,
  ""bear_score"": 3
}
```

**Direction:** LONG  
**Win probability:** 62%  
**Long score:** 72  
**Short score:** 28  
**Bull score:** 8/10  
**Bear score:** 3/10  
**Decision:** APPROVE  
**Reason:** Strong bullish alignment across all trend hierarchy layers (MTF, structure, EMA, ADX) with positive orderflow and volume confirmation. Price is in a pullback from resistance, offering a continuation entry near micro support. The slight proximity to resistance is a timing concern but does not override the dominant trend. Entry zone set below current price for a pullback fill.",65137.0,65202.0,MAKER,TAKER,0.030692,26.0,101.743,1.99,2.0,0.0,0.0,0.0,0.0,9.97,170.933012,PROFIT_LOCK_LADDER,0.069754,0.010809,-4.4e-05,0.337211,False,True,"{'price': 65163.0, 'ret_1m': 6.138829632130635e-05, 'ret_5m': -0.0015475606766364306, 'ema9': 64792.799667335654, 'ema21': 64542.0363918241, 'ema200': 64104.978967858566, 'dist_to_support': 0.0286354428825732, 'dist_to_resistance': 0.0015345896507273954, 'volume': 0.009736641, 'volume_ratio': 0.010809154868849742, 'delta': 0.069754202, 'velocity': -4.448687993490333e-05, 'imbalance': 0.33721149609390544, 'candle_range': 267.8, 'body_ratio': 0.442772598873864, 'wick_ratio': 0.557227401126136}",3.2,"{'early_fail_enabled': True, 'invert_signal': False, 'ai_enabled': True, 'edge_threshold': 3.0, 'edge_threshold_max': None, 'edge_range_preset': 'min_only', 'ai_threshold': 44.0, 'leverage': 100, 'pullback_threshold': 0.001}","{'ema9': 64792.799667335654, 'ema21': 64542.0363918241, 'ema200': 64104.978967858566, 'ema_spread': 0.003885, 'ema9_slope_pct': 0.4663, 'ema21_slope_pct': 0.2869, 'ema9_above_ema21': True, 'ema21_above_ema200': True}",WEAK_SETUP,3.2,3.2,False,True,INV_False_EF_True,LONG,12,8,SCENARIO_C_EARLY_12_v2_frozen,40.0,10.0,-12.0,2.0,8.0,300,1,2,-32.0,False,False,True,False,480,3,5.0,False,5,0.75,"[[12, 8], [15, 10], [25, 18], [40, 28], [60, 45], [80, 60], [100, 75], [150, 120]]","{""trail_ladder"": [[12, 8], [15, 10], [25, 18], [40, 28], [60, 45], [80, 60], [100, 75], [150, 120]], ""ladder_first_trigger_pct"": 12, ""ladder_first_lock_pct"": 8, ""exit_profile_id"": ""SCENARIO_C_EARLY_12_v2_frozen"", ""peak_never_loser_min_peak"": 40.0, ""peak_never_loser_floor"": 10.0, ""thesis_fast_exit_unreal_pct"": -12.0, ""thesis_mfe_protect_pct"": 2.0, ""thesis_exit_if_above_unreal_pct"": 8.0, ""thesis_min_age_sec"": 300, ""thesis_score_flip_margin"": 1, ""thesis_early_decay_delta"": 2, ""early_fail_pct_threshold"": -32.0, ""type_a_first_candle_enabled"": false, ""type_a_early_fail_enabled"": false, ""scenario_c_exit_profile"": true, ""type_a_stall_enabled"": false, ""type_a_stall_min_age_sec"": 480, ""type_a_stall_min_candles"": 3, ""type_a_stall_max_mfe_pct"": 5.0, ""trend_weakening_enabled"": false, ""spread_penalty_threshold"": 5, ""spread_penalty_margin_mult"": 0.75}",,,
2026-06-22T13:04:29.680731+00:00,cont-407efc103f25,LONG,65094.11,65166.0,1.289553,11.04,20.0,5,2.21,2.21,0.0,0.0,0.0,0.0,PROFIT_LOCK_LADDER,100,0.37,62,44.0,True,SIM_LIMIT,AI_DIRECT_LIMIT,,,,,0,BULL,SR,60-70,SPAWN,3,3,BULLISH_STRUCTURE,BULL_ALIGNED,27.9,6,8,3,0.01182,bitfinex,tBTCF0:USTF0,v9.83-quality-roster-4-tiles-2026-06-21,BITFINEX_ZERO,v9.83-quality-roster-4-tiles-2026-06-21,CONTINUOUS,Continuous AI Research,APPROVE,65141.0,0.001888,0.028292,NEAR_RESISTANCE,0.004148,1.0,265.6,1.289554,0.0,16.420841,142.342,142.342,142.342,0-5m,AI_DIRECT,AI_DIRECT_CHASE,3,,46.89,0.0,0.0,0.0,False,0.0,0.0,0.000635,-1.4e-05,0.00385,0.108002,-0.695777,0.0,0.256707,65141.0,64861.719734,64596.140521,64117.043506,0.004111,NEAR_RESISTANCE,LONG_PREFERRED,0.001888,0.028292,BULL,3.0,44.0,0.0,100,4.8,True,True,APPROVE,62,"```json
{
  ""direction"": ""LONG"",
  ""confidence"": 62,
  ""long_score"": 72,
  ""short_score"": 28,
  ""preferred_direction"": ""LONG"",
  ""entry_zone_low"": 64950,
  ""entry_zone_high"": 65100,
  ""limit_price"": 65025,
  ""expected_mfe"": 180,
  ""expected_mae"": 120,
  ""reversal_probability"": 61,
  ""exit_style"": ""PATIENT"",
  ""reasons_for_trade"": [
    ""Multi-timeframe agreement is BULL_ALIGNED across 15m/1h/4h"",
    ""Market structure is BULLISH with active HH/HL sequence and structure_score=3"",
    ""EMA stack is fully bullish (price > EMA9 > EMA21 > EMA200, all slopes positive)"",
    ""Trend health state is BULL with bull_score=10 vs bear_score=3"",
    ""ADX=27.9 confirms trending market favoring continuation"",
    ""Higher low detected at 64110 with liquidity sweep of recent high (bullish micro structure)"",
    ""Edge_score=4.8 above threshold of 3.0, supporting trade quality"",
    ""Regime is BULL and market_structure_shift is BULL_CONTINUATION""
  ],
  ""reasons_against_trade"": [
    ""Price is near resistance (0.19% away) which may cause rejection"",
    ""Reversal risk score is elevated at 61, suggesting potential exhaustion"",
    ""Volume ratio is very low (0.108), indicating weak participation"",
    ""Delta is negative (-0.696) showing selling pressure on current candle"",
    ""Velocity is slightly negative (-0.0014%), short-term momentum fading"",
    ""Market regime tracker shows recent shift from TRENDING to COMPRESSION""
  ],
  ""bull_score"": 8,
  ""bear_score"": 3
}
```",65094.11,65166.0,MAKER,TAKER,0.030703,46.89,142.342,2.21,2.21,0.0,0.0,0.0,0.0,11.04,77.373268,PROFIT_LOCK_LADDER,-0.695777,0.108002,-1.4e-05,0.256707,False,True,"{'price': 65141.0, 'ret_1m': 0.00036856734800436137, 'ret_5m': -0.00030693206058838874, 'ema9': 64861.71973386853, 'ema21': 64596.14052149464, 'ema200': 64117.0435060147, 'dist_to_support': 0.02829247325033389, 'dist_to_resistance': 0.001888211725334275, 'volume': 0.0038501749999999995, 'volume_ratio': 0.10800213991119936, 'delta': -0.6957774230000003, 'velocity': -1.380017762676043e-05, 'imbalance': 0.25670660014759006, 'candle_range': 265.6, 'body_ratio': 0.47351124712663645, 'wick_ratio': 0.5264887528733635}",4.8,"{'early_fail_enabled': True, 'invert_signal': False, 'ai_enabled': True, 'edge_threshold': 3.0, 'edge_threshold_max': None, 'edge_range_preset': 'min_only', 'ai_threshold': 44.0, 'leverage': 100, 'pullback_threshold': 0.001}","{'ema9': 64861.71973386853, 'ema21': 64596.14052149464, 'ema200': 64117.0435060147, 'ema_spread': 0.004111, 'ema9_slope_pct': 0.4187, 'ema21_slope_pct': 0.2816, 'ema9_above_ema21': True, 'ema21_above_ema200': True}",MOMENTUM_SHORT,4.8,4.8,False,True,INV_False_EF_True,LONG,12,8,SCENARIO_C_EARLY_12_v2_frozen,40.0,10.0,-12.0,2.0,8.0,300,1,2,-32.0,False,False,True,False,480,3,5.0,False,5,0.75,"[[12, 8], [15, 10], [25, 18], [40, 28], [60, 45], [80, 60], [100, 75], [150, 120]]","{""trail_ladder"": [[12, 8], [15, 10], [25, 18], [40, 28], [60, 45], [80, 60], [100, 75], [150, 120]], ""ladder_first_trigger_pct"": 12, ""ladder_first_lock_pct"": 8, ""exit_profile_id"": ""SCENARIO_C_EARLY_12_v2_frozen"", ""peak_never_loser_min_peak"": 40.0, ""peak_never_loser_floor"": 10.0, ""thesis_fast_exit_unreal_pct"": -12.0, ""thesis_mfe_protect_pct"": 2.0, ""thesis_exit_if_above_unreal_pct"": 8.0, ""thesis_min_age_sec"": 300, ""thesis_score_flip_margin"": 1, ""thesis_early_decay_delta"": 2, ""early_fail_pct_threshold"": -32.0, ""type_a_first_candle_enabled"": false, ""type_a_early_fail_enabled"": false, ""scenario_c_exit_profile"": true, ""type_a_stall_enabled"": false, ""type_a_stall_min_age_sec"": 480, ""type_a_stall_min_candles"": 3, ""type_a_stall_max_mfe_pct"": 5.0, ""trend_weakening_enabled"": false, ""spread_penalty_threshold"": 5, ""spread_penalty_margin_mult"": 0.75}",,,
2026-06-22T13:15:04.140543+00:00,cont-0521baf64e24,LONG,65101.21,65163.0,2.565963,9.48,20.0,5,1.9,1.9,0.0,0.0,0.0,0.0,PROFIT_LOCK_LADDER,100,0.32,62,44.0,True,SIM_LIMIT,AI_DIRECT_LIMIT,,,,,0,BULL,SR,60-70,SPAWN,3,3,BULLISH_STRUCTURE,BULL_ALIGNED,27.9,6,8,3,0.01182,bitfinex,tBTCF0:USTF0,v9.83-quality-roster-4-tiles-2026-06-21,BITFINEX_ZERO,v9.83-quality-roster-4-tiles-2026-06-21,CONTINUOUS,Continuous AI Research,APPROVE,65106.0,0.002427,0.02777,NEAR_RESISTANCE,0.004207,0.829761,265.6,2.565964,0.0,20.858291,307.709,307.709,307.709,5-15m,AI_DIRECT,AI_DIRECT_CHASE,6,,4.79,0.0,0.0,0.0,False,0.0,0.0,0.001264,2.5e-05,0.003844,0.020026,-2.080894,0.0,0.452936,65106.0,64863.319734,64596.867794,64117.123108,0.004125,NEAR_RESISTANCE,LONG_PREFERRED,0.002427,0.02777,BULL,3.0,44.0,0.0,100,3.2,True,True,APPROVE,62,"```json
{
  ""direction"": ""LONG"",
  ""confidence"": 62,
  ""long_score"": 72,
  ""short_score"": 28,
  ""preferred_direction"": ""LONG"",
  ""entry_zone_low"": 64850,
  ""entry_zone_high"": 65050,
  ""limit_price"": 64950,
  ""expected_mfe"": 180,
  ""expected_mae"": 120,
  ""reversal_probability"": 61,
  ""exit_style"": ""PATIENT"",
  ""reasons_for_trade"": [
    ""Multi-timeframe agreement is BULL_ALIGNED (15m, 1h, 4h all bullish)"",
    ""Market structure bias is BULLISH_STRUCTURE with HH/HL sequence active"",
    ""EMA stack is fully bullish (price above all EMAs, EMA9 > EMA21 > EMA200)"",
    ""Trend health state is BULL with bull_score 10 vs bear_score 3"",
    ""ADX at 27.9 indicates trending market favoring continuation"",
    ""Higher low detected and micro structure shows LEAN_BULL bias"",
    ""Edge score (3.2) exceeds threshold (3.0), suggesting favorable risk/reward"",
    ""Price is in early stage of bull move with compression regime suggesting breakout potential""
  ],
  ""reasons_against_trade"": [
    ""Price is near resistance (0.18% away), increasing rejection risk"",
    ""Reversal risk score is elevated at 61, indicating potential pullback"",
    ""Velocity is slightly negative (-0.007%), showing minor short-term weakness"",
    ""Delta is negative (-1.73), suggesting some selling pressure"",
    ""Volume ratio is very low (0.0035), indicating low participation in current move""
  ],
  ""bull_score"": 8,
  ""bear_score"": 3
}
```

**Direction:** LONG  
**Win probability:** 62%  
**Long score:** 72  
**Short score:** 28  
**Bull score:** 8/10  
**Bear score:** 3/10  
**Decision:** APPROVE  
**Reason:** Strong bullish alignment across all trend hierarchy layers (MTF, structure, EMA, ADX) supports continuation. Price is in early stage of bull move with compression regime. While near resistance and showing minor weakness signals, the trend strength and structure bias outweigh these concerns. Entry on pullback to 64950 allows for better risk/reward. The elevated reversal risk (61) is noted but does not override the dominant bullish trend.",65101.21,65163.0,MAKER,TAKER,0.030719,4.79,307.709,1.9,1.9,0.0,0.0,0.0,0.0,9.48,153.957873,PROFIT_LOCK_LADDER,-2.080894,0.020026,2.5e-05,0.452936,False,True,"{'price': 65106.0, 'ret_1m': 0.0, 'ret_5m': 0.00041488037615820773, 'ema9': 64863.31973386853, 'ema21': 64596.867794221915, 'ema200': 64117.123108004744, 'dist_to_support': 0.02777009799404049, 'dist_to_resistance': 0.002426811660983627, 'volume': 0.0038442409999999995, 'volume_ratio': 0.020025641560495504, 'delta': -2.080893876000001, 'velocity': 2.459801433945091e-05, 'imbalance': 0.45293591073806444, 'candle_range': 265.6, 'body_ratio': 0.47351124712663645, 'wick_ratio': 0.5264887528733635}",3.2,"{'early_fail_enabled': True, 'invert_signal': False, 'ai_enabled': True, 'edge_threshold': 3.0, 'edge_threshold_max': None, 'edge_range_preset': 'min_only', 'ai_threshold': 44.0, 'leverage': 100, 'pullback_threshold': 0.001}","{'ema9': 64863.31973386853, 'ema21': 64596.867794221915, 'ema200': 64117.123108004744, 'ema_spread': 0.004125, 'ema9_slope_pct': 0.4212, 'ema21_slope_pct': 0.2827, 'ema9_above_ema21': True, 'ema21_above_ema200': True}",WEAK_SETUP,3.2,3.2,False,True,INV_False_EF_True,LONG,12,8,SCENARIO_C_EARLY_12_v2_frozen,40.0,10.0,-12.0,2.0,8.0,300,1,2,-32.0,False,False,True,False,480,3,5.0,False,5,0.75,"[[12, 8], [15, 10], [25, 18], [40, 28], [60, 45], [80, 60], [100, 75], [150, 120]]","{""trail_ladder"": [[12, 8], [15, 10], [25, 18], [40, 28], [60, 45], [80, 60], [100, 75], [150, 120]], ""ladder_first_trigger_pct"": 12, ""ladder_first_lock_pct"": 8, ""exit_profile_id"": ""SCENARIO_C_EARLY_12_v2_frozen"", ""peak_never_loser_min_peak"": 40.0, ""peak_never_loser_floor"": 10.0, ""thesis_fast_exit_unreal_pct"": -12.0, ""thesis_mfe_protect_pct"": 2.0, ""thesis_exit_if_above_unreal_pct"": 8.0, ""thesis_min_age_sec"": 300, ""thesis_score_flip_margin"": 1, ""thesis_early_decay_delta"": 2, ""early_fail_pct_threshold"": -32.0, ""type_a_first_candle_enabled"": false, ""type_a_early_fail_enabled"": false, ""scenario_c_exit_profile"": true, ""type_a_stall_enabled"": false, ""type_a_stall_min_age_sec"": 480, ""type_a_stall_min_candles"": 3, ""type_a_stall_max_mfe_pct"": 5.0, ""trend_weakening_enabled"": false, ""spread_penalty_threshold"": 5, ""spread_penalty_margin_mult"": 0.75}",,,
2026-06-22T13:28:40.693941+00:00,cont-6f15e21708a1,LONG,65057.31,65018.0,0.318524,-6.04,15.0,7,-0.91,-0.91,0.0,0.0,0.0,0.0,THESIS_FAST_CUT,100,0.2,62,44.0,True,SIM_LIMIT,AI_DIRECT_LIMIT,,,,,0,BULL,SR,60-70,SPAWN,3,3,BULLISH_STRUCTURE,BULL_ALIGNED,30.12,6,10,3,0.01182,bitfinex,tBTCF0:USTF0,v9.83-quality-roster-4-tiles-2026-06-21,BITFINEX_ZERO,v9.83-quality-roster-4-tiles-2026-06-21,CONTINUOUS,Continuous AI Research,APPROVE,65116.0,0.002273,0.027919,NEAR_RESISTANCE,0.004135,1.0,246.5,0.318525,-12.498211,0.720903,361.915,361.915,361.915,5-15m,AI_DIRECT,AI_DIRECT_CHASE,3,,58.69,0.0,0.0,0.0,False,0.0,0.0,0.000118,-4.8e-05,0.009289,0.01407,0.120998,0.0,0.760039,65116.0,64908.895787,64642.045102,64128.701734,0.004128,NEAR_RESISTANCE,LONG_PREFERRED,0.002273,0.027919,BULL,3.0,44.0,0.0,100,4.1,True,True,APPROVE,62,"```json
{
  ""direction"": ""LONG"",
  ""confidence"": 62,
  ""long_score"": 72,
  ""short_score"": 28,
  ""preferred_direction"": ""LONG"",
  ""entry_zone_low"": 64900,
  ""entry_zone_high"": 65050,
  ""limit_price"": 64975,
  ""expected_mfe"": 180,
  ""expected_mae"": 120,
  ""reversal_probability"": 33,
  ""exit_style"": ""PATIENT"",
  ""reasons_for_trade"": [
    ""Multi-timeframe agreement is BULL_ALIGNED across 15m/1h/4h"",
    ""Market structure bias is BULLISH_STRUCTURE with active HH/HL sequence"",
    ""EMA stack is fully bullish (price > EMA9 > EMA21 > EMA200, all slopes positive)"",
    ""Trend health state is BULL with bull_score=10 vs bear_score=3"",
    ""ADX=30.12 indicates strong trending market favoring continuation"",
    ""Higher low detected at 64110, micro structure supports continuation"",
    ""Edge score 4.1 above threshold 3.0, indicating favorable risk/reward setup"",
    ""Funding rate positive (0.01182% per 8h) but moderate, not extreme""
  ],
  ""reasons_against_trade"": [
    ""Price is very close to micro resistance at 65264 (0.18% away), limiting upside"",
    ""Volume ratio is very low (0.011), suggesting lack of conviction on current move"",
    ""Reversal risk score is 33, indicating some probability of rejection at resistance"",
    ""Market regime tracker shows COMPRESSION, which could precede either breakout or reversal"",
    ""Distance to support is large (2.84%), making pullback risk significant if resistance holds""
  ],
  ""bull_score"": 10,
  ""bear_score"": 3
}
```",65057.31,65018.0,MAKER,TAKER,0.023036,58.69,361.915,-0.91,-0.91,0.0,0.0,0.0,0.0,-6.04,19.111556,THESIS_FAST_CUT,0.120998,0.01407,-4.8e-05,0.760039,False,True,"{'price': 65116.0, 'ret_1m': -0.00032239740853892565, 'ret_5m': 0.0002150471567693773, 'ema9': 64908.89578709483, 'ema21': 64642.045102187825, 'ema200': 64128.70173398716, 'dist_to_support': 0.027919405368880153, 'dist_to_resistance': 0.0022728668837152157, 'volume': 0.009288648, 'volume_ratio': 0.014070372263807675, 'delta': 0.12099837600000003, 'velocity': -4.7577502147227915e-05, 'imbalance': 0.7600385443912757, 'candle_range': 246.5, 'body_ratio': 0.4783106075330636, 'wick_ratio': 0.5216893924669364}",4.1,"{'early_fail_enabled': True, 'invert_signal': False, 'ai_enabled': True, 'edge_threshold': 3.0, 'edge_threshold_max': None, 'edge_range_preset': 'min_only', 'ai_threshold': 44.0, 'leverage': 100, 'pullback_threshold': 0.001}","{'ema9': 64908.89578709483, 'ema21': 64642.045102187825, 'ema200': 64128.70173398716, 'ema_spread': 0.004128, 'ema9_slope_pct': 0.3337, 'ema21_slope_pct': 0.2559, 'ema9_above_ema21': True, 'ema21_above_ema200': True}",WEAK_SETUP,4.1,4.1,False,True,INV_False_EF_True,LONG,12,8,SCENARIO_C_EARLY_12_v2_frozen,40.0,10.0,-12.0,2.0,8.0,300,1,2,-32.0,False,False,True,False,480,3,5.0,False,5,0.75,"[[12, 8], [15, 10], [25, 18], [40, 28], [60, 45], [80, 60], [100, 75], [150, 120]]","{""trail_ladder"": [[12, 8], [15, 10], [25, 18], [40, 28], [60, 45], [80, 60], [100, 75], [150, 120]], ""ladder_first_trigger_pct"": 12, ""ladder_first_lock_pct"": 8, ""exit_profile_id"": ""SCENARIO_C_EARLY_12_v2_frozen"", ""peak_never_loser_min_peak"": 40.0, ""peak_never_loser_floor"": 10.0, ""thesis_fast_exit_unreal_pct"": -12.0, ""thesis_mfe_protect_pct"": 2.0, ""thesis_exit_if_above_unreal_pct"": 8.0, ""thesis_min_age_sec"": 300, ""thesis_score_flip_margin"": 1, ""thesis_early_decay_delta"": 2, ""early_fail_pct_threshold"": -32.0, ""type_a_first_candle_enabled"": false, ""type_a_early_fail_enabled"": false, ""scenario_c_exit_profile"": true, ""type_a_stall_enabled"": false, ""type_a_stall_min_age_sec"": 480, ""type_a_stall_min_candles"": 3, ""type_a_stall_max_mfe_pct"": 5.0, ""trend_weakening_enabled"": false, ""spread_penalty_threshold"": 5, ""spread_penalty_margin_mult"": 0.75}",,,
2026-06-22T13:31:31.903427+00:00,cont-0fc8b5c35528,LONG,65005.14,65184.25,0.658246,27.55,20.0,5,5.51,5.51,0.0,0.0,0.0,0.0,PROFIT_LOCK_LADDER,100,0.92,62,44.0,True,SIM_LIMIT,AI_DIRECT_LIMIT,,,,,0,BULL,SR,60-70,SPAWN,3,3,BULLISH_STRUCTURE,BULL_ALIGNED,30.12,6,8,3,0.01182,bitfinex,tBTCF0:USTF0,v9.83-quality-roster-4-tiles-2026-06-21,BITFINEX_ZERO,v9.83-quality-roster-4-tiles-2026-06-21,CONTINUOUS,Continuous AI Research,APPROVE,64990.0,0.003969,0.026274,NEAR_RESISTANCE,0.004156,1.0,246.5,0.658247,0.0,46.282494,121.102,121.102,121.102,0-5m,AI_DIRECT,AI_DIRECT_CHASE,3,,15.14,0.0,0.146,0.146,False,0.0,0.0,0.000324,-2.5e-05,0.014021,0.025125,-1.680779,0.0,0.782303,64990.0,64909.695787,64642.408739,64128.741535,0.004135,NEAR_RESISTANCE,LONG_PREFERRED,0.003969,0.026274,BULL,3.0,44.0,0.0,100,4.8,True,True,APPROVE,62,"```json
{
  ""direction"": ""LONG"",
  ""confidence"": 62,
  ""long_score"": 72,
  ""short_score"": 28,
  ""preferred_direction"": ""LONG"",
  ""entry_zone_low"": 64850,
  ""entry_zone_high"": 64950,
  ""limit_price"": 64900,
  ""expected_mfe"": 250,
  ""expected_mae"": 120,
  ""reversal_probability"": 41,
  ""exit_style"": ""PATIENT"",
  ""reasons_for_trade"": [
    ""Multi-timeframe agreement is BULL_ALIGNED across 15m, 1h, 4h"",
    ""Market structure bias is BULLISH with active HH/HL sequence"",
    ""EMA stack is fully bullish (price > ema9 > ema21 > ema200, all slopes positive)"",
    ""ADX at 30.12 confirms trending market favoring continuation"",
    ""Trend health state is BULL with bull_score 10 vs bear_score 3"",
    ""Higher low detected at 64110, price pulling back toward ema9/ema21 support zone"",
    ""Entry stage is EARLY, suggesting pullback within intact uptrend"",
    ""Edge score 4.8 above threshold 3.0 supports directional bias""
  ],
  ""reasons_against_trade"": [
    ""Price is near resistance (0.38% away from recent high 65264), limiting short-term upside"",
    ""Volume ratio is low (0.051), indicating weak participation in current move"",
    ""Delta is negative (-1.67), showing slight selling pressure at current levels"",
    ""Reversal risk score is 41, suggesting moderate reversal potential near resistance"",
    ""Market regime is COMPRESSION, which can precede either breakout or reversal""
  ],
  ""bull_score"": 8,
  ""bear_score"": 3
}
```

**Direction:** LONG  
**Win probability:** 62%  
**Long score:** 72  
**Short score:** 28  
**Bull score:** 8/10  
**Bear score:** 3/10  
**Decision:** APPROVE  
**Reason:** Strong bullish trend hierarchy (MTF BULL_ALIGNED, bullish structure, bullish EMA stack, ADX > 25) strongly favors continuation. Price is pulling back toward EMA support (ema9 at 64910, ema21 at 64642) after a higher low, providing a favorable entry within the uptrend. While near resistance and low volume/negative delta add caution, the trend framework overrides SR location as context only. Entry zone targets pullback to ema9 area with limit below current price. Exit style PATIENT to allow trend extension toward resistance breakout.",65005.14,65184.25,MAKER,TAKER,0.030774,15.14,121.102,5.51,5.51,0.0,0.0,0.0,0.0,27.55,39.494889,PROFIT_LOCK_LADDER,-1.680779,0.025125,-2.5e-05,0.782303,False,True,"{'price': 64990.0, 'ret_1m': -0.000246131126357567, 'ret_5m': 0.00013850202366845693, 'ema9': 64909.695787094824, 'ema21': 64642.408738551465, 'ema200': 64128.74153498219, 'dist_to_support': 0.026274497738670275, 'dist_to_resistance': 0.003968864412515768, 'volume': 0.014021081000000001, 'volume_ratio': 0.025125391669523548, 'delta': -1.6807785389999998, 'velocity': -2.4582618718798346e-05, 'imbalance': 0.7823027244898823, 'candle_range': 246.5, 'body_ratio': 0.4783106075330636, 'wick_ratio': 0.5216893924669364}",4.8,"{'early_fail_enabled': True, 'invert_signal': False, 'ai_enabled': True, 'edge_threshold': 3.0, 'edge_threshold_max': None, 'edge_range_preset': 'min_only', 'ai_threshold': 44.0, 'leverage': 100, 'pullback_threshold': 0.001}","{'ema9': 64909.695787094824, 'ema21': 64642.408738551465, 'ema200': 64128.74153498219, 'ema_spread': 0.004135, 'ema9_slope_pct': 0.335, 'ema21_slope_pct': 0.2565, 'ema9_above_ema21': True, 'ema21_above_ema200': True}",MOMENTUM_SHORT,4.8,4.8,False,True,INV_False_EF_True,LONG,12,8,SCENARIO_C_EARLY_12_v2_frozen,40.0,10.0,-12.0,2.0,8.0,300,1,2,-32.0,False,False,True,False,480,3,5.0,False,5,0.75,"[[12, 8], [15, 10], [25, 18], [40, 28], [60, 45], [80, 60], [100, 75], [150, 120]]","{""trail_ladder"": [[12, 8], [15, 10], [25, 18], [40, 28], [60, 45], [80, 60], [100, 75], [150, 120]], ""ladder_first_trigger_pct"": 12, ""ladder_first_lock_pct"": 8, ""exit_profile_id"": ""SCENARIO_C_EARLY_12_v2_frozen"", ""peak_never_loser_min_peak"": 40.0, ""peak_never_loser_floor"": 10.0, ""thesis_fast_exit_unreal_pct"": -12.0, ""thesis_mfe_protect_pct"": 2.0, ""thesis_exit_if_above_unreal_pct"": 8.0, ""thesis_min_age_sec"": 300, ""thesis_score_flip_margin"": 1, ""thesis_early_decay_delta"": 2, ""early_fail_pct_threshold"": -32.0, ""type_a_first_candle_enabled"": false, ""type_a_early_fail_enabled"": false, ""scenario_c_exit_profile"": true, ""type_a_stall_enabled"": false, ""type_a_stall_min_age_sec"": 480, ""type_a_stall_min_candles"": 3, ""type_a_stall_max_mfe_pct"": 5.0, ""trend_weakening_enabled"": false, ""spread_penalty_threshold"": 5, ""spread_penalty_margin_mult"": 0.75}",,,
2026-06-22T13:38:27.963751+00:00,cont-78165f11be80,LONG,65205.95,65312.0,0.509368,16.26,20.0,5,3.25,3.25,0.0,0.0,0.0,0.0,PROFIT_LOCK_LADDER,100,0.54,62,44.0,True,SIM_LIMIT,AI_DIRECT_LIMIT,,,,,0,BULL,SR,60-70,SPAWN,3,3,BULLISH_STRUCTURE,BULL_ALIGNED,30.77,6,8,3,0.01182,bitfinex,tBTCF0:USTF0,v9.83-quality-roster-4-tiles-2026-06-21,BITFINEX_ZERO,v9.83-quality-roster-4-tiles-2026-06-21,CONTINUOUS,Continuous AI Research,APPROVE,65147.0,0.003272,0.027576,NEAR_RESISTANCE,0.00447,1.0,281.8,0.509369,0.0,27.919231,183.48,183.48,183.48,0-5m,AI_DIRECT,AI_DIRECT_CHASE,4,,58.95,0.0,0.0,0.0,False,0.0,0.0,0.000251,9.1e-05,0.008489,0.011393,-0.215689,0.0,0.891279,65147.0,64939.03663,64679.677366,64139.981334,0.00401,NEAR_RESISTANCE,LONG_PREFERRED,0.003272,0.027576,BULL,3.0,44.0,0.0,100,4.6,True,True,APPROVE,62,"```json
{
  ""direction"": ""LONG"",
  ""confidence"": 62,
  ""long_score"": 72,
  ""short_score"": 28,
  ""preferred_direction"": ""LONG"",
  ""entry_zone_low"": 64850,
  ""entry_zone_high"": 65000,
  ""limit_price"": 64925,
  ""expected_mfe"": 180,
  ""expected_mae"": 120,
  ""reversal_probability"": 41,
  ""exit_style"": ""PATIENT"",
  ""reasons_for_trade"": [
    ""Multi-timeframe agreement is BULL_ALIGNED across 15m/1h/4h"",
    ""Market structure bias is BULLISH_STRUCTURE with active HH/HL sequence"",
    ""EMA stack is fully bullish (9>21>200) with positive slopes"",
    ""Trend health state is BULL with bull_score 10 vs bear_score 3"",
    ""ADX at 30.77 confirms trending conditions favoring continuation"",
    ""Price is above all EMAs and near micro resistance (65264) but structure shows higher lows"",
    ""Edge score (4.6) above threshold (3.0) supports trade quality"",
    ""Entry stage is EARLY with higher_low_detected = 1, suggesting pullback opportunity""
  ],
  ""reasons_against_trade"": [
    ""Price is near resistance (0.33% away) which may cause rejection"",
    ""Reversal risk score is 41, indicating moderate reversal probability"",
    ""Volume ratio is very low (0.0076), suggesting lack of participation"",
    ""Delta is negative (-0.21) showing selling pressure on current candle"",
    ""Weaken signals count is 2, indicating some trend fatigue""
  ],
  ""bull_score"": 8,
  ""bear_score"": 3
}
```

Direction: LONG
Win probability: 62
Long score: 72
Short score: 28
Bull score: 8
Bear score: 3
Decision: APPROVE
Reason: Strong bullish alignment across all trend hierarchy layers (MTF, structure, EMA, ADX) supports continuation. Price pullback near EMAs offers entry opportunity. Negative delta and near-resistance location are minor concerns but do not override dominant trend. Entry zone set for pullback below current price.",65205.95,65312.0,MAKER,TAKER,0.0307,58.95,183.48,3.25,3.25,0.0,0.0,0.0,0.0,16.26,30.562175,PROFIT_LOCK_LADDER,-0.215689,0.011393,9.1e-05,0.891279,False,True,"{'price': 65147.0, 'ret_1m': 0.0, 'ret_5m': 0.0008449579057334235, 'ema9': 64939.03662967587, 'ema21': 64679.67736562656, 'ema200': 64139.981334255644, 'dist_to_support': 0.027575929823483322, 'dist_to_resistance': 0.0032722412548200266, 'volume': 0.008489082, 'volume_ratio': 0.011393431482723823, 'delta': -0.21568863600000004, 'velocity': 9.064558520380417e-05, 'imbalance': 0.8912786347245933, 'candle_range': 281.8, 'body_ratio': 0.3698859773851228, 'wick_ratio': 0.6301140226148771}",4.6,"{'early_fail_enabled': True, 'invert_signal': False, 'ai_enabled': True, 'edge_threshold': 3.0, 'edge_threshold_max': None, 'edge_range_preset': 'min_only', 'ai_threshold': 44.0, 'leverage': 100, 'pullback_threshold': 0.001}","{'ema9': 64939.03662967587, 'ema21': 64679.67736562656, 'ema200': 64139.981334255644, 'ema_spread': 0.00401, 'ema9_slope_pct': 0.2263, 'ema21_slope_pct': 0.2135, 'ema9_above_ema21': True, 'ema21_above_ema200': True}",WEAK_SETUP,4.6,4.6,False,True,INV_False_EF_True,LONG,12,8,SCENARIO_C_EARLY_12_v2_frozen,40.0,10.0,-12.0,2.0,8.0,300,1,2,-32.0,False,False,True,False,480,3,5.0,False,5,0.75,"[[12, 8], [15, 10], [25, 18], [40, 28], [60, 45], [80, 60], [100, 75], [150, 120]]","{""trail_ladder"": [[12, 8], [15, 10], [25, 18], [40, 28], [60, 45], [80, 60], [100, 75], [150, 120]], ""ladder_first_trigger_pct"": 12, ""ladder_first_lock_pct"": 8, ""exit_profile_id"": ""SCENARIO_C_EARLY_12_v2_frozen"", ""peak_never_loser_min_peak"": 40.0, ""peak_never_loser_floor"": 10.0, ""thesis_fast_exit_unreal_pct"": -12.0, ""thesis_mfe_protect_pct"": 2.0, ""thesis_exit_if_above_unreal_pct"": 8.0, ""thesis_min_age_sec"": 300, ""thesis_score_flip_margin"": 1, ""thesis_early_decay_delta"": 2, ""early_fail_pct_threshold"": -32.0, ""type_a_first_candle_enabled"": false, ""type_a_early_fail_enabled"": false, ""scenario_c_exit_profile"": true, ""type_a_stall_enabled"": false, ""type_a_stall_min_age_sec"": 480, ""type_a_stall_min_candles"": 3, ""type_a_stall_max_mfe_pct"": 5.0, ""trend_weakening_enabled"": false, ""spread_penalty_threshold"": 5, ""spread_penalty_margin_mult"": 0.75}",,,
2026-06-22T13:41:30.567732+00:00,cont-dd59de253055,LONG,65279.25,65305.0,2.13417,3.94,20.0,5,0.79,0.79,0.0,0.0,0.0,0.0,PROFIT_LOCK_LADDER,100,0.13,62,44.0,True,SIM_LIMIT,AI_DIRECT_LIMIT,,,,,0,BULL,SR,60-70,SPAWN,3,3,BULLISH_STRUCTURE,BULL_ALIGNED,31.01,6,8,3,0.01182,bitfinex,tBTCF0:USTF0,v9.83-quality-roster-4-tiles-2026-06-21,BITFINEX_ZERO,v9.83-quality-roster-4-tiles-2026-06-21,CONTINUOUS,Continuous AI Research,APPROVE,65313.0,0.000122,0.031963,NEAR_RESISTANCE,0.004388,1.0,281.8,2.134171,-1.87349,12.829498,54.054,54.054,54.054,0-5m,AI_DIRECT,AI_DIRECT_CHASE,1,,33.75,0.0,0.0,0.0,False,0.0,0.0,0.00105,-5e-05,0.000911,0.127026,0.489544,0.0,0.244892,65313.0,64993.83663,64704.586457,64142.707702,0.00447,NEAR_RESISTANCE,LONG_PREFERRED,0.000122,0.031963,BULL,3.0,44.0,0.0,100,4.8,True,True,APPROVE,62,"```json
{
  ""direction"": ""LONG"",
  ""confidence"": 62,
  ""long_score"": 72,
  ""short_score"": 28,
  ""preferred_direction"": ""LONG"",
  ""entry_zone_low"": 65200,
  ""entry_zone_high"": 65300,
  ""limit_price"": 65250,
  ""expected_mfe"": 180,
  ""expected_mae"": 120,
  ""reversal_probability"": 33,
  ""exit_style"": ""PATIENT"",
  ""reasons_for_trade"": [
    ""Multi-timeframe agreement is BULL_ALIGNED across 15m, 1h, 4h"",
    ""Market structure bias is BULLISH_STRUCTURE with HH/HL sequence active"",
    ""EMA stack is bullish (price above all EMAs, EMA9 > EMA21 > EMA200)"",
    ""Trend health state is BULL with bull_score 10 vs bear_score 3"",
    ""ADX at 31.01 indicates trending market favoring continuation"",
    ""Higher low detected with micro structure leaning bull"",
    ""Orderflow delta positive (0.45) and imbalance bullish (0.23)"",
    ""Edge score 4.8 above threshold 3.0 supports trade quality""
  ],
  ""reasons_against_trade"": [
    ""Price is near micro resistance (65264) and global resistance (65396) - limited upside room"",
    ""Volume ratio is low (0.124) suggesting weak participation"",
    ""Reversal risk score at 33 indicates some pullback probability"",
    ""Entry stage is MID, not early in the move"",
    ""Compression regime may precede a breakout or reversal""
  ],
  ""bull_score"": 8,
  ""bear_score"": 3
}
```

Direction: LONG  
Win probability: 62%  
Long score: 72  
Short score: 28  
Bull score: 8  
Bear score: 3  
Decision: APPROVE  
Reason: Strong bullish trend alignment across all timeframes, EMA stack, and structure. Price is near resistance but the trend is intact and ADX confirms trending conditions. Low volume and proximity to resistance warrant a pullback entry rather than chasing. The bullish case clearly outweighs the bearish case by a wide margin (72 vs 28).",65279.25,65305.0,MAKER,TAKER,0.030622,33.75,54.054,0.79,0.79,0.0,0.0,0.0,0.0,3.94,128.050351,PROFIT_LOCK_LADDER,0.489544,0.127026,-5e-05,0.244892,False,True,"{'price': 65313.0, 'ret_1m': -4.593055300385817e-05, 'ret_5m': -0.0005355940503152354, 'ema9': 64993.83662967587, 'ema21': 64704.58645653565, 'ema200': 64142.707702414846, 'dist_to_support': 0.03196305132440203, 'dist_to_resistance': 0.00012234660794029485, 'volume': 0.0009108969999999999, 'volume_ratio': 0.12702645343665164, 'delta': 0.48954379699999767, 'velocity': -5.047501878824355e-05, 'imbalance': 0.24489249907089886, 'candle_range': 281.8, 'body_ratio': 0.3698859773851228, 'wick_ratio': 0.6301140226148771}",4.8,"{'early_fail_enabled': True, 'invert_signal': False, 'ai_enabled': True, 'edge_threshold': 3.0, 'edge_threshold_max': None, 'edge_range_preset': 'min_only', 'ai_threshold': 44.0, 'leverage': 100, 'pullback_threshold': 0.001}","{'ema9': 64993.83662967587, 'ema21': 64704.58645653565, 'ema200': 64142.707702414846, 'ema_spread': 0.00447, 'ema9_slope_pct': 0.3109, 'ema21_slope_pct': 0.2521, 'ema9_above_ema21': True, 'ema21_above_ema200': True}",WEAK_SETUP,4.8,4.8,False,True,INV_False_EF_True,LONG,12,8,SCENARIO_C_EARLY_12_v2_frozen,40.0,10.0,-12.0,2.0,8.0,300,1,2,-32.0,False,False,True,False,480,3,5.0,False,5,0.75,"[[12, 8], [15, 10], [25, 18], [40, 28], [60, 45], [80, 60], [100, 75], [150, 120]]","{""trail_ladder"": [[12, 8], [15, 10], [25, 18], [40, 28], [60, 45], [80, 60], [100, 75], [150, 120]], ""ladder_first_trigger_pct"": 12, ""ladder_first_lock_pct"": 8, ""exit_profile_id"": ""SCENARIO_C_EARLY_12_v2_frozen"", ""peak_never_loser_min_peak"": 40.0, ""peak_never_loser_floor"": 10.0, ""thesis_fast_exit_unreal_pct"": -12.0, ""thesis_mfe_protect_pct"": 2.0, ""thesis_exit_if_above_unreal_pct"": 8.0, ""thesis_min_age_sec"": 300, ""thesis_score_flip_margin"": 1, ""thesis_early_decay_delta"": 2, ""early_fail_pct_threshold"": -32.0, ""type_a_first_candle_enabled"": false, ""type_a_early_fail_enabled"": false, ""scenario_c_exit_profile"": true, ""type_a_stall_enabled"": false, ""type_a_stall_min_age_sec"": 480, ""type_a_stall_min_candles"": 3, ""type_a_stall_max_mfe_pct"": 5.0, ""trend_weakening_enabled"": false, ""spread_penalty_threshold"": 5, ""spread_penalty_margin_mult"": 0.75}",,,
2026-06-22T14:17:22.021028+00:00,cont-22790fc84a7e,LONG,65467.5,65230.0,14.995552,-36.31,15.0,7,-5.45,-5.44,0.0,0.0,0.01,0.01,STOP_LOSS,100,1.21,62,44.0,True,SIM_LIMIT,AI_DIRECT_LIMIT,,,,,0,BULL,SR,60-70,SPAWN,3,3,BULLISH_STRUCTURE,BULL_ALIGNED,33.41,6,10,3,0.01182,bitfinex,tBTCF0:USTF0,v9.83-quality-roster-4-tiles-2026-06-21,BITFINEX_ZERO,v9.83-quality-roster-4-tiles-2026-06-21,CONTINUOUS,Continuous AI Research,APPROVE,65618.0,6.1e-05,0.035356,NEAR_RESISTANCE,0.005211,0.597025,272.6,14.995553,-30.320388,3.895062,130.207,130.207,130.207,0-5m,AI_DIRECT,AI_DIRECT_CHASE,2,,150.5,0.0,0.0,0.0,False,0.0,0.0,0.005517,-7.5e-05,0.020027,0.009529,0.174129,0.0,0.543354,65618.0,65125.869304,64791.838927,64157.676847,0.005155,NEAR_RESISTANCE,LONG_PREFERRED,6.1e-05,0.035356,BULL,3.0,44.0,0.0,100,3.2,True,True,APPROVE,62,"```json
{
  ""direction"": ""LONG"",
  ""confidence"": 62,
  ""long_score"": 72,
  ""short_score"": 28,
  ""preferred_direction"": ""LONG"",
  ""entry_zone_low"": 65320,
  ""entry_zone_high"": 65450,
  ""limit_price"": 65385,
  ""expected_mfe"": 180,
  ""expected_mae"": 120,
  ""reversal_probability"": 33,
  ""exit_style"": ""PATIENT"",
  ""reasons_for_trade"": [
    ""Multi-timeframe agreement is BULL_ALIGNED across 15m/1h/4h"",
    ""Market structure is BULLISH with HH/HL sequence active and structure_score=3"",
    ""EMA stack is fully bullish (price above all EMAs, EMA9>EMA21>EMA200, slopes positive)"",
    ""Trend health state is BULL with bull_score=10 vs bear_score=3"",
    ""ADX=33.41 indicates strong trending conditions favoring continuation"",
    ""Higher low detected at micro_support=64973, price bouncing from it"",
    ""Edge_score=3.2 above threshold=3.0, supporting trade viability"",
    ""Delta positive (0.071) and imbalance bullish (0.892) show buying pressure"",
    ""Regime is BULL and market_structure_shift is BULL_CONTINUATION""
  ],
  ""reasons_against_trade"": [
    ""Price is near resistance (dist_to_resistance=0.006%) with sr_state=NEAR_RESISTANCE"",
    ""Volume ratio is very low (0.016) suggesting lack of conviction"",
    ""Reversal risk score is 33 (moderate) - price may reject at resistance"",
    ""Entry stage is MID, not early pullback - reduced risk/reward"",
    ""Micro structure not fully confirmed (micro_structure_confirmed=false)""
  ],
  ""bull_score"": 10,
  ""bear_score"": 3
}
```

Direction: LONG
Win probability: 62
Long score: 72
Short score: 28
Bull score: 10
Bear score: 3
Decision: APPROVE
Reason: Strong bullish alignment across all trend hierarchy layers (MTF, structure, EMA, ADX) with positive orderflow. Price is near resistance but the dominant trend is continuation, not reversal. The low volume ratio and proximity to resistance warrant a pullback entry rather than chasing. Entry zone set below current price to capture a micro-pullback before continuation toward the next swing high.",65467.5,65230.0,MAKER,TAKER,0.02286,150.5,130.207,-5.45,-5.44,0.0,0.0,0.01,0.01,-36.31,899.733238,STOP_LOSS,0.174129,0.009529,-7.5e-05,0.543354,False,True,"{'price': 65618.0, 'ret_1m': 3.0480370641307e-05, 'ret_5m': -0.00025900815113887406, 'ema9': 65125.8693037407, 'ema21': 64791.83892742974, 'ema200': 64157.6768467486, 'dist_to_support': 0.03535615227529032, 'dist_to_resistance': 6.095888323325917e-05, 'volume': 0.020027494, 'volume_ratio': 0.009528616352294841, 'delta': 0.17412889600000003, 'velocity': -7.462812150040082e-05, 'imbalance': 0.5433537792589209, 'candle_range': 272.6, 'body_ratio': 0.476370341659651, 'wick_ratio': 0.5236296583403488}",3.2,"{'early_fail_enabled': True, 'invert_signal': False, 'ai_enabled': True, 'edge_threshold': 3.0, 'edge_threshold_max': None, 'edge_range_preset': 'min_only', 'ai_threshold': 44.0, 'leverage': 100, 'pullback_threshold': 0.001}","{'ema9': 65125.8693037407, 'ema21': 64791.83892742974, 'ema200': 64157.6768467486, 'ema_spread': 0.005155, 'ema9_slope_pct': 0.3973, 'ema21_slope_pct': 0.2984, 'ema9_above_ema21': True, 'ema21_above_ema200': True}",WEAK_SETUP,3.2,3.2,False,True,INV_False_EF_True,LONG,12,8,SCENARIO_C_EARLY_12_v2_frozen,40.0,10.0,-12.0,2.0,8.0,300,1,2,-32.0,False,False,True,False,480,3,5.0,False,5,0.75,"[[12, 8], [15, 10], [25, 18], [40, 28], [60, 45], [80, 60], [100, 75], [150, 120]]","{""trail_ladder"": [[12, 8], [15, 10], [25, 18], [40, 28], [60, 45], [80, 60], [100, 75], [150, 120]], ""ladder_first_trigger_pct"": 12, ""ladder_first_lock_pct"": 8, ""exit_profile_id"": ""SCENARIO_C_EARLY_12_v2_frozen"", ""peak_never_loser_min_peak"": 40.0, ""peak_never_loser_floor"": 10.0, ""thesis_fast_exit_unreal_pct"": -12.0, ""thesis_mfe_protect_pct"": 2.0, ""thesis_exit_if_above_unreal_pct"": 8.0, ""thesis_min_age_sec"": 300, ""thesis_score_flip_margin"": 1, ""thesis_early_decay_delta"": 2, ""early_fail_pct_threshold"": -32.0, ""type_a_first_candle_enabled"": false, ""type_a_early_fail_enabled"": false, ""scenario_c_exit_profile"": true, ""type_a_stall_enabled"": false, ""type_a_stall_min_age_sec"": 480, ""type_a_stall_min_candles"": 3, ""type_a_stall_max_mfe_pct"": 5.0, ""trend_weakening_enabled"": false, ""spread_penalty_threshold"": 5, ""spread_penalty_margin_mult"": 0.75}",,,
2026-06-22T14:20:53.883212+00:00,cont-6247472f84eb,LONG,65369.0,65169.01,13.392372,-30.63,20.0,5,-6.13,-6.12,0.0,0.0,0.01,0.01,STOP_LOSS,100,1.02,62,44.0,True,SIM_LIMIT,AI_DIRECT_LIMIT,,,,,0,BULL,SR,60-70,SPAWN,3,3,BULLISH_STRUCTURE,BULL_ALIGNED,35.53,6,8,3,0.01182,bitfinex,tBTCF0:USTF0,v9.83-quality-roster-4-tiles-2026-06-21,BITFINEX_ZERO,v9.83-quality-roster-4-tiles-2026-06-21,CONTINUOUS,Continuous AI Research,APPROVE,65461.0,0.003039,0.033294,NEAR_RESISTANCE,0.004599,0.574454,264.7,13.392374,-31.819364,8.413774,257.125,257.125,257.125,0-5m,AI_DIRECT,AI_DIRECT_CHASE,3,,92.0,0.0,0.0609,0.0609,False,0.0,0.0,0.006586,7.2e-05,0.005128,0.151261,0.047103,0.0,0.053909,65461.0,65212.695443,64862.068446,64171.803706,0.005406,NEAR_RESISTANCE,LONG_PREFERRED,0.003039,0.033294,BULL,3.0,44.0,0.0,100,4.8,True,True,APPROVE,62,"```json
{
  ""direction"": ""LONG"",
  ""confidence"": 62,
  ""long_score"": 72,
  ""short_score"": 28,
  ""preferred_direction"": ""LONG"",
  ""entry_zone_low"": 65200,
  ""entry_zone_high"": 65350,
  ""limit_price"": 65275,
  ""expected_mfe"": 180,
  ""expected_mae"": 120,
  ""reversal_probability"": 33,
  ""exit_style"": ""PATIENT"",
  ""reasons_for_trade"": [
    ""Multi-timeframe agreement is BULL_ALIGNED across 15m/1h/4h"",
    ""Market structure is BULLISH with HH/HL sequence active and structure_score=3"",
    ""EMA stack is fully bullish (price above all EMAs, EMA9>EMA21>EMA200)"",
    ""Trend health state is BULL with bull_score=10 vs bear_score=3"",
    ""ADX=35.53 indicates strong trending market favoring continuation"",
    ""Micro structure shows higher low detected and BULL_CONTINUATION shift"",
    ""Edge_score=4.8 above threshold of 3.0"",
    ""Quality score is high at 87.5 with strong micro SR and trend components"",
    ""Distance to micro support (0.79%) is closer than resistance (0.35%) - pullback entry opportunity"",
    ""Funding rate positive but moderate (0.0118% per 8h) - not extreme enough to deter longs""
  ],
  ""reasons_against_trade"": [
    ""Price is near resistance (0.30% away) - potential rejection zone"",
    ""Volume ratio is low (0.146) - weak participation on this move"",
    ""Weaken signals count is 1 - minor deterioration in trend health"",
    ""Reversal risk score is 33 - moderate risk of mean reversion"",
    ""Market regime is COMPRESSION (only 181s duration) - could break either way"",
    ""Candle range is moderate with balanced wick/body - no strong momentum signal""
  ],
  ""bull_score"": 8,
  ""bear_score"": 3
}
```",65369.0,65169.01,MAKER,TAKER,0.030553,92.0,257.125,-6.13,-6.12,0.0,0.0,0.01,0.01,-30.63,803.542496,STOP_LOSS,0.047103,0.151261,7.2e-05,0.053909,False,True,"{'price': 65490.0, 'ret_1m': -4.5806422060372865e-05, 'ret_5m': 6.108175793299331e-05, 'ema9': 65212.69544299256, 'ema21': 64862.068446424935, 'ema200': 64171.80370627825, 'dist_to_support': 0.03329362533980879, 'dist_to_resistance': 0.003039188735147683, 'volume': 0.005127685, 'volume_ratio': 0.1512608041810906, 'delta': 0.047102635999999774, 'velocity': 7.18067870272419e-05, 'imbalance': 0.053908981793008626, 'candle_range': 264.7, 'body_ratio': 0.5203049128356015, 'wick_ratio': 0.47969508716439846}",4.8,"{'early_fail_enabled': True, 'invert_signal': False, 'ai_enabled': True, 'edge_threshold': 3.0, 'edge_threshold_max': None, 'edge_range_preset': 'min_only', 'ai_threshold': 44.0, 'leverage': 100, 'pullback_threshold': 0.001}","{'ema9': 65212.69544299256, 'ema21': 64862.068446424935, 'ema200': 64171.80370627825, 'ema_spread': 0.005406, 'ema9_slope_pct': 0.4783, 'ema21_slope_pct': 0.345, 'ema9_above_ema21': True, 'ema21_above_ema200': True}",MOMENTUM_LONG,4.8,4.8,False,True,INV_False_EF_True,LONG,12,8,SCENARIO_C_EARLY_12_v2_frozen,40.0,10.0,-12.0,2.0,8.0,300,1,2,-32.0,False,False,True,False,480,3,5.0,False,5,0.75,"[[12, 8], [15, 10], [25, 18], [40, 28], [60, 45], [80, 60], [100, 75], [150, 120]]","{""trail_ladder"": [[12, 8], [15, 10], [25, 18], [40, 28], [60, 45], [80, 60], [100, 75], [150, 120]], ""ladder_first_trigger_pct"": 12, ""ladder_first_lock_pct"": 8, ""exit_profile_id"": ""SCENARIO_C_EARLY_12_v2_frozen"", ""peak_never_loser_min_peak"": 40.0, ""peak_never_loser_floor"": 10.0, ""thesis_fast_exit_unreal_pct"": -12.0, ""thesis_mfe_protect_pct"": 2.0, ""thesis_exit_if_above_unreal_pct"": 8.0, ""thesis_min_age_sec"": 300, ""thesis_score_flip_margin"": 1, ""thesis_early_decay_delta"": 2, ""early_fail_pct_threshold"": -32.0, ""type_a_first_candle_enabled"": false, ""type_a_early_fail_enabled"": false, ""scenario_c_exit_profile"": true, ""type_a_stall_enabled"": false, ""type_a_stall_min_age_sec"": 480, ""type_a_stall_min_candles"": 3, ""type_a_stall_max_mfe_pct"": 5.0, ""trend_weakening_enabled"": false, ""spread_penalty_threshold"": 5, ""spread_penalty_margin_mult"": 0.75}",,,
2026-06-22T14:24:32.965203+00:00,cont-4464e15e42d1,LONG,65250.0,65053.0,7.128022,-30.21,15.0,7,-4.53,-4.53,0.0,0.0,0.0,0.0,STOP_LOSS,100,1.01,62,44.0,True,SIM_LIMIT,AI_DIRECT_LIMIT,,,,,0,BULL,SR,60-70,SPAWN,3,3,BULLISH_STRUCTURE,BULL_ALIGNED,34.74,6,10,3,0.01182,bitfinex,tBTCF0:USTF0,v9.83-quality-roster-4-tiles-2026-06-21,BITFINEX_ZERO,v9.83-quality-roster-4-tiles-2026-06-21,CONTINUOUS,Continuous AI Research,APPROVE,65372.0,0.005311,0.031104,NEAR_RESISTANCE,0.004527,1.0,264.7,7.128023,-31.724138,10.114943,254.402,254.402,254.402,0-5m,AI_DIRECT,AI_DIRECT_CHASE,3,,122.0,0.0,0.0,0.0,False,0.0,0.0,0.002628,7e-05,0.008609,0.004716,-0.956012,0.0,0.317695,65372.0,65189.495443,64851.522992,64170.649477,0.005211,NEAR_RESISTANCE,LONG_PREFERRED,0.005311,0.031104,BULL,3.0,44.0,0.0,100,4.8,True,True,APPROVE,62,"```json
{
  ""direction"": ""LONG"",
  ""confidence"": 62,
  ""long_score"": 78,
  ""short_score"": 22,
  ""preferred_direction"": ""LONG"",
  ""entry_zone_low"": 65150,
  ""entry_zone_high"": 65250,
  ""limit_price"": 65200,
  ""expected_mfe"": 180,
  ""expected_mae"": 120,
  ""reversal_probability"": 23,
  ""exit_style"": ""PATIENT"",
  ""reasons_for_trade"": [
    ""Multi-timeframe agreement is BULL_ALIGNED across 15m, 1h, 4h"",
    ""Market structure bias is BULLISH_STRUCTURE with HH/HL sequence active"",
    ""EMA stack is bullish (price above EMA9, EMA21, EMA200; EMA9 above EMA21 above EMA200)"",
    ""ADX at 34.74 indicates strong trending market favoring continuation"",
    ""Trend health state is BULL with bull_score 10 vs bear_score 3"",
    ""Micro structure shows higher low detected and BULL_CONTINUATION shift"",
    ""Volume ratio at 5.89 suggests strong participation supporting the trend"",
    ""Edge score of 4.8 above threshold of 3.0 supports trade quality""
  ],
  ""reasons_against_trade"": [
    ""Price is near resistance (dist_to_resistance 0.53%) which may cause short-term rejection"",
    ""Delta is negative (-0.947) indicating some selling pressure on recent candles"",
    ""Reversal risk score of 23 suggests moderate reversal probability near resistance"",
    ""Weaken signals count of 1 indicates slight trend fatigue""
  ],
  ""bull_score"": 10,
  ""bear_score"": 3
}
```

Direction: LONG
Win probability: 62
Long score: 78
Short score: 22
Bull score: 10
Bear score: 3
Decision: APPROVE
Reason: Strong bullish alignment across all trend hierarchy layers (MTF, structure, EMA, ADX) with micro structure confirming continuation. Price near resistance is a location context only and does not override the dominant trend. Entry on pullback to micro support zone (65150-65250) provides favorable risk/reward. Negative delta is a minor concern but volume ratio and trend strength outweigh it.",65250.0,65053.0,MAKER,TAKER,0.022946,122.0,254.402,-4.53,-4.53,0.0,0.0,0.0,0.0,-30.21,427.681443,STOP_LOSS,-0.956012,0.004716,7e-05,0.317695,False,True,"{'price': 65372.0, 'ret_1m': -1.529683508482095e-05, 'ret_5m': 0.0006122573930080206, 'ema9': 65189.495442992564, 'ema21': 64851.52299187948, 'ema200': 64170.64947742253, 'dist_to_support': 0.031103627736108985, 'dist_to_resistance': 0.005311495484463493, 'volume': 0.008609221, 'volume_ratio': 0.004715638365347415, 'delta': -0.9560124499999987, 'velocity': 7.041679443676538e-05, 'imbalance': 0.3176954584352112, 'candle_range': 264.7, 'body_ratio': 0.5203049128356015, 'wick_ratio': 0.47969508716439846}",4.8,"{'early_fail_enabled': True, 'invert_signal': False, 'ai_enabled': True, 'edge_threshold': 3.0, 'edge_threshold_max': None, 'edge_range_preset': 'min_only', 'ai_threshold': 44.0, 'leverage': 100, 'pullback_threshold': 0.001}","{'ema9': 65189.495442992564, 'ema21': 64851.52299187948, 'ema200': 64170.64947742253, 'ema_spread': 0.005211, 'ema9_slope_pct': 0.4425, 'ema21_slope_pct': 0.3287, 'ema9_above_ema21': True, 'ema21_above_ema200': True}",WEAK_SETUP,4.8,4.8,False,True,INV_False_EF_True,LONG,12,8,SCENARIO_C_EARLY_12_v2_frozen,40.0,10.0,-12.0,2.0,8.0,300,1,2,-32.0,False,False,True,False,480,3,5.0,False,5,0.75,"[[12, 8], [15, 10], [25, 18], [40, 28], [60, 45], [80, 60], [100, 75], [150, 120]]","{""trail_ladder"": [[12, 8], [15, 10], [25, 18], [40, 28], [60, 45], [80, 60], [100, 75], [150, 120]], ""ladder_first_trigger_pct"": 12, ""ladder_first_lock_pct"": 8, ""exit_profile_id"": ""SCENARIO_C_EARLY_12_v2_frozen"", ""peak_never_loser_min_peak"": 40.0, ""peak_never_loser_floor"": 10.0, ""thesis_fast_exit_unreal_pct"": -12.0, ""thesis_mfe_protect_pct"": 2.0, ""thesis_exit_if_above_unreal_pct"": 8.0, ""thesis_min_age_sec"": 300, ""thesis_score_flip_margin"": 1, ""thesis_early_decay_delta"": 2, ""early_fail_pct_threshold"": -32.0, ""type_a_first_candle_enabled"": false, ""type_a_early_fail_enabled"": false, ""scenario_c_exit_profile"": true, ""type_a_stall_enabled"": false, ""type_a_stall_min_age_sec"": 480, ""type_a_stall_min_candles"": 3, ""type_a_stall_max_mfe_pct"": 5.0, ""trend_weakening_enabled"": false, ""spread_penalty_threshold"": 5, ""spread_penalty_margin_mult"": 0.75}",,,
2026-06-22T14:30:11.541060+00:00,cont-7be8530617d3,LONG,65071.5,64974.0,2.436289,-14.99,20.0,5,-3.0,-3.0,0.0,0.0,0.0,0.0,THESIS_FAST_CUT,100,0.5,62,44.0,True,SIM_LIMIT,AI_DIRECT_LIMIT,,,,,0,BULL,SR,60-70,SPAWN,3,3,BULLISH_STRUCTURE,BULL_ALIGNED,33.91,6,8,3,0.01182,bitfinex,tBTCF0:USTF0,v9.83-quality-roster-4-tiles-2026-06-21,BITFINEX_ZERO,v9.83-quality-roster-4-tiles-2026-06-21,CONTINUOUS,Continuous AI Research,APPROVE,65107.0,0.008724,0.027815,NEAR_RESISTANCE,0.004322,0.276506,243.5,2.43629,-12.832039,0.0,80.27,80.27,80.27,0-5m,AI_DIRECT,AI_DIRECT_CHASE,1,,35.5,0.0,0.0,0.0,False,0.0,0.0,0.001179,1.4e-05,0.009586,0.11317,-2.421961,0.0,0.421837,65107.0,65156.076354,64866.144869,64177.877982,0.00447,NEAR_RESISTANCE,LONG_PREFERRED,0.008724,0.027815,BULL,3.0,44.0,0.0,100,4.4,True,True,APPROVE,62,"```json
{
  ""direction"": ""LONG"",
  ""confidence"": 62,
  ""long_score"": 72,
  ""short_score"": 28,
  ""preferred_direction"": ""LONG"",
  ""entry_zone_low"": 65000,
  ""entry_zone_high"": 65100,
  ""limit_price"": 65050,
  ""expected_mfe"": 250,
  ""expected_mae"": 120,
  ""reversal_probability"": 41,
  ""exit_style"": ""PATIENT"",
  ""reasons_for_trade"": [
    ""Multi-timeframe agreement is BULL_ALIGNED (15m ranging, 1h/4h bullish)"",
    ""Market structure bias is BULLISH_STRUCTURE with HH/HL sequence active"",
    ""EMA stack is bullish (9>21>200) with positive slopes"",
    ""Trend health state is BULL with bull_score 10 vs bear_score 3"",
    ""ADX at 33.91 indicates trending market favoring continuation"",
    ""Micro structure shows higher low detected and bull continuation pattern"",
    ""Price is near micro support (64973) with 0.2% distance, offering pullback entry"",
    ""Edge score (4.4) above threshold (3.0) supports trade quality""
  ],
  ""reasons_against_trade"": [
    ""Price is near resistance (0.87% away) which may cap upside in short term"",
    ""Volume ratio is low (0.113) suggesting weak participation"",
    ""Delta is negative (-2.42) indicating selling pressure on recent candles"",
    ""Reversal risk score is 41, moderate risk of mean reversion"",
    ""Market regime is COMPRESSION which may lead to choppy movement""
  ],
  ""bull_score"": 8,
  ""bear_score"": 3
}
```

**Directional Scoring Summary:**
- **Bullish case (72/100):** Strong multi-timeframe alignment (BULL_ALIGNED), bullish structure with HH/HL sequence, EMA stack fully bullish, ADX > 25 confirming trending conditions, trend health robust (bull_score 10), micro structure confirms higher low and bull continuation, price near micro support offering a pullback entry within the prevailing uptrend.
- **Bearish case (28/100):** Price near resistance (0.87% away) could stall momentum, low volume ratio suggests lack of conviction, negative delta indicates recent selling, compression regime may produce choppy price action, moderate reversal risk (41). However, these are weaker signals against the dominant bullish trend.

**Decision:** APPROVE - The bullish case clearly outweighs the bearish (gap > 5), with strong trend hierarchy support (MTF agreement, structure, EMA, ADX). The entry near micro support within a bull continuation context is valid. The low volume and negative delta are noted but not sufficient to override the higher timeframe bullish alignment.",65071.5,64974.0,MAKER,TAKER,0.030719,35.5,80.27,-3.0,-3.0,0.0,0.0,0.0,0.0,-14.99,146.177466,THESIS_FAST_CUT,-2.421961,0.11317,1.4e-05,0.421837,False,True,"{'price': 65107.0, 'ret_1m': -1.535909565644775e-05, 'ret_5m': 0.00013825309533318996, 'ema9': 65156.076354394056, 'ema21': 64866.144868644486, 'ema200': 64177.87798158013, 'dist_to_support': 0.027814895022193552, 'dist_to_resistance': 0.00872383234268688, 'volume': 0.009585882, 'volume_ratio': 0.11317047679219824, 'delta': -2.4219608740000003, 'velocity': 1.3831940962110096e-05, 'imbalance': 0.4218365005274657, 'candle_range': 243.5, 'body_ratio': 0.5900106915530081, 'wick_ratio': 0.4099893084469919}",4.4,"{'early_fail_enabled': True, 'invert_signal': False, 'ai_enabled': True, 'edge_threshold': 3.0, 'edge_threshold_max': None, 'edge_range_preset': 'min_only', 'ai_threshold': 44.0, 'leverage': 100, 'pullback_threshold': 0.001}","{'ema9': 65156.076354394056, 'ema21': 64866.144868644486, 'ema200': 64177.87798158013, 'ema_spread': 0.00447, 'ema9_slope_pct': 0.2203, 'ema21_slope_pct': 0.2363, 'ema9_above_ema21': True, 'ema21_above_ema200': True}",WEAK_SETUP,4.4,4.4,False,True,INV_False_EF_True,LONG,12,8,SCENARIO_C_EARLY_12_v2_frozen,40.0,10.0,-12.0,2.0,8.0,300,1,2,-32.0,False,False,True,False,480,3,5.0,False,5,0.75,"[[12, 8], [15, 10], [25, 18], [40, 28], [60, 45], [80, 60], [100, 75], [150, 120]]","{""trail_ladder"": [[12, 8], [15, 10], [25, 18], [40, 28], [60, 45], [80, 60], [100, 75], [150, 120]], ""ladder_first_trigger_pct"": 12, ""ladder_first_lock_pct"": 8, ""exit_profile_id"": ""SCENARIO_C_EARLY_12_v2_frozen"", ""peak_never_loser_min_peak"": 40.0, ""peak_never_loser_floor"": 10.0, ""thesis_fast_exit_unreal_pct"": -12.0, ""thesis_mfe_protect_pct"": 2.0, ""thesis_exit_if_above_unreal_pct"": 8.0, ""thesis_min_age_sec"": 300, ""thesis_score_flip_margin"": 1, ""thesis_early_decay_delta"": 2, ""early_fail_pct_threshold"": -32.0, ""type_a_first_candle_enabled"": false, ""type_a_early_fail_enabled"": false, ""scenario_c_exit_profile"": true, ""type_a_stall_enabled"": false, ""type_a_stall_min_age_sec"": 480, ""type_a_stall_min_candles"": 3, ""type_a_stall_max_mfe_pct"": 5.0, ""trend_weakening_enabled"": false, ""spread_penalty_threshold"": 5, ""spread_penalty_margin_mult"": 0.75}",,,
2026-06-22T14:31:06.993874+00:00,cont-83dced961d3d,LONG,65102.0,64924.0,6.502351,-27.36,20.0,5,-5.47,-5.47,0.0,0.0,0.0,0.0,STOP_LOSS,100,0.91,62,44.0,True,SIM_LIMIT,AI_DIRECT_LIMIT,,,,,0,BULL,SR,60-70,SPAWN,3,3,BULLISH_STRUCTURE,BULL_ALIGNED,34.69,6,8,3,0.01182,bitfinex,tBTCF0:USTF0,v9.83-quality-roster-4-tiles-2026-06-21,BITFINEX_ZERO,v9.83-quality-roster-4-tiles-2026-06-21,CONTINUOUS,Continuous AI Research,APPROVE,65130.0,0.007316,0.029172,NEAR_RESISTANCE,0.003682,1.0,268.7,6.502353,-30.406132,3.379312,75.397,75.397,75.397,0-5m,AI_DIRECT,AI_DIRECT_CHASE,1,,28.0,0.0,0.0,0.0,False,0.0,0.0,0.003201,-4.1e-05,0.019824,0.122661,-0.403275,0.0,0.294762,65130.0,65185.476354,64879.508505,64179.340668,0.004716,NEAR_RESISTANCE,LONG_PREFERRED,0.007316,0.029172,BULL,3.0,44.0,0.0,100,4.6,True,True,APPROVE,62,"```json
{
  ""direction"": ""LONG"",
  ""confidence"": 62,
  ""long_score"": 72,
  ""short_score"": 28,
  ""preferred_direction"": ""LONG"",
  ""entry_zone_low"": 64973,
  ""entry_zone_high"": 65137,
  ""limit_price"": 65055,
  ""expected_mfe"": 0.0045,
  ""expected_mae"": 0.0025,
  ""reversal_probability"": 53,
  ""exit_style"": ""PATIENT"",
  ""reasons_for_trade"": [
    ""Multi-timeframe agreement is BULL_ALIGNED across 15m/1h/4h"",
    ""Market structure is BULLISH with HH/HL sequence active and structure_score=3"",
    ""EMA stack is fully bullish (9>21>200) with positive slopes"",
    ""Trend health state is BULL with bull_score=10 vs bear_score=3"",
    ""ADX=34.69 indicates strong trending conditions favoring continuation"",
    ""Price is near micro support (64973) with 0.25% distance, offering pullback entry"",
    ""Higher low detected and micro structure confirmed, supporting continuation"",
    ""Edge score (4.6) exceeds threshold (3.0), indicating favorable risk/reward""
  ],
  ""reasons_against_trade"": [
    ""Price is near resistance (0.73% away) which may cap upside in short term"",
    ""Reversal risk score is 53, indicating moderate reversal probability"",
    ""Volume ratio is low (0.067), suggesting lack of aggressive buying"",
    ""Delta is negative (-0.368), showing selling pressure on current candle"",
    ""Market regime tracker shows COMPRESSION, which could precede either breakout or breakdown""
  ],
  ""bull_score"": 8,
  ""bear_score"": 3
}
```",65102.0,64924.0,MAKER,TAKER,0.030708,28.0,75.397,-5.47,-5.47,0.0,0.0,0.0,0.0,-27.36,390.14125,STOP_LOSS,-0.403275,0.122661,-4.1e-05,0.294762,False,True,"{'price': 65130.0, 'ret_1m': -0.00038370040672243113, 'ret_5m': -0.0007211132761556991, 'ema9': 65185.47635439405, 'ema21': 64879.50850500812, 'ema200': 64179.3406681473, 'dist_to_support': 0.029171779141104293, 'dist_to_resistance': 0.007315950920245399, 'volume': 0.019823989, 'volume_ratio': 0.12266104205905198, 'delta': -0.40327528000000007, 'velocity': -4.142439602206941e-05, 'imbalance': 0.29476249127464305, 'candle_range': 268.7, 'body_ratio': 0.5698970995294866, 'wick_ratio': 0.43010290047051336}",4.6,"{'early_fail_enabled': True, 'invert_signal': False, 'ai_enabled': True, 'edge_threshold': 3.0, 'edge_threshold_max': None, 'edge_range_preset': 'min_only', 'ai_threshold': 44.0, 'leverage': 100, 'pullback_threshold': 0.001}","{'ema9': 65185.47635439405, 'ema21': 64879.50850500812, 'ema200': 64179.3406681473, 'ema_spread': 0.004716, 'ema9_slope_pct': 0.2655, 'ema21_slope_pct': 0.257, 'ema9_above_ema21': True, 'ema21_above_ema200': True}",MOMENTUM_SHORT,4.6,4.6,False,True,INV_False_EF_True,LONG,12,8,SCENARIO_C_EARLY_12_v2_frozen,40.0,10.0,-12.0,2.0,8.0,300,1,2,-32.0,False,False,True,False,480,3,5.0,False,5,0.75,"[[12, 8], [15, 10], [25, 18], [40, 28], [60, 45], [80, 60], [100, 75], [150, 120]]","{""trail_ladder"": [[12, 8], [15, 10], [25, 18], [40, 28], [60, 45], [80, 60], [100, 75], [150, 120]], ""ladder_first_trigger_pct"": 12, ""ladder_first_lock_pct"": 8, ""exit_profile_id"": ""SCENARIO_C_EARLY_12_v2_frozen"", ""peak_never_loser_min_peak"": 40.0, ""peak_never_loser_floor"": 10.0, ""thesis_fast_exit_unreal_pct"": -12.0, ""thesis_mfe_protect_pct"": 2.0, ""thesis_exit_if_above_unreal_pct"": 8.0, ""thesis_min_age_sec"": 300, ""thesis_score_flip_margin"": 1, ""thesis_early_decay_delta"": 2, ""early_fail_pct_threshold"": -32.0, ""type_a_first_candle_enabled"": false, ""type_a_early_fail_enabled"": false, ""scenario_c_exit_profile"": true, ""type_a_stall_enabled"": false, ""type_a_stall_min_age_sec"": 480, ""type_a_stall_min_candles"": 3, ""type_a_stall_max_mfe_pct"": 5.0, ""trend_weakening_enabled"": false, ""spread_penalty_threshold"": 5, ""spread_penalty_margin_mult"": 0.75}",,,
2026-06-22T14:36:13.607085+00:00,cont-ace49fb7754c,LONG,64932.25,65055.04,4.962736,18.9,20.0,5,3.78,3.78,0.0,0.0,0.0,0.0,PROFIT_LOCK_LADDER,100,0.63,62,44.0,True,SIM_LIMIT,AI_DIRECT_LIMIT,,,,,0,BULL,SR,60-70,SPAWN,3,3,BULLISH_STRUCTURE,BULL_ALIGNED,33.79,6,8,3,0.01182,bitfinex,tBTCF0:USTF0,v9.83-quality-roster-4-tiles-2026-06-21,BITFINEX_ZERO,v9.83-quality-roster-4-tiles-2026-06-21,CONTINUOUS,Continuous AI Research,APPROVE,65014.0,0.0104,0.0262,NEAR_RESISTANCE,0.003744,1.0,243.5,4.962737,-1.578568,25.218593,53.826,53.826,53.826,0-5m,AI_DIRECT,AI_DIRECT_CHASE,1,,81.75,0.0,0.2449,0.2449,False,0.0,0.0,0.002441,-4e-05,0.000567,0.008647,-2.814529,0.0,0.456724,65014.0,65138.476354,64858.144869,64177.00236,0.004322,NEAR_RESISTANCE,LONG_PREFERRED,0.0104,0.0262,BULL,3.0,44.0,0.0,100,3.4,True,True,APPROVE,62,"```json
{
  ""direction"": ""LONG"",
  ""confidence"": 62,
  ""long_score"": 72,
  ""short_score"": 28,
  ""preferred_direction"": ""LONG"",
  ""entry_zone_low"": 64850,
  ""entry_zone_high"": 64950,
  ""limit_price"": 64900,
  ""expected_mfe"": 180,
  ""expected_mae"": 120,
  ""reversal_probability"": 61,
  ""exit_style"": ""PATIENT"",
  ""reasons_for_trade"": [
    ""Multi-timeframe agreement is BULL_ALIGNED (15m ranging, 1h/4h bullish) supporting continuation"",
    ""Market structure is BULLISH_STRUCTURE with active HH/HL sequence and structure_score=3"",
    ""EMA stack is fully bullish (9>21>200) with positive slopes and spread"",
    ""Trend health state is BULL with bull_score=10 vs bear_score=3, indicating strong bullish momentum"",
    ""ADX=33.79 (>25) confirms trending market, favoring continuation over reversal"",
    ""Price is near micro support (64973) with distance_to_micro_support=0.0154%, offering a pullback entry within the bull trend"",
    ""Higher low detected and micro_structure_confirmed=true, supporting bullish micro structure"",
    ""Edge_score=3.4 above threshold=3.0, indicating favorable risk/reward setup""
  ],
  ""reasons_against_trade"": [
    ""Price is near resistance (dist_to_resistance=1.03%) and SR state is NEAR_RESISTANCE, limiting upside potential"",
    ""Reversal risk score is 61, suggesting elevated probability of a pullback or reversal from current levels"",
    ""Volume ratio is very low (0.009), indicating lack of participation and potential false breakout risk"",
    ""Delta is negative (-2.8) and velocity is slightly negative, showing short-term selling pressure"",
    ""Current regime is COMPRESSION (duration 785s), which may precede a volatile move but direction is uncertain"",
    ""Funding rate is positive (0.01182% per 8h), favoring shorts and indicating crowded longs""
  ],
  ""bull_score"": 8,
  ""bear_score"": 3
}
```",64932.25,65055.04,MAKER,TAKER,0.030763,81.75,53.826,3.78,3.78,0.0,0.0,0.0,0.0,18.9,297.76428,PROFIT_LOCK_LADDER,-2.814529,0.008647,-4e-05,0.456724,False,True,"{'price': 65014.0, 'ret_1m': 0.00019999692312425962, 'ret_5m': -0.0008452565737908989, 'ema9': 65138.47635439405, 'ema21': 64858.144868644486, 'ema200': 64177.002359689584, 'dist_to_support': 0.02619959692927801, 'dist_to_resistance': 0.0103998400024615, 'volume': 0.000567156, 'volume_ratio': 0.008646646898188072, 'delta': -2.814528972000004, 'velocity': -3.995589739128587e-05, 'imbalance': 0.45672417051998354, 'candle_range': 243.5, 'body_ratio': 0.5900106915530081, 'wick_ratio': 0.4099893084469919}",4.4,"{'early_fail_enabled': True, 'invert_signal': False, 'ai_enabled': True, 'edge_threshold': 3.0, 'edge_threshold_max': None, 'edge_range_preset': 'min_only', 'ai_threshold': 44.0, 'leverage': 100, 'pullback_threshold': 0.001}","{'ema9': 65138.47635439405, 'ema21': 64858.144868644486, 'ema200': 64177.002359689584, 'ema_spread': 0.004322, 'ema9_slope_pct': 0.1933, 'ema21_slope_pct': 0.2239, 'ema9_above_ema21': True, 'ema21_above_ema200': True}",MOMENTUM_SHORT,4.4,4.4,False,True,INV_False_EF_True,LONG,12,8,SCENARIO_C_EARLY_12_v2_frozen,40.0,10.0,-12.0,2.0,8.0,300,1,2,-32.0,False,False,True,False,480,3,5.0,False,5,0.75,"[[12, 8], [15, 10], [25, 18], [40, 28], [60, 45], [80, 60], [100, 75], [150, 120]]","{""trail_ladder"": [[12, 8], [15, 10], [25, 18], [40, 28], [60, 45], [80, 60], [100, 75], [150, 120]], ""ladder_first_trigger_pct"": 12, ""ladder_first_lock_pct"": 8, ""exit_profile_id"": ""SCENARIO_C_EARLY_12_v2_frozen"", ""peak_never_loser_min_peak"": 40.0, ""peak_never_loser_floor"": 10.0, ""thesis_fast_exit_unreal_pct"": -12.0, ""thesis_mfe_protect_pct"": 2.0, ""thesis_exit_if_above_unreal_pct"": 8.0, ""thesis_min_age_sec"": 300, ""thesis_score_flip_margin"": 1, ""thesis_early_decay_delta"": 2, ""early_fail_pct_threshold"": -32.0, ""type_a_first_candle_enabled"": false, ""type_a_early_fail_enabled"": false, ""scenario_c_exit_profile"": true, ""type_a_stall_enabled"": false, ""type_a_stall_min_age_sec"": 480, ""type_a_stall_min_candles"": 3, ""type_a_stall_max_mfe_pct"": 5.0, ""trend_weakening_enabled"": false, ""spread_penalty_threshold"": 5, ""spread_penalty_margin_mult"": 0.75}",,,
2026-06-22T14:37:28.898771+00:00,cont-478b8a0d447b,LONG,65052.5,64984.0,0.39999,-10.53,20.0,5,-2.11,-2.11,0.0,0.0,0.0,0.0,THESIS_FAST_CUT,100,0.35,62,44.0,True,SIM_LIMIT,AI_DIRECT_LIMIT,,,,,0,BULL,SR,60-70,SPAWN,3,3,BULLISH_STRUCTURE,BULL_ALIGNED,32.47,6,8,3,0.01182,bitfinex,tBTCF0:USTF0,v9.83-quality-roster-4-tiles-2026-06-21,BITFINEX_ZERO,v9.83-quality-roster-4-tiles-2026-06-21,CONTINUOUS,Continuous AI Research,APPROVE,65062.0,0.009453,0.027113,NEAR_RESISTANCE,0.003858,0.860717,220.2,0.399991,-12.821952,0.0,35.881,35.881,35.881,0-5m,AI_DIRECT,AI_DIRECT_CHASE,1,,9.5,0.0,0.0,0.0,False,0.0,0.0,0.000185,8e-06,2e-05,0.001381,-0.761634,0.0,0.085566,65062.0,65116.461084,64873.553186,64184.995811,0.003744,NEAR_RESISTANCE,LONG_PREFERRED,0.009453,0.027113,BULL,3.0,44.0,0.0,100,4.2,True,True,APPROVE,62,"```json
{
  ""direction"": ""LONG"",
  ""confidence"": 62,
  ""long_score"": 72,
  ""short_score"": 28,
  ""preferred_direction"": ""LONG"",
  ""entry_zone_low"": 64973,
  ""entry_zone_high"": 65089,
  ""limit_price"": 65031,
  ""expected_mfe"": 488,
  ""expected_mae"": 116,
  ""reversal_probability"": 41,
  ""exit_style"": ""PATIENT"",
  ""reasons_for_trade"": [
    ""Multi-timeframe agreement is BULL_ALIGNED (15m ranging, 1h/4h bullish)"",
    ""Market structure bias is BULLISH_STRUCTURE with HH/HL sequence active"",
    ""EMA stack is fully bullish (price above all EMAs, ema9 above ema21 above ema200)"",
    ""Trend health state is BULL with bull_score 10 vs bear_score 3"",
    ""ADX 32.47 indicates trending market favoring continuation"",
    ""Micro structure shows higher low detected and liquidity sweep of recent high"",
    ""Edge score 4.2 above threshold 3.0 supports trade quality"",
    ""Price near micro support (64973) with 0.178% distance offers pullback entry""
  ],
  ""reasons_against_trade"": [
    ""Price is near resistance (65677) at 0.945% distance, limiting upside"",
    ""Reversal risk score 41 suggests moderate reversal probability"",
    ""Volume ratio extremely low (0.00138) indicates weak participation"",
    ""Delta is negative (-0.76) showing selling pressure on recent moves"",
    ""Market regime tracker shows recent compression/trending cycles, potential exhaustion""
  ],
  ""bull_score"": 8,
  ""bear_score"": 3
}
```",65052.5,64984.0,MAKER,TAKER,0.03074,9.5,35.881,-2.11,-2.11,0.0,0.0,0.0,0.0,-10.53,23.99953,THESIS_FAST_CUT,-0.761634,0.001381,8e-06,0.085566,False,True,"{'price': 65062.0, 'ret_1m': 1.5363579099386993e-05, 'ret_5m': 0.00043035873474531986, 'ema9': 65116.46108351525, 'ema21': 64873.55318636933, 'ema200': 64184.99581124229, 'dist_to_support': 0.027112600288955152, 'dist_to_resistance': 0.009452522209584703, 'volume': 2.0002000000000003e-05, 'volume_ratio': 0.0013807833073239783, 'delta': -0.7616344649999992, 'velocity': 7.68311141766686e-06, 'imbalance': 0.08556604553786144, 'candle_range': 220.2, 'body_ratio': 0.5427508777512998, 'wick_ratio': 0.45724912224870023}",4.2,"{'early_fail_enabled': True, 'invert_signal': False, 'ai_enabled': True, 'edge_threshold': 3.0, 'edge_threshold_max': None, 'edge_range_preset': 'min_only', 'ai_threshold': 44.0, 'leverage': 100, 'pullback_threshold': 0.001}","{'ema9': 65116.46108351525, 'ema21': 64873.55318636933, 'ema200': 64184.99581124229, 'ema_spread': 0.003744, 'ema9_slope_pct': -0.0267, 'ema21_slope_pct': 0.1205, 'ema9_above_ema21': True, 'ema21_above_ema200': True}",WEAK_SETUP,4.2,4.2,False,True,INV_False_EF_True,LONG,12,8,SCENARIO_C_EARLY_12_v2_frozen,40.0,10.0,-12.0,2.0,8.0,300,1,2,-32.0,False,False,True,False,480,3,5.0,False,5,0.75,"[[12, 8], [15, 10], [25, 18], [40, 28], [60, 45], [80, 60], [100, 75], [150, 120]]","{""trail_ladder"": [[12, 8], [15, 10], [25, 18], [40, 28], [60, 45], [80, 60], [100, 75], [150, 120]], ""ladder_first_trigger_pct"": 12, ""ladder_first_lock_pct"": 8, ""exit_profile_id"": ""SCENARIO_C_EARLY_12_v2_frozen"", ""peak_never_loser_min_peak"": 40.0, ""peak_never_loser_floor"": 10.0, ""thesis_fast_exit_unreal_pct"": -12.0, ""thesis_mfe_protect_pct"": 2.0, ""thesis_exit_if_above_unreal_pct"": 8.0, ""thesis_min_age_sec"": 300, ""thesis_score_flip_margin"": 1, ""thesis_early_decay_delta"": 2, ""early_fail_pct_threshold"": -32.0, ""type_a_first_candle_enabled"": false, ""type_a_early_fail_enabled"": false, ""scenario_c_exit_profile"": true, ""type_a_stall_enabled"": false, ""type_a_stall_min_age_sec"": 480, ""type_a_stall_min_candles"": 3, ""type_a_stall_max_mfe_pct"": 5.0, ""trend_weakening_enabled"": false, ""spread_penalty_threshold"": 5, ""spread_penalty_margin_mult"": 0.75}",,,
2026-06-22T14:43:32.059580+00:00,cont-ef00783f1132,LONG,64923.25,64958.0,2.174439,5.35,20.0,5,1.07,1.07,0.0,0.0,0.0,0.0,PROFIT_LOCK_LADDER,100,0.18,62,44.0,True,SIM_LIMIT,AI_DIRECT_LIMIT,,,,,0,BULL,SR,60-70,SPAWN,3,3,BULLISH_STRUCTURE,BULL_ALIGNED,32.29,6,8,3,0.01182,bitfinex,tBTCF0:USTF0,v9.83-quality-roster-4-tiles-2026-06-21,BITFINEX_ZERO,v9.83-quality-roster-4-tiles-2026-06-21,CONTINUOUS,Continuous AI Research,APPROVE,64954.0,0.011224,0.025405,NEAR_RESISTANCE,0.003632,0.86252,220.2,2.17444,-1.886843,12.745819,99.127,99.127,99.127,0-5m,AI_DIRECT,AI_DIRECT_CHASE,1,,30.75,0.0,0.0,0.0,False,0.0,0.0,0.00107,2.3e-05,0.010527,0.001336,-2.188892,0.0,0.205435,64954.0,65090.861084,64861.916823,64183.722179,0.00353,NEAR_RESISTANCE,LONG_PREFERRED,0.011224,0.025405,BULL,3.0,44.0,0.0,100,4.4,True,True,APPROVE,62,"```json
{
  ""direction"": ""LONG"",
  ""confidence"": 62,
  ""long_score"": 72,
  ""short_score"": 28,
  ""preferred_direction"": ""LONG"",
  ""entry_zone_low"": 64850,
  ""entry_zone_high"": 64950,
  ""limit_price"": 64900,
  ""expected_mfe"": 350,
  ""expected_mae"": 120,
  ""reversal_probability"": 26,
  ""exit_style"": ""PATIENT"",
  ""reasons_for_trade"": [
    ""MTF agreement is BULL_ALIGNED with 2 bullish timeframes (1h, 4h) and 0 bearish"",
    ""Market structure bias is BULLISH_STRUCTURE with active HH/HL sequence"",
    ""EMA stack is fully bullish (9>21>200) with positive spread"",
    ""Trend health state is BULL with bull_score=10 vs bear_score=3"",
    ""ADX=32.29 (>25) confirms trending conditions favoring continuation"",
    ""Price is near micro support (64973) with only 0.0385% distance, offering a pullback entry"",
    ""Higher low detected and liquidity sweep high suggests bullish intent"",
    ""Regime is COMPRESSION after TRENDING, often precedes expansion in trend direction""
  ],
  ""reasons_against_trade"": [
    ""Price is near resistance (1.15% to recent high) which may cap upside in short term"",
    ""Volume ratio is very low (0.00135), indicating lack of participation"",
    ""Delta is negative (-2.1) showing selling pressure on recent moves"",
    ""Weaken signals present (2) suggesting some loss of momentum"",
    ""Reversal risk score is 26 (moderate), not negligible""
  ],
  ""bull_score"": 8,
  ""bear_score"": 3
}
```

Direction: LONG  
Win probability: 62%  
Long score: 72  
Short score: 28  
Bull score: 8  
Bear score: 3  
Decision: APPROVE  
Reason: Strong bullish trend hierarchy (MTF alignment, structure, EMA stack, ADX) supports continuation. Price pullback to micro support near EMA21 provides a favorable entry zone. Short case is weak due to lack of bearish structure or MTF agreement. Negative delta and low volume are cautionary but not overriding given the strong trend context.",64923.25,64958.0,MAKER,TAKER,0.030791,30.75,99.127,1.07,1.07,0.0,0.0,0.0,0.0,5.35,130.466447,PROFIT_LOCK_LADDER,-2.188892,0.001336,2.3e-05,0.205435,False,True,"{'price': 64954.0, 'ret_1m': 0.0, 'ret_5m': 0.00043126020392446785, 'ema9': 65090.86108351525, 'ema21': 64861.91682273297, 'ema200': 64183.7221794015, 'dist_to_support': 0.025404939336084252, 'dist_to_resistance': 0.011224364106669951, 'volume': 0.010527089, 'volume_ratio': 0.0013363982468913972, 'delta': -2.1888916660000004, 'velocity': 2.3111596572297448e-05, 'imbalance': 0.2054349512137858, 'candle_range': 220.2, 'body_ratio': 0.5427508777512998, 'wick_ratio': 0.45724912224870023}",4.4,"{'early_fail_enabled': True, 'invert_signal': False, 'ai_enabled': True, 'edge_threshold': 3.0, 'edge_threshold_max': None, 'edge_range_preset': 'min_only', 'ai_threshold': 44.0, 'leverage': 100, 'pullback_threshold': 0.001}","{'ema9': 65090.86108351525, 'ema21': 64861.91682273297, 'ema200': 64183.7221794015, 'ema_spread': 0.00353, 'ema9_slope_pct': -0.066, 'ema21_slope_pct': 0.1025, 'ema9_above_ema21': True, 'ema21_above_ema200': True}",WEAK_SETUP,4.4,4.4,False,True,INV_False_EF_True,LONG,12,8,SCENARIO_C_EARLY_12_v2_frozen,40.0,10.0,-12.0,2.0,8.0,300,1,2,-32.0,False,False,True,False,480,3,5.0,False,5,0.75,"[[12, 8], [15, 10], [25, 18], [40, 28], [60, 45], [80, 60], [100, 75], [150, 120]]","{""trail_ladder"": [[12, 8], [15, 10], [25, 18], [40, 28], [60, 45], [80, 60], [100, 75], [150, 120]], ""ladder_first_trigger_pct"": 12, ""ladder_first_lock_pct"": 8, ""exit_profile_id"": ""SCENARIO_C_EARLY_12_v2_frozen"", ""peak_never_loser_min_peak"": 40.0, ""peak_never_loser_floor"": 10.0, ""thesis_fast_exit_unreal_pct"": -12.0, ""thesis_mfe_protect_pct"": 2.0, ""thesis_exit_if_above_unreal_pct"": 8.0, ""thesis_min_age_sec"": 300, ""thesis_score_flip_margin"": 1, ""thesis_early_decay_delta"": 2, ""early_fail_pct_threshold"": -32.0, ""type_a_first_candle_enabled"": false, ""type_a_early_fail_enabled"": false, ""scenario_c_exit_profile"": true, ""type_a_stall_enabled"": false, ""type_a_stall_min_age_sec"": 480, ""type_a_stall_min_candles"": 3, ""type_a_stall_max_mfe_pct"": 5.0, ""trend_weakening_enabled"": false, ""spread_penalty_threshold"": 5, ""spread_penalty_margin_mult"": 0.75}",,,
2026-06-22T15:12:33.876122+00:00,cont-1411da712895,LONG,65025.75,65083.0,0.909788,8.8,15.0,7,1.32,1.32,0.0,0.0,0.0,0.0,PROFIT_LOCK_LADDER,100,0.29,62,44.0,True,SIM_LIMIT,AI_DIRECT_LIMIT,,,,,0,BULL,SR,60-70,SPAWN,3,3,BULLISH_STRUCTURE,BULL_ALIGNED,29.84,6,10,3,0.01182,bitfinex,tBTCF0:USTF0,v9.83-quality-roster-4-tiles-2026-06-21,BITFINEX_ZERO,v9.83-quality-roster-4-tiles-2026-06-21,CONTINUOUS,Continuous AI Research,APPROVE,65020.0,0.010105,0.026484,NEAR_RESISTANCE,0.002841,0.61512,270.6,0.909789,0.0,13.417761,108.139,108.139,108.139,0-5m,AI_DIRECT,AI_DIRECT_CHASE,1,,5.75,0.0,0.0,0.0,False,0.0,0.0,0.000336,-3.2e-05,0.018503,0.089944,-0.078807,0.0,0.995696,65020.0,65071.935093,64892.811048,64199.486402,0.00276,NEAR_RESISTANCE,LONG_PREFERRED,0.010105,0.026484,BULL,3.0,44.0,0.0,100,4.0,True,True,APPROVE,62,"```json
{
  ""direction"": ""LONG"",
  ""confidence"": 62,
  ""long_score"": 72,
  ""short_score"": 28,
  ""preferred_direction"": ""LONG"",
  ""entry_zone_low"": 64973,
  ""entry_zone_high"": 65036,
  ""limit_price"": 65004,
  ""expected_mfe"": 0.0085,
  ""expected_mae"": 0.0045,
  ""reversal_probability"": 61,
  ""exit_style"": ""PATIENT"",
  ""reasons_for_trade"": [
    ""Multi-timeframe agreement is BULL_ALIGNED (15m ranging, 1h/4h bullish) - strong HTF trend support"",
    ""Market structure bias is BULLISH_STRUCTURE with active HH/HL sequence and structure_score=3"",
    ""EMA stack is fully bullish (price above EMA9/21/200, EMA9 above EMA21, EMA21 above EMA200)"",
    ""Trend health state is BULL with bull_score=10 vs bear_score=3, indicating intact bullish momentum"",
    ""ADX=29.84 (>25) confirms trending market, favoring continuation over reversal"",
    ""Micro structure shows higher_low_detected=true, micro_support=64973, and price near support with liquidity sweep high already occurred"",
    ""Edge_score=4.0 above threshold=3.0, indicating favorable risk-reward setup"",
    ""Volume ratio is low (0.44) suggesting pullback/consolidation rather than distribution, consistent with bull flag""
  ],
  ""reasons_against_trade"": [
    ""Price is near resistance (dist_to_resistance=0.98%) with reversal_risk_score=61, indicating potential rejection"",
    ""Velocity is slightly negative (-7.68e-06) and delta is negative (-0.0197), showing short-term selling pressure"",
    ""Weaken_signals=3 suggests some loss of bullish momentum at micro level"",
    ""Candle has small body and large wick (wick_ratio=0.495), indicating indecision near resistance""
  ],
  ""bull_score"": 10,
  ""bear_score"": 3
}
```",65025.75,65083.0,MAKER,TAKER,0.02307,5.75,108.139,1.32,1.32,0.0,0.0,0.0,0.0,8.8,54.587419,PROFIT_LOCK_LADDER,-0.078807,0.089944,-3.2e-05,0.995696,False,True,"{'price': 65020.0, 'ret_1m': -0.00012302392815402596, 'ret_5m': 0.0, 'ema9': 65071.93509344976, 'ema21': 64892.81104808253, 'ema200': 64199.48640237308, 'dist_to_support': 0.026484158720393725, 'dist_to_resistance': 0.01010458320516764, 'volume': 0.01850268, 'volume_ratio': 0.08994446828528067, 'delta': -0.07880692399999999, 'velocity': -3.228701843590528e-05, 'imbalance': 0.9956957648364453, 'candle_range': 270.6, 'body_ratio': 0.5049418236873275, 'wick_ratio': 0.4950581763126725}",4.0,"{'early_fail_enabled': True, 'invert_signal': False, 'ai_enabled': True, 'edge_threshold': 3.0, 'edge_threshold_max': None, 'edge_range_preset': 'min_only', 'ai_threshold': 44.0, 'leverage': 100, 'pullback_threshold': 0.001}","{'ema9': 65071.93509344976, 'ema21': 64892.81104808253, 'ema200': 64199.48640237308, 'ema_spread': 0.00276, 'ema9_slope_pct': -0.1, 'ema21_slope_pct': 0.0544, 'ema9_above_ema21': True, 'ema21_above_ema200': True}",MOMENTUM_SHORT,4.0,4.0,False,True,INV_False_EF_True,LONG,12,8,SCENARIO_C_EARLY_12_v2_frozen,40.0,10.0,-12.0,2.0,8.0,300,1,2,-32.0,False,False,True,False,480,3,5.0,False,5,0.75,"[[12, 8], [15, 10], [25, 18], [40, 28], [60, 45], [80, 60], [100, 75], [150, 120]]","{""trail_ladder"": [[12, 8], [15, 10], [25, 18], [40, 28], [60, 45], [80, 60], [100, 75], [150, 120]], ""ladder_first_trigger_pct"": 12, ""ladder_first_lock_pct"": 8, ""exit_profile_id"": ""SCENARIO_C_EARLY_12_v2_frozen"", ""peak_never_loser_min_peak"": 40.0, ""peak_never_loser_floor"": 10.0, ""thesis_fast_exit_unreal_pct"": -12.0, ""thesis_mfe_protect_pct"": 2.0, ""thesis_exit_if_above_unreal_pct"": 8.0, ""thesis_min_age_sec"": 300, ""thesis_score_flip_margin"": 1, ""thesis_early_decay_delta"": 2, ""early_fail_pct_threshold"": -32.0, ""type_a_first_candle_enabled"": false, ""type_a_early_fail_enabled"": false, ""scenario_c_exit_profile"": true, ""type_a_stall_enabled"": false, ""type_a_stall_min_age_sec"": 480, ""type_a_stall_min_candles"": 3, ""type_a_stall_max_mfe_pct"": 5.0, ""trend_weakening_enabled"": false, ""spread_penalty_threshold"": 5, ""spread_penalty_margin_mult"": 0.75}",,,
2026-06-22T15:19:10.608789+00:00,cont-d7b8d137db7b,LONG,65091.75,65012.01,3.056594,-12.26,20.0,5,-2.45,-2.45,0.0,0.0,0.0,0.0,THESIS_FAST_CUT,100,0.41,62,44.0,True,SIM_LIMIT,AI_DIRECT_LIMIT,,,,,0,BULL,SR,60-70,SPAWN,3,3,BULLISH_STRUCTURE,BULL_ALIGNED,29.84,6,8,3,0.01182,bitfinex,tBTCF0:USTF0,v9.83-quality-roster-4-tiles-2026-06-21,BITFINEX_ZERO,v9.83-quality-roster-4-tiles-2026-06-21,CONTINUOUS,Continuous AI Research,APPROVE,65119.0,0.008569,0.027964,NEAR_RESISTANCE,0.002584,0.706649,270.6,3.056595,-12.2504,1.881959,176.337,176.337,176.337,0-5m,AI_DIRECT,AI_DIRECT_CHASE,2,,27.25,0.0,0.0612,0.0612,False,0.0,0.0,0.001505,3.7e-05,0.002154,0.002411,-0.815628,0.0,0.986817,65119.0,65087.135093,64899.720139,64200.242621,0.002888,NEAR_RESISTANCE,LONG_PREFERRED,0.008569,0.027964,BULL,3.0,44.0,0.0,100,4.5,True,True,APPROVE,62,"```json
{
  ""direction"": ""LONG"",
  ""confidence"": 62,
  ""long_score"": 72,
  ""short_score"": 28,
  ""preferred_direction"": ""LONG"",
  ""entry_zone_low"": 64973,
  ""entry_zone_high"": 65119,
  ""limit_price"": 65046,
  ""expected_mfe"": 350,
  ""expected_mae"": 146,
  ""reversal_probability"": 41,
  ""exit_style"": ""PATIENT"",
  ""reasons_for_trade"": [
    ""Multi-timeframe agreement: BULL_ALIGNED across 15m/1h/4h"",
    ""Market structure: BULLISH_STRUCTURE with HH/HL sequence active"",
    ""EMA stack: bullish alignment (9>21>200) with positive spread"",
    ""Trend health: BULL state with bull_score=10, ADX=29.84 (trending)"",
    ""Micro structure: higher low detected, liquidity sweep high suggests momentum"",
    ""Entry stage: EARLY, near micro support (64973) with pullback opportunity"",
    ""Edge score: 4.5 above threshold of 3.0""
  ],
  ""reasons_against_trade"": [
    ""Price near resistance (0.86% away) with reversal risk score 41"",
    ""Volume ratio very low (0.0024) suggesting weak participation"",
    ""Delta negative (-0.816) indicating selling pressure on recent moves"",
    ""Weaken signals: 2 present in trend health"",
    ""Compression regime may precede sharp move either direction""
  ],
  ""bull_score"": 8,
  ""bear_score"": 3
}
```

**Direction:** LONG  
**Win probability:** 62%  
**Long score:** 72  
**Short score:** 28  
**Bull score:** 8/10  
**Bear score:** 3/10  
**Decision:** APPROVE  
**Reason:** Strong bullish alignment across all trend hierarchy layers (MTF, structure, EMA, ADX) supports continuation. Price is pulling back toward micro support (64973) and EMA9 (65087), offering a favorable entry near the moving average in a trending bull market. The low volume and negative delta are cautionary but not sufficient to override the dominant trend structure. Entry zone targets the pullback area with limit below current price.",65091.75,65012.01,MAKER,TAKER,0.030713,27.25,176.337,-2.45,-2.45,0.0,0.0,0.0,0.0,-12.26,183.3958,THESIS_FAST_CUT,-0.815628,0.002411,3.7e-05,0.986817,False,True,"{'price': 65119.0, 'ret_1m': 0.0, 'ret_5m': 0.0003533243210028266, 'ema9': 65087.13509344977, 'ema21': 64899.720138991615, 'ema200': 64200.24262127855, 'dist_to_support': 0.02796418863926043, 'dist_to_resistance': 0.008568927655522966, 'volume': 0.002154499, 'volume_ratio': 0.0024105061621817955, 'delta': -0.8156276570000001, 'velocity': 3.686515658221704e-05, 'imbalance': 0.9868165307370604, 'candle_range': 270.6, 'body_ratio': 0.5049418236873275, 'wick_ratio': 0.4950581763126725}",4.5,"{'early_fail_enabled': True, 'invert_signal': False, 'ai_enabled': True, 'edge_threshold': 3.0, 'edge_threshold_max': None, 'edge_range_preset': 'min_only', 'ai_threshold': 44.0, 'leverage': 100, 'pullback_threshold': 0.001}","{'ema9': 65087.13509344977, 'ema21': 64899.720138991615, 'ema200': 64200.24262127855, 'ema_spread': 0.002888, 'ema9_slope_pct': -0.0767, 'ema21_slope_pct': 0.0651, 'ema9_above_ema21': True, 'ema21_above_ema200': True}",WEAK_SETUP,4.5,4.5,False,True,INV_False_EF_True,LONG,12,8,SCENARIO_C_EARLY_12_v2_frozen,40.0,10.0,-12.0,2.0,8.0,300,1,2,-32.0,False,False,True,False,480,3,5.0,False,5,0.75,"[[12, 8], [15, 10], [25, 18], [40, 28], [60, 45], [80, 60], [100, 75], [150, 120]]","{""trail_ladder"": [[12, 8], [15, 10], [25, 18], [40, 28], [60, 45], [80, 60], [100, 75], [150, 120]], ""ladder_first_trigger_pct"": 12, ""ladder_first_lock_pct"": 8, ""exit_profile_id"": ""SCENARIO_C_EARLY_12_v2_frozen"", ""peak_never_loser_min_peak"": 40.0, ""peak_never_loser_floor"": 10.0, ""thesis_fast_exit_unreal_pct"": -12.0, ""thesis_mfe_protect_pct"": 2.0, ""thesis_exit_if_above_unreal_pct"": 8.0, ""thesis_min_age_sec"": 300, ""thesis_score_flip_margin"": 1, ""thesis_early_decay_delta"": 2, ""early_fail_pct_threshold"": -32.0, ""type_a_first_candle_enabled"": false, ""type_a_early_fail_enabled"": false, ""scenario_c_exit_profile"": true, ""type_a_stall_enabled"": false, ""type_a_stall_min_age_sec"": 480, ""type_a_stall_min_candles"": 3, ""type_a_stall_max_mfe_pct"": 5.0, ""trend_weakening_enabled"": false, ""spread_penalty_threshold"": 5, ""spread_penalty_margin_mult"": 0.75}",,,
2026-06-22T15:35:32.294218+00:00,cont-4de149429594,LONG,64971.12,65070.03,14.169922,15.19,20.0,5,3.04,3.04,0.0,0.0,0.01,0.01,PROFIT_LOCK_LADDER,100,0.51,62,44.0,True,SIM_LIMIT,AI_DIRECT_LIMIT,,,,,0,BULL,SR,60-70,SPAWN,3,3,BULLISH_STRUCTURE,BULL_ALIGNED,28.95,6,8,3,0.01182,bitfinex,tBTCF0:USTF0,v9.83-quality-roster-4-tiles-2026-06-21,BITFINEX_ZERO,v9.83-quality-roster-4-tiles-2026-06-21,CONTINUOUS,Continuous AI Research,APPROVE,65009.0,0.010276,0.026319,NEAR_RESISTANCE,0.002353,0.92312,260.5,14.169923,0.0,27.070489,98.185,98.185,98.185,0-5m,AI_DIRECT,AI_DIRECT_CHASE,2,,37.88,0.0,0.0298,0.0298,False,0.0,0.0,0.006974,-6.9e-05,0.000476,0.023644,-1.183682,0.0,0.880489,65009.0,65070.228075,64909.142275,64208.636549,0.002482,NEAR_RESISTANCE,LONG_PREFERRED,0.010276,0.026319,BULL,3.0,44.0,0.0,100,4.3,True,True,APPROVE,62,"```json
{
  ""direction"": ""LONG"",
  ""confidence"": 62,
  ""long_score"": 72,
  ""short_score"": 28,
  ""preferred_direction"": ""LONG"",
  ""entry_zone_low"": 64852,
  ""entry_zone_high"": 65009,
  ""limit_price"": 64930,
  ""expected_mfe"": 350,
  ""expected_mae"": 180,
  ""reversal_probability"": 61,
  ""exit_style"": ""PATIENT"",
  ""reasons_for_trade"": [
    ""MTF agreement is BULL_ALIGNED (15m ranging, 1h/4h bullish) supporting continuation"",
    ""Market structure bias is BULLISH_STRUCTURE with HL sequence intact and structure_score 3"",
    ""EMA stack is fully bullish (price above EMA9/21/200, EMA9 above EMA21, EMA21 above EMA200)"",
    ""Trend health state is BULL with bull_score 10 vs bear_score 3, indicating strong bullish momentum"",
    ""ADX at 28.95 confirms trending market (>=25) favoring continuation in trend direction"",
    ""Price is near micro support (64852) with distance 0.24%, offering a pullback entry within bull trend"",
    ""Higher low detected and micro structure confirmed, supporting bullish micro structure"",
    ""Edge score 4.3 above threshold 3.0, indicating favorable risk-reward setup"",
    ""Liquidity sweeps both high and low suggest potential for continuation after sweep""
  ],
  ""reasons_against_trade"": [
    ""Reversal risk score is 61 (moderate), indicating potential for mean reversion or reversal"",
    ""Price is near resistance (65677) with only 1.04% distance, limiting upside room"",
    ""Volume ratio is very low (0.024), suggesting lack of conviction in current move"",
    ""Delta is negative (-1.18) and velocity is slightly negative, showing short-term selling pressure"",
    ""Weaken signals count is 3, indicating some deterioration in trend health"",
    ""Current regime is COMPRESSION (391s duration), which may precede a breakout but also increases uncertainty""
  ],
  ""bull_score"": 8,
  ""bear_score"": 3
}
```

Direction: LONG  
Win probability: 62%  
Long score: 72  
Short score: 28  
Bull score: 8  
Bear score: 3  
Decision: APPROVE  
Reason: Strong bullish trend hierarchy (MTF BULL_ALIGNED, bullish structure, EMA stack, ADX>25) supports continuation. Price pullback to micro support (64852) offers a favorable entry within the bull trend. Despite moderate reversal risk and low volume, the trend alignment and edge score justify a long entry with a patient exit targeting the resistance zone.",64971.12,65070.03,MAKER,TAKER,0.030765,37.88,98.185,3.04,3.04,0.0,0.0,0.01,0.01,15.19,850.195404,PROFIT_LOCK_LADDER,-1.183682,0.023644,-6.9e-05,0.880489,False,True,"{'price': 65009.0, 'ret_1m': 0.00018462390571872547, 'ret_5m': -0.00021530842932500807, 'ema9': 65070.22807475982, 'ema21': 64909.142275113845, 'ema200': 64208.636548606875, 'dist_to_support': 0.026319432693934684, 'dist_to_resistance': 0.010275500315340953, 'volume': 0.00047591500000000004, 'volume_ratio': 0.023643747208576614, 'delta': -1.1836821950000016, 'velocity': -6.916185642858973e-05, 'imbalance': 0.8804892955131202, 'candle_range': 260.5, 'body_ratio': 0.5310858271572906, 'wick_ratio': 0.4689141728427094}",4.3,"{'early_fail_enabled': True, 'invert_signal': False, 'ai_enabled': True, 'edge_threshold': 3.0, 'edge_threshold_max': None, 'edge_range_preset': 'min_only', 'ai_threshold': 44.0, 'leverage': 100, 'pullback_threshold': 0.001}","{'ema9': 65070.22807475982, 'ema21': 64909.142275113845, 'ema200': 64208.636548606875, 'ema_spread': 0.002482, 'ema9_slope_pct': -0.0434, 'ema21_slope_pct': 0.0675, 'ema9_above_ema21': True, 'ema21_above_ema200': True}",MOMENTUM_SHORT,4.3,4.3,False,True,INV_False_EF_True,LONG,12,8,SCENARIO_C_EARLY_12_v2_frozen,40.0,10.0,-12.0,2.0,8.0,300,1,2,-32.0,False,False,True,False,480,3,5.0,False,5,0.75,"[[12, 8], [15, 10], [25, 18], [40, 28], [60, 45], [80, 60], [100, 75], [150, 120]]","{""trail_ladder"": [[12, 8], [15, 10], [25, 18], [40, 28], [60, 45], [80, 60], [100, 75], [150, 120]], ""ladder_first_trigger_pct"": 12, ""ladder_first_lock_pct"": 8, ""exit_profile_id"": ""SCENARIO_C_EARLY_12_v2_frozen"", ""peak_never_loser_min_peak"": 40.0, ""peak_never_loser_floor"": 10.0, ""thesis_fast_exit_unreal_pct"": -12.0, ""thesis_mfe_protect_pct"": 2.0, ""thesis_exit_if_above_unreal_pct"": 8.0, ""thesis_min_age_sec"": 300, ""thesis_score_flip_margin"": 1, ""thesis_early_decay_delta"": 2, ""early_fail_pct_threshold"": -32.0, ""type_a_first_candle_enabled"": false, ""type_a_early_fail_enabled"": false, ""scenario_c_exit_profile"": true, ""type_a_stall_enabled"": false, ""type_a_stall_min_age_sec"": 480, ""type_a_stall_min_candles"": 3, ""type_a_stall_max_mfe_pct"": 5.0, ""trend_weakening_enabled"": false, ""spread_penalty_threshold"": 5, ""spread_penalty_margin_mult"": 0.75}",,,
2026-06-22T16:10:52.900244+00:00,cont-f1196206849f,LONG,64876.0,64791.0,16.246072,-13.14,15.0,7,-1.97,-1.97,0.0,0.0,0.01,0.01,THESIS_INVALIDATED,100,0.44,62,44.0,True,SIM_LIMIT,AI_DIRECT_LIMIT,,,,,0,BULL,SR,60-70,SPAWN,3,3,BULLISH_STRUCTURE,BULL_ALIGNED,26.21,6,10,3,0.01051,bitfinex,tBTCF0:USTF0,v9.83-quality-roster-4-tiles-2026-06-21,BITFINEX_ZERO,v9.83-quality-roster-4-tiles-2026-06-21,CONTINUOUS,Continuous AI Research,APPROVE,64939.0,0.011365,0.02527,NEAR_RESISTANCE,0.001139,0.221793,243.2,16.246073,-28.824219,4.315926,114.939,114.939,114.939,0-5m,AI_DIRECT,AI_DIRECT_CHASE,1,,63.0,0.0,0.0,0.0,False,0.0,0.0,0.005562,2.8e-05,0.001008,6.265861,0.004284,0.0,0.583537,64939.0,65043.929968,64926.731407,64226.508109,0.001805,NEAR_RESISTANCE,LONG_PREFERRED,0.011365,0.02527,BULL,3.0,44.0,0.0,100,3.6,True,True,APPROVE,62,"```json
{
  ""direction"": ""LONG"",
  ""confidence"": 62,
  ""long_score"": 72,
  ""short_score"": 28,
  ""preferred_direction"": ""LONG"",
  ""entry_zone_low"": 64800,
  ""entry_zone_high"": 64900,
  ""limit_price"": 64850,
  ""expected_mfe"": 180,
  ""expected_mae"": 120,
  ""reversal_probability"": 15,
  ""exit_style"": ""PATIENT"",
  ""reasons_for_trade"": [
    ""Multi-timeframe agreement is BULL_ALIGNED (15m ranging, 1h/4h bullish) - strong HTF trend support"",
    ""Market structure bias is BULLISH_STRUCTURE with structure_score 3 and last swing low holding"",
    ""EMA stack is fully bullish (ema9 > ema21 > ema200) with positive spread"",
    ""Trend health state is BULL with bull_score 10 vs bear_score 3, no weaken signals"",
    ""ADX 26.21 > 25 confirms trending market, favoring continuation"",
    ""Micro structure shows higher_low_detected, liquidity sweep low, and price near micro support (64852)"",
    ""Volume ratio 6.27 is extremely high, delta positive (0.0043), indicating aggressive buying"",
    ""Edge_score 3.6 above threshold 3.0, quality_score 85.5 - high confidence in setup quality"",
    ""Entry stage is EARLY with micro_structure_confirmed, suggesting pullback entry opportunity""
  ],
  ""reasons_against_trade"": [
    ""Price is near resistance (dist_to_resistance 1.16%) - limited upside room to next major level"",
    ""Reversal risk score 15 indicates some caution, though not alarming"",
    ""15m timeframe is RANGING, suggesting possible consolidation before continuation"",
    ""Funding rate positive (0.01182% per 8h) means longs pay shorts - mild headwind"",
    ""Recent price action shows wick_ratio 0.37, indicating some selling pressure at highs""
  ],
  ""bull_score"": 10,
  ""bear_score"": 3
}
```",64876.0,64791.0,MAKER,TAKER,0.023099,63.0,114.939,-1.97,-1.97,0.0,0.0,0.01,0.01,-13.14,974.764425,THESIS_INVALIDATED,0.004284,6.265861,2.8e-05,0.583537,False,True,"{'price': 64939.0, 'ret_1m': 0.0, 'ret_5m': 0.0, 'ema9': 65043.92996784629, 'ema21': 64926.73140692804, 'ema200': 64226.50810941032, 'dist_to_support': 0.025269868645960054, 'dist_to_resistance': 0.011364511310614576, 'volume': 0.001008, 'volume_ratio': 6.265861027190331, 'delta': 0.0042840000000000005, 'velocity': 2.7724154873379218e-05, 'imbalance': 0.5835371410749611, 'candle_range': 243.2, 'body_ratio': 0.6343566122753306, 'wick_ratio': 0.36564338772466937}",3.6,"{'early_fail_enabled': True, 'invert_signal': False, 'ai_enabled': True, 'edge_threshold': 3.0, 'edge_threshold_max': None, 'edge_range_preset': 'min_only', 'ai_threshold': 44.0, 'leverage': 100, 'pullback_threshold': 0.001}","{'ema9': 65043.92996784629, 'ema21': 64926.73140692804, 'ema200': 64226.50810941032, 'ema_spread': 0.001805, 'ema9_slope_pct': -0.0685, 'ema21_slope_pct': 0.0406, 'ema9_above_ema21': True, 'ema21_above_ema200': True}",MOMENTUM_LONG,3.6,3.6,False,True,INV_False_EF_True,LONG,12,8,SCENARIO_C_EARLY_12_v2_frozen,40.0,10.0,-12.0,2.0,8.0,300,1,2,-32.0,False,False,True,False,480,3,5.0,False,5,0.75,"[[12, 8], [15, 10], [25, 18], [40, 28], [60, 45], [80, 60], [100, 75], [150, 120]]","{""trail_ladder"": [[12, 8], [15, 10], [25, 18], [40, 28], [60, 45], [80, 60], [100, 75], [150, 120]], ""ladder_first_trigger_pct"": 12, ""ladder_first_lock_pct"": 8, ""exit_profile_id"": ""SCENARIO_C_EARLY_12_v2_frozen"", ""peak_never_loser_min_peak"": 40.0, ""peak_never_loser_floor"": 10.0, ""thesis_fast_exit_unreal_pct"": -12.0, ""thesis_mfe_protect_pct"": 2.0, ""thesis_exit_if_above_unreal_pct"": 8.0, ""thesis_min_age_sec"": 300, ""thesis_score_flip_margin"": 1, ""thesis_early_decay_delta"": 2, ""early_fail_pct_threshold"": -32.0, ""type_a_first_candle_enabled"": false, ""type_a_early_fail_enabled"": false, ""scenario_c_exit_profile"": true, ""type_a_stall_enabled"": false, ""type_a_stall_min_age_sec"": 480, ""type_a_stall_min_candles"": 3, ""type_a_stall_max_mfe_pct"": 5.0, ""trend_weakening_enabled"": false, ""spread_penalty_threshold"": 5, ""spread_penalty_margin_mult"": 0.75}",,,
2026-06-22T17:03:43.131415+00:00,cont-ecec899ece9f,LONG,64722.93,64758.0,37.404402,5.34,20.0,4,1.07,1.08,0.0,0.0,0.02,0.02,THESIS_INVALIDATED,100,0.18,58,44.0,True,SIM_LIMIT,AI_DIRECT_LIMIT,,,,,0,BULL,SR,50-60,SPAWN,3,3,BULLISH_STRUCTURE,BULL_ALIGNED,24.11,5,8,4,0.01051,bitfinex,tBTCF0:USTF0,v9.83-quality-roster-4-tiles-2026-06-21,BITFINEX_ZERO,v9.83-quality-roster-4-tiles-2026-06-21,CONTINUOUS,Continuous AI Research,APPROVE,64765.0,0.014082,0.022651,NEAR_RESISTANCE,-0.000384,0.740867,221.8,37.404403,-20.692821,4.954967,88.55,88.55,88.55,0-5m,AI_DIRECT,AI_DIRECT_CHASE,1,,42.07,0.0,0.0,0.0,False,0.0,0.0,0.016532,-3e-06,0.076218,0.35189,0.536626,0.0,0.721606,64765.0,64948.603179,64901.281403,64239.316064,0.000729,NEAR_RESISTANCE,LONG_PREFERRED,0.014082,0.022651,BULL,3.0,44.0,0.0,100,3.4,True,True,APPROVE,58,"```json
{
  ""direction"": ""LONG"",
  ""confidence"": 58,
  ""long_score"": 72,
  ""short_score"": 28,
  ""preferred_direction"": ""LONG"",
  ""entry_zone_low"": 64700,
  ""entry_zone_high"": 64850,
  ""limit_price"": 64775,
  ""expected_mfe"": 0.0085,
  ""expected_mae"": 0.0045,
  ""reversal_probability"": 38,
  ""exit_style"": ""PATIENT"",
  ""reasons_for_trade"": [
    ""Multi-timeframe agreement is BULL_ALIGNED (15m ranging, 1h/4h bullish)"",
    ""EMA stack is bullish (9>21>200, all aligned)"",
    ""Trend health state is BULL with bull_score 8 vs bear_score 4"",
    ""Market structure bias is BULLISH_STRUCTURE with structure_score 3"",
    ""Higher low detected at 64852, micro support holding"",
    ""Liquidity sweep low already occurred (potential stop hunt before continuation)"",
    ""Price near micro support (0.13% above) with favorable risk/reward for long"",
    ""Edge score 3.4 above threshold 3.0, indicating statistical edge"",
    ""Funding rate positive (0.0105% per 8h) but moderate, not extreme""
  ],
  ""reasons_against_trade"": [
    ""Price is near resistance (1.41% to resistance vs 2.26% to support)"",
    ""ADX at 24.11 just below 25 threshold, not strongly trending"",
    ""Volume ratio low at 0.35, suggesting lack of conviction"",
    ""Bear_score increased by 1 in last 15m, bull_score decreased by 1"",
    ""Reversal risk score at 38, moderate risk of mean reversion"",
    ""Velocity slightly negative (-0.0003%), short-term weakness"",
    ""Market regime tracker shows COMPRESSION, potential breakout uncertainty""
  ],
  ""bull_score"": 8,
  ""bear_score"": 4
}
```

**Direction: LONG**  
**Win probability: 58%**  
**Long score: 72**  
**Short score: 28**  
**Bull score: 8**  
**Bear score: 4**  
**Decision: APPROVE**  
**Reason:** The trend hierarchy strongly favors longs: BULL_ALIGNED multi-timeframe, bullish EMA stack, bullish structure, and trend health bull_score 8. Price is pulling back toward micro support (64852) after a liquidity sweep low, creating a favorable entry near support within an uptrend. The short case is weak - no bearish alignment, no structure breakdown, and ADX below 25. The 38 reversal probability is manageable given the bullish context. Entry zone targets a pullback to 64700-64850, with limit at 64775 (below current price). Exit style PATIENT to allow trend continuation toward resistance at 65180+.",64722.93,64758.0,MAKER,TAKER,0.030881,42.07,88.55,1.07,1.08,0.0,0.0,0.02,0.02,5.34,2244.264253,THESIS_INVALIDATED,0.536626,0.35189,-3e-06,0.721606,False,True,"{'price': 64765.0, 'ret_1m': 4.6323461289027514e-05, 'ret_5m': -0.00037043325255830466, 'ema9': 64948.60317942164, 'ema21': 64901.28140316693, 'ema200': 64239.316063846374, 'dist_to_support': 0.02265112329190149, 'dist_to_resistance': 0.01408167991970972, 'volume': 0.076217523, 'volume_ratio': 0.3518895957155587, 'delta': 0.5366260319999999, 'velocity': -3.0636503998851064e-06, 'imbalance': 0.7216058091279738, 'candle_range': 221.8, 'body_ratio': 0.4338886190349328, 'wick_ratio': 0.5661113809650672}",3.4,"{'early_fail_enabled': True, 'invert_signal': False, 'ai_enabled': True, 'edge_threshold': 3.0, 'edge_threshold_max': None, 'edge_range_preset': 'min_only', 'ai_threshold': 44.0, 'leverage': 100, 'pullback_threshold': 0.001}","{'ema9': 64948.60317942164, 'ema21': 64901.28140316693, 'ema200': 64239.316063846374, 'ema_spread': 0.000729, 'ema9_slope_pct': -0.2198, 'ema21_slope_pct': -0.0505, 'ema9_above_ema21': True, 'ema21_above_ema200': True}",WEAK_SETUP,3.4,3.4,False,True,INV_False_EF_True,LONG,12,8,SCENARIO_C_EARLY_12_v2_frozen,40.0,10.0,-12.0,2.0,8.0,300,1,2,-32.0,False,False,True,False,480,3,5.0,False,5,0.75,"[[12, 8], [15, 10], [25, 18], [40, 28], [60, 45], [80, 60], [100, 75], [150, 120]]","{""trail_ladder"": [[12, 8], [15, 10], [25, 18], [40, 28], [60, 45], [80, 60], [100, 75], [150, 120]], ""ladder_first_trigger_pct"": 12, ""ladder_first_lock_pct"": 8, ""exit_profile_id"": ""SCENARIO_C_EARLY_12_v2_frozen"", ""peak_never_loser_min_peak"": 40.0, ""peak_never_loser_floor"": 10.0, ""thesis_fast_exit_unreal_pct"": -12.0, ""thesis_mfe_protect_pct"": 2.0, ""thesis_exit_if_above_unreal_pct"": 8.0, ""thesis_min_age_sec"": 300, ""thesis_score_flip_margin"": 1, ""thesis_early_decay_delta"": 2, ""early_fail_pct_threshold"": -32.0, ""type_a_first_candle_enabled"": false, ""type_a_early_fail_enabled"": false, ""scenario_c_exit_profile"": true, ""type_a_stall_enabled"": false, ""type_a_stall_min_age_sec"": 480, ""type_a_stall_min_candles"": 3, ""type_a_stall_max_mfe_pct"": 5.0, ""trend_weakening_enabled"": false, ""spread_penalty_threshold"": 5, ""spread_penalty_margin_mult"": 0.75}",,,
2026-06-22T17:05:22.997958+00:00,c604c-d5d9b4ac0a75,LONG,64648.29,64751.02,29.14476,15.83,20.0,4,3.17,3.18,0.0,0.0,0.01,0.01,PROFIT_LOCK_LADDER,100,0.53,62,44.0,True,SIM_LIMIT,AI_DIRECT_LIMIT,,,,,0,BULL,SR,60-70,SPAWN,3,3,BULLISH_STRUCTURE,BULL_ALIGNED,24.11,5,8,4,0.01051,bitfinex,tBTCF0:USTF0,v9.83-quality-roster-4-tiles-2026-06-21,BITFINEX_ZERO,v9.83-quality-roster-4-tiles-2026-06-21,COMBO_604_SP4_CHASE_3PLUS,AI60-65 · Spread4 · Chase 3+,APPROVE,64708.0,0.014724,0.022032,NEAR_RESISTANCE,-0.000232,0.803871,221.8,29.144761,-9.171163,25.787225,463.305,463.305,463.305,5-15m,AI_DIRECT,AI_DIRECT,0,,59.71,0.0,0.2774,0.2774,False,0.0,0.0,0.012754,4.2e-05,0.013069,0.001783,0.736223,0.0,0.183746,64713.0,64931.003179,64893.281403,64238.440442,0.000581,NEAR_RESISTANCE,LONG_PREFERRED,0.014724,0.022032,BULL,3.0,44.0,0.0,100,4.2,True,True,APPROVE,62,"```json
{
  ""direction"": ""LONG"",
  ""confidence"": 62,
  ""long_score"": 72,
  ""short_score"": 28,
  ""preferred_direction"": ""LONG"",
  ""entry_zone_low"": 64650,
  ""entry_zone_high"": 64800,
  ""limit_price"": 64725,
  ""expected_mfe"": 180,
  ""expected_mae"": 120,
  ""reversal_probability"": 15,
  ""exit_style"": ""PATIENT"",
  ""reasons_for_trade"": [
    ""Multi-timeframe agreement is BULL_ALIGNED (15m ranging, 1h/4h bullish)"",
    ""EMA stack is bullish (9>21>200, all slopes positive)"",
    ""Trend health state is BULL with bull_score 8 vs bear_score 4"",
    ""Market structure bias is BULLISH_STRUCTURE with structure_score 3"",
    ""Higher low detected at 64852, micro support holding"",
    ""Volume ratio elevated at 1.94, delta positive at 0.78"",
    ""Edge score 4.2 above threshold 3.0"",
    ""Liquidity sweep low occurred, suggesting absorption of sell-side liquidity"",
    ""Regime is BULL, trend_health intact with no weaken signals""
  ],
  ""reasons_against_trade"": [
    ""Price is near resistance (1.49% away), potential rejection zone"",
    ""ADX at 24.11 just below 25 trending threshold, trend strength moderate"",
    ""Price below EMA9 and EMA21 by 0.34% and 0.28%, short-term weakness"",
    ""Candle range is relatively small (221.8), suggesting compression"",
    ""Funding rate positive (0.0105% per 8h), longs paying shorts - mild headwind""
  ],
  ""bull_score"": 8,
  ""bear_score"": 4
}
```

**Direction:** LONG  
**Win probability:** 62%  
**Long score:** 72  
**Short score:** 28  
**Bull score:** 8  
**Bear score:** 4  
**Decision:** APPROVE  

**Reason:** The trend hierarchy strongly favors continuation of the bull trend. MTF agreement is BULL_ALIGNED, EMA stack is bullish, market structure is bullish with higher lows, and trend health is intact (bull_score 8). The recent liquidity sweep low and positive delta/volume suggest buying pressure. While price is near resistance, the continuation bias outweighs the location risk. Entry is planned on a pullback to the micro support zone (64852) for better risk/reward. The short case is weak due to lack of bearish structure or MTF alignment.",64648.29,64751.02,MAKER,TAKER,0.030908,59.71,463.305,3.17,3.18,0.0,0.0,0.01,0.01,15.83,1748.685693,PROFIT_LOCK_LADDER,0.736223,0.001783,4.2e-05,0.183746,False,True,"{'price': 64713.0, 'ret_1m': 4.636068613815485e-05, 'ret_5m': 0.0004019354738973828, 'ema9': 64931.003179421634, 'ema21': 64893.28140316693, 'ema200': 64238.44044195583, 'dist_to_support': 0.022032012854582537, 'dist_to_resistance': 0.014724059081638959, 'volume': 0.013068695000000002, 'volume_ratio': 0.0017832876134055008, 'delta': 0.7362233509999994, 'velocity': 4.1737110877444525e-05, 'imbalance': 0.18374583021370333, 'candle_range': 221.8, 'body_ratio': 0.4338886190349328, 'wick_ratio': 0.5661113809650672}",4.0,"{'early_fail_enabled': True, 'invert_signal': False, 'ai_enabled': True, 'edge_threshold': 3.0, 'edge_threshold_max': None, 'edge_range_preset': 'min_only', 'ai_threshold': 44.0, 'leverage': 100, 'pullback_threshold': 0.001}","{'ema9': 64931.003179421634, 'ema21': 64893.28140316693, 'ema200': 64238.44044195583, 'ema_spread': 0.000581, 'ema9_slope_pct': -0.2468, 'ema21_slope_pct': -0.0629, 'ema9_above_ema21': True, 'ema21_above_ema200': True}",MOMENTUM_LONG,4.0,4.0,False,True,INV_False_EF_True,LONG,12,8,SCENARIO_C_EARLY_12_v2_frozen,40.0,10.0,-12.0,2.0,8.0,300,1,2,-32.0,False,False,True,False,480,3,5.0,False,5,0.75,"[[12, 8], [15, 10], [25, 18], [40, 28], [60, 45], [80, 60], [100, 75], [150, 120]]","{""trail_ladder"": [[12, 8], [15, 10], [25, 18], [40, 28], [60, 45], [80, 60], [100, 75], [150, 120]], ""ladder_first_trigger_pct"": 12, ""ladder_first_lock_pct"": 8, ""exit_profile_id"": ""SCENARIO_C_EARLY_12_v2_frozen"", ""peak_never_loser_min_peak"": 40.0, ""peak_never_loser_floor"": 10.0, ""thesis_fast_exit_unreal_pct"": -12.0, ""thesis_mfe_protect_pct"": 2.0, ""thesis_exit_if_above_unreal_pct"": 8.0, ""thesis_min_age_sec"": 300, ""thesis_score_flip_margin"": 1, ""thesis_early_decay_delta"": 2, ""early_fail_pct_threshold"": -32.0, ""type_a_first_candle_enabled"": false, ""type_a_early_fail_enabled"": false, ""scenario_c_exit_profile"": true, ""type_a_stall_enabled"": false, ""type_a_stall_min_age_sec"": 480, ""type_a_stall_min_candles"": 3, ""type_a_stall_max_mfe_pct"": 5.0, ""trend_weakening_enabled"": false, ""spread_penalty_threshold"": 5, ""spread_penalty_margin_mult"": 0.75}",,,
2026-06-22T18:26:21.444007+00:00,cont-7b972c955b54,SHORT,64721.0,64669.74,1.311183,7.92,20.0,4,1.58,1.58,0.0,0.0,-0.0,-0.0,PROFIT_LOCK_LADDER,100,0.26,62,44.0,True,SIM_LIMIT,AI_DIRECT_LIMIT,,,,,0,BULL,SR,60-70,SPAWN,-3,-3,BEARISH_STRUCTURE,MIXED,18.54,-3,3,7,0.01051,bitfinex,tBTCF0:USTF0,v9.83-quality-roster-4-tiles-2026-06-21,BITFINEX_ZERO,v9.83-quality-roster-4-tiles-2026-06-21,CONTINUOUS,Continuous AI Research,APPROVE,64721.0,0.014897,0.021866,NEAR_RESISTANCE,-0.000999,0.49456,114.3,1.311184,-1.390584,12.206239,615.025,615.025,615.025,5-15m,AI_DIRECT,AI_DIRECT_CHASE,6,,0.0,0.0,0.2392,0.2392,False,0.0,0.0,-0.000574,1.7e-05,0.008592,1.42664,-0.452498,0.0,0.007261,64721.0,64702.105768,64771.063447,64274.8878,-0.001065,NEAR_RESISTANCE,LONG_PREFERRED,0.014897,0.021866,BULL,3.0,44.0,0.0,100,2.6,True,True,APPROVE,62,"```json
{
  ""direction"": ""SHORT"",
  ""confidence"": 62,
  ""long_score"": 30,
  ""short_score"": 70,
  ""preferred_direction"": ""SHORT"",
  ""entry_zone_low"": 64800,
  ""entry_zone_high"": 65180,
  ""limit_price"": 64990,
  ""expected_mfe"": 180,
  ""expected_mae"": 120,
  ""reversal_probability"": 35,
  ""exit_style"": ""AGGRESSIVE"",
  ""reasons_for_trade"": [
    ""Trend health is BEAR with bear_score 7 vs bull_score 3, indicating intact bearish momentum"",
    ""Market structure shows BEARISH_STRUCTURE with LH/LL sequence active and structure_score -3"",
    ""EMA stack is bearish: price below EMA21, EMA9 below EMA21, EMA9 slope negative"",
    ""ADX at 18.54 is below 25 but trend health and structure confirm bearish bias"",
    ""Price is near micro resistance (65180) and macro resistance (65677), providing short entry location"",
    ""Delta is negative (-0.437) indicating selling pressure, imbalance slightly positive but delta dominates"",
    ""Liquidity sweep low detected, suggesting bears have already targeted downside liquidity"",
    ""Market regime is TRANSITION from COMPRESSION, often precedes directional move - bearish structure favors downside""
  ],
  ""reasons_against_trade"": [
    ""ADX below 25 suggests trend strength is weak, risk of mean reversion or range"",
    ""Price is near support (64435) which could provide bounce risk for short entries"",
    ""Volume ratio elevated (1.45) but could indicate exhaustion buying rather than continuation"",
    ""Funding rate positive (0.0105% per 8h) means longs pay shorts, slight headwind for short"",
    ""Multi-timeframe agreement is MIXED (15m ranging, 1h ranging, 4h bullish) - no strong alignment"",
    ""Reversal risk score is 35, indicating moderate chance of bounce from current levels""
  ],
  ""bull_score"": 3,
  ""bear_score"": 7
}
```

Direction: SHORT
Win probability: 62
Long score: 30
Short score: 70
Bull score: 3
Bear score: 7
Decision: APPROVE
Reason: Bearish structure, trend health, and EMA alignment favor short continuation. Price near micro resistance (65180) provides a logical entry zone. Negative delta and liquidity sweep low support downside bias. ADX below 25 tempers confidence but does not override stronger bearish signals. Entry at pullback to resistance zone with aggressive exit to capture quick move toward support.",64721.0,64669.74,MAKER,TAKER,0.030902,0.0,615.025,1.58,1.58,0.0,0.0,-0.0,-0.0,7.92,78.671104,PROFIT_LOCK_LADDER,-0.452498,1.42664,1.7e-05,0.007261,False,True,"{'price': 64721.0, 'ret_1m': 1.545141303172175e-05, 'ret_5m': 0.0002472799208704253, 'ema9': 64702.10576757305, 'ema21': 64771.063447450106, 'ema200': 64274.88779958774, 'dist_to_support': 0.021865776582757714, 'dist_to_resistance': 0.014896543198429991, 'volume': 0.008591500999999998, 'volume_ratio': 1.426639936442486, 'delta': -0.45249803999996807, 'velocity': 1.7003311725495287e-05, 'imbalance': 0.007261317036039159, 'candle_range': 114.3, 'body_ratio': 0.5314374024918777, 'wick_ratio': 0.3685625975081225}",1.5,"{'early_fail_enabled': True, 'invert_signal': False, 'ai_enabled': True, 'edge_threshold': 3.0, 'edge_threshold_max': None, 'edge_range_preset': 'min_only', 'ai_threshold': 44.0, 'leverage': 100, 'pullback_threshold': 0.001}","{'ema9': 64702.10576757305, 'ema21': 64771.063447450106, 'ema200': 64274.88779958774, 'ema_spread': -0.001065, 'ema9_slope_pct': -0.1082, 'ema21_slope_pct': -0.0778, 'ema9_above_ema21': False, 'ema21_above_ema200': True}",WEAK_SETUP,1.5,1.5,False,True,INV_False_EF_True,SHORT,12,8,SCENARIO_C_EARLY_12_v2_frozen,40.0,10.0,-12.0,2.0,8.0,300,1,2,-32.0,False,False,True,False,480,3,5.0,False,5,0.75,"[[12, 8], [15, 10], [25, 18], [40, 28], [60, 45], [80, 60], [100, 75], [150, 120]]","{""trail_ladder"": [[12, 8], [15, 10], [25, 18], [40, 28], [60, 45], [80, 60], [100, 75], [150, 120]], ""ladder_first_trigger_pct"": 12, ""ladder_first_lock_pct"": 8, ""exit_profile_id"": ""SCENARIO_C_EARLY_12_v2_frozen"", ""peak_never_loser_min_peak"": 40.0, ""peak_never_loser_floor"": 10.0, ""thesis_fast_exit_unreal_pct"": -12.0, ""thesis_mfe_protect_pct"": 2.0, ""thesis_exit_if_above_unreal_pct"": 8.0, ""thesis_min_age_sec"": 300, ""thesis_score_flip_margin"": 1, ""thesis_early_decay_delta"": 2, ""early_fail_pct_threshold"": -32.0, ""type_a_first_candle_enabled"": false, ""type_a_early_fail_enabled"": false, ""scenario_c_exit_profile"": true, ""type_a_stall_enabled"": false, ""type_a_stall_min_age_sec"": 480, ""type_a_stall_min_candles"": 3, ""type_a_stall_max_mfe_pct"": 5.0, ""trend_weakening_enabled"": false, ""spread_penalty_threshold"": 5, ""spread_penalty_margin_mult"": 0.75}",,,
2026-06-22T18:27:47.357500+00:00,c604c-6ea7bc40d385,SHORT,64710.0,64661.0,5.555976,7.58,20.0,4,1.52,1.51,0.0,0.0,-0.0,-0.0,PROFIT_LOCK_LADDER,100,0.25,62,44.0,True,SIM_LIMIT,AI_DIRECT_LIMIT,,,,,0,BULL,SR,60-70,SPAWN,-3,-3,BEARISH_STRUCTURE,MIXED,18.54,-3,3,7,0.01051,bitfinex,tBTCF0:USTF0,v9.83-quality-roster-4-tiles-2026-06-21,BITFINEX_ZERO,v9.83-quality-roster-4-tiles-2026-06-21,COMBO_604_SP4_CHASE_3PLUS,AI60-65 · Spread4 · Chase 3+,APPROVE,64708.0,0.01474,0.022017,NEAR_RESISTANCE,-0.001086,0.580666,114.3,5.555977,-4.172462,12.826456,833.848,833.848,833.848,5-15m,AI_DIRECT,AI_DIRECT_CHASE,3,,2.0,0.0,0.0,0.0,False,0.0,0.0,-0.002434,-7.3e-05,0.0065,2.243261,-0.111148,0.0,0.001795,64723.0,64709.105768,64774.245266,64275.236058,-0.001006,NEAR_RESISTANCE,LONG_PREFERRED,0.01474,0.022017,BULL,3.0,44.0,0.0,100,2.7,True,True,APPROVE,62,"```json
{
  ""direction"": ""SHORT"",
  ""confidence"": 62,
  ""long_score"": 28,
  ""short_score"": 72,
  ""preferred_direction"": ""SHORT"",
  ""entry_zone_low"": 64750,
  ""entry_zone_high"": 64850,
  ""limit_price"": 64800,
  ""expected_mfe"": 180,
  ""expected_mae"": 120,
  ""reversal_probability"": 15,
  ""exit_style"": ""AGGRESSIVE"",
  ""reasons_for_trade"": [
    ""Trend health state is BEAR with bear_score 7 vs bull_score 3, indicating intact bearish momentum"",
    ""Market structure bias is BEARISH_STRUCTURE with LH/LL sequence active and structure_score -3"",
    ""EMA alignment shows price below EMA21 and EMA9 below EMA21, bearish stack despite price above EMA200"",
    ""ADX at 18.54 is below 25, but trend health and structure still favor continuation over reversal"",
    ""Orderflow shows negative delta (-0.111) and negative velocity, supporting bearish pressure"",
    ""Micro structure confirms lower high detected and liquidity sweep low, suggesting bear continuation"",
    ""Price is near micro resistance (65180) and macro resistance (65677), providing short entry opportunity on pullback"",
    ""Funding rate positive (0.0105% per 8h) favors shorts, with longs paying shorts""
  ],
  ""reasons_against_trade"": [
    ""MTF agreement is MIXED with 15m and 1h ranging, 4h bullish, reducing conviction for strong directional move"",
    ""ADX below 25 suggests non-trending conditions, increasing risk of mean reversion or choppy price action"",
    ""Price is near support (micro support at 64435) and macro support at 63298, limiting downside if bounce occurs"",
    ""Volume ratio elevated (2.24) could indicate exhaustion or climax, potentially preceding reversal"",
    ""Edge score (2.7) is below threshold (3.0), indicating weak historical edge for this setup""
  ],
  ""bull_score"": 3,
  ""bear_score"": 7
}
```",64710.0,64661.0,MAKER,TAKER,0.030908,2.0,833.848,1.52,1.51,0.0,0.0,-0.0,-0.0,7.58,333.358655,PROFIT_LOCK_LADDER,-0.111148,2.243261,-7.3e-05,0.001795,False,True,"{'price': 64723.0, 'ret_1m': -3.090091621216569e-05, 'ret_5m': 0.00020090251591766087, 'ema9': 64709.10576757305, 'ema21': 64774.24526563192, 'ema200': 64275.23605829421, 'dist_to_support': 0.022016902801168053, 'dist_to_resistance': 0.014739737033203035, 'volume': 0.006500417, 'volume_ratio': 2.2432609132442343, 'delta': -0.11114799899997223, 'velocity': -7.258320126109753e-05, 'imbalance': 0.0017946525770047253, 'candle_range': 114.3, 'body_ratio': 0.5314374024918777, 'wick_ratio': 0.3685625975081225}",2.7,"{'early_fail_enabled': True, 'invert_signal': False, 'ai_enabled': True, 'edge_threshold': 3.0, 'edge_threshold_max': None, 'edge_range_preset': 'min_only', 'ai_threshold': 44.0, 'leverage': 100, 'pullback_threshold': 0.001}","{'ema9': 64709.10576757305, 'ema21': 64774.24526563192, 'ema200': 64275.23605829421, 'ema_spread': -0.001006, 'ema9_slope_pct': -0.0973, 'ema21_slope_pct': -0.0729, 'ema9_above_ema21': False, 'ema21_above_ema200': True}",MOMENTUM_SHORT,2.7,2.7,False,True,INV_False_EF_True,SHORT,12,8,SCENARIO_C_EARLY_12_v2_frozen,40.0,10.0,-12.0,2.0,8.0,300,1,2,-32.0,False,False,True,False,480,3,5.0,False,5,0.75,"[[12, 8], [15, 10], [25, 18], [40, 28], [60, 45], [80, 60], [100, 75], [150, 120]]","{""trail_ladder"": [[12, 8], [15, 10], [25, 18], [40, 28], [60, 45], [80, 60], [100, 75], [150, 120]], ""ladder_first_trigger_pct"": 12, ""ladder_first_lock_pct"": 8, ""exit_profile_id"": ""SCENARIO_C_EARLY_12_v2_frozen"", ""peak_never_loser_min_peak"": 40.0, ""peak_never_loser_floor"": 10.0, ""thesis_fast_exit_unreal_pct"": -12.0, ""thesis_mfe_protect_pct"": 2.0, ""thesis_exit_if_above_unreal_pct"": 8.0, ""thesis_min_age_sec"": 300, ""thesis_score_flip_margin"": 1, ""thesis_early_decay_delta"": 2, ""early_fail_pct_threshold"": -32.0, ""type_a_first_candle_enabled"": false, ""type_a_early_fail_enabled"": false, ""scenario_c_exit_profile"": true, ""type_a_stall_enabled"": false, ""type_a_stall_min_age_sec"": 480, ""type_a_stall_min_candles"": 3, ""type_a_stall_max_mfe_pct"": 5.0, ""trend_weakening_enabled"": false, ""spread_penalty_threshold"": 5, ""spread_penalty_margin_mult"": 0.75}",,,
2026-06-22T18:27:51.303008+00:00,c604c-a933f39f2232,SHORT,64725.57,64677.87,0.64449,7.37,20.0,4,1.47,1.47,0.0,0.0,-0.0,-0.0,PROFIT_LOCK_LADDER,100,0.25,62,44.0,True,SIM_LIMIT,AI_DIRECT_LIMIT,,,,,0,BULL,SR,60-70,SPAWN,-3,-3,BEARISH_STRUCTURE,MIXED,18.54,-3,3,7,0.01051,bitfinex,tBTCF0:USTF0,v9.83-quality-roster-4-tiles-2026-06-21,BITFINEX_ZERO,v9.83-quality-roster-4-tiles-2026-06-21,COMBO_604_SP4_CHASE_3PLUS,AI60-65 · Spread4 · Chase 3+,APPROVE,64735.0,0.014771,0.021987,NEAR_RESISTANCE,-0.001086,0.49456,114.3,0.644491,0.0,14.610918,730.535,730.535,730.535,5-15m,AI_DIRECT,AI_DIRECT_CHASE,7,,9.43,0.0,0.305,0.305,False,0.0,0.0,-0.000282,1.7e-05,0.008592,1.42664,-0.452498,0.0,0.007261,64720.0,64703.505768,64771.699811,64274.957451,-0.001053,NEAR_RESISTANCE,LONG_PREFERRED,0.014771,0.021987,BULL,3.0,44.0,0.0,100,2.6,True,True,APPROVE,62,"```json
{
  ""direction"": ""SHORT"",
  ""confidence"": 62,
  ""long_score"": 30,
  ""short_score"": 70,
  ""preferred_direction"": ""SHORT"",
  ""entry_zone_low"": 64800,
  ""entry_zone_high"": 65180,
  ""limit_price"": 64990,
  ""expected_mfe"": 180,
  ""expected_mae"": 120,
  ""reversal_probability"": 35,
  ""exit_style"": ""AGGRESSIVE"",
  ""reasons_for_trade"": [
    ""Trend health is BEAR with bear_score 7 vs bull_score 3, indicating intact bearish momentum"",
    ""Market structure shows BEARISH_STRUCTURE with LH/LL sequence active and structure_score -3"",
    ""EMA stack is bearish: price below EMA21, EMA9 below EMA21, EMA9 slope negative"",
    ""ADX at 18.54 is below 25 but trend health and structure confirm bearish bias"",
    ""Price is near micro resistance (65180) and macro resistance (65677), providing short entry location"",
    ""Delta is negative (-0.437) indicating selling pressure, imbalance slightly positive but delta dominates"",
    ""Liquidity sweep low detected, suggesting bears have already targeted downside liquidity"",
    ""Market regime is TRANSITION from COMPRESSION, often precedes directional move - bearish structure favors downside""
  ],
  ""reasons_against_trade"": [
    ""ADX below 25 suggests trend strength is weak, risk of mean reversion or range"",
    ""Price is near support (64435) which could provide bounce risk for short entries"",
    ""Volume ratio elevated (1.45) but could indicate exhaustion buying rather than continuation"",
    ""Funding rate positive (0.0105% per 8h) means longs pay shorts, slight headwind for short"",
    ""Multi-timeframe agreement is MIXED (15m ranging, 1h ranging, 4h bullish) - no strong alignment"",
    ""Reversal risk score is 35, indicating moderate chance of bounce from current levels""
  ],
  ""bull_score"": 3,
  ""bear_score"": 7
}
```

Direction: SHORT
Win probability: 62
Long score: 30
Short score: 70
Bull score: 3
Bear score: 7
Decision: APPROVE
Reason: Bearish structure, trend health, and EMA alignment favor short continuation. Price near micro resistance (65180) provides a logical entry zone. Negative delta and liquidity sweep low support downside bias. ADX below 25 tempers confidence but does not override stronger bearish signals. Entry at pullback to resistance zone with aggressive exit to capture quick move toward support.",64725.57,64677.87,MAKER,TAKER,0.030895,9.43,730.535,1.47,1.47,0.0,0.0,-0.0,-0.0,7.37,38.669554,PROFIT_LOCK_LADDER,-0.452498,1.42664,1.7e-05,0.007261,False,True,"{'price': 64721.0, 'ret_1m': 1.545141303172175e-05, 'ret_5m': 0.0002472799208704253, 'ema9': 64703.50576757305, 'ema21': 64771.699811086466, 'ema200': 64274.957451329035, 'dist_to_support': 0.021986681293552326, 'dist_to_resistance': 0.0147710943897653, 'volume': 0.008591500999999998, 'volume_ratio': 1.426639936442486, 'delta': -0.45249803999996807, 'velocity': 1.7003311725495287e-05, 'imbalance': 0.007261317036039159, 'candle_range': 114.3, 'body_ratio': 0.5314374024918777, 'wick_ratio': 0.3685625975081225}",1.5,"{'early_fail_enabled': True, 'invert_signal': False, 'ai_enabled': True, 'edge_threshold': 3.0, 'edge_threshold_max': None, 'edge_range_preset': 'min_only', 'ai_threshold': 44.0, 'leverage': 100, 'pullback_threshold': 0.001}","{'ema9': 64703.50576757305, 'ema21': 64771.699811086466, 'ema200': 64274.957451329035, 'ema_spread': -0.001053, 'ema9_slope_pct': -0.106, 'ema21_slope_pct': -0.0768, 'ema9_above_ema21': False, 'ema21_above_ema200': True}",WEAK_SETUP,1.5,1.5,False,True,INV_False_EF_True,SHORT,12,8,SCENARIO_C_EARLY_12_v2_frozen,40.0,10.0,-12.0,2.0,8.0,300,1,2,-32.0,False,False,True,False,480,3,5.0,False,5,0.75,"[[12, 8], [15, 10], [25, 18], [40, 28], [60, 45], [80, 60], [100, 75], [150, 120]]","{""trail_ladder"": [[12, 8], [15, 10], [25, 18], [40, 28], [60, 45], [80, 60], [100, 75], [150, 120]], ""ladder_first_trigger_pct"": 12, ""ladder_first_lock_pct"": 8, ""exit_profile_id"": ""SCENARIO_C_EARLY_12_v2_frozen"", ""peak_never_loser_min_peak"": 40.0, ""peak_never_loser_floor"": 10.0, ""thesis_fast_exit_unreal_pct"": -12.0, ""thesis_mfe_protect_pct"": 2.0, ""thesis_exit_if_above_unreal_pct"": 8.0, ""thesis_min_age_sec"": 300, ""thesis_score_flip_margin"": 1, ""thesis_early_decay_delta"": 2, ""early_fail_pct_threshold"": -32.0, ""type_a_first_candle_enabled"": false, ""type_a_early_fail_enabled"": false, ""scenario_c_exit_profile"": true, ""type_a_stall_enabled"": false, ""type_a_stall_min_age_sec"": 480, ""type_a_stall_min_candles"": 3, ""type_a_stall_max_mfe_pct"": 5.0, ""trend_weakening_enabled"": false, ""spread_penalty_threshold"": 5, ""spread_penalty_margin_mult"": 0.75}",,,
2026-06-23T00:44:56.716555+00:00,cont-e471790e542f,SHORT,64072.44,64162.99,1.682841,-14.13,15.0,6,-2.12,-2.12,0.0,0.0,-0.0,-0.0,THESIS_FAST_CUT,100,0.47,62,44.0,True,SIM_LIMIT,AI_DIRECT_LIMIT,,,,,0,BEAR,SR,60-70,SPAWN,-12,-12,BEARISH_STRUCTURE,MIXED,35.61,-10,2,8,0.01142,bitfinex,tBTCF0:USTF0,v9.83-quality-roster-4-tiles-2026-06-21,BITFINEX_ZERO,v9.83-quality-roster-4-tiles-2026-06-21,CONTINUOUS,Continuous AI Research,APPROVE,64035.0,0.025642,0.004388,NEAR_SUPPORT,-0.002173,0.299739,185.1,1.682842,-14.134002,0.0,487.965,487.965,487.965,5-15m,AI_DIRECT,AI_DIRECT_CHASE,2,,37.44,0.0,0.0702,0.0702,False,0.0,0.0,-0.00059,-3.7e-05,0.023942,0.049362,0.3883,0.0,0.982751,64035.0,64058.960362,64202.820701,64287.235868,-0.002241,NEAR_SUPPORT,SHORT_PREFERRED,0.025642,0.004388,BEAR,3.0,44.0,0.0,100,3.8,True,True,APPROVE,62,"```json
{
  ""direction"": ""SHORT"",
  ""confidence"": 62,
  ""long_score"": 18,
  ""short_score"": 82,
  ""preferred_direction"": ""SHORT"",
  ""entry_zone_low"": 64080,
  ""entry_zone_high"": 64150,
  ""limit_price"": 64115,
  ""expected_mfe"": 180,
  ""expected_mae"": 80,
  ""reversal_probability"": 53,
  ""exit_style"": ""AGGRESSIVE"",
  ""reasons_for_trade"": [
    ""BEAR regime with strong bearish structure (structure_score -12, LL sequence active)"",
    ""EMA stack bearish (price below EMA9, EMA21, EMA200; EMA9 below EMA21)"",
    ""ADX 35.6 (>25) confirms trending conditions favoring continuation"",
    ""Trend health BEAR with bear_score 9 vs bull_score 3"",
    ""Multi-timeframe agreement: 1h BEARISH, 15m RANGING, no bullish TF"",
    ""Market structure shift labeled BEAR_CONTINUATION"",
    ""Volume ratio elevated (1.81) supporting bearish momentum"",
    ""Funding positive (0.01142% per 8h) favors shorts, longs paying""
  ],
  ""reasons_against_trade"": [
    ""Price near micro support (63820) and macro support (63754) - bounce risk elevated"",
    ""Reversal risk score 53 suggests moderate reversal probability"",
    ""Distance to support only 0.44% vs resistance 2.56% - asymmetric risk"",
    ""Delta positive (0.25) shows some buying pressure at current levels"",
    ""Entry near support zone may reduce short expectancy without strong continuation""
  ],
  ""bull_score"": 2,
  ""bear_score"": 8
}
```

**Direction:** SHORT  
**Win probability:** 62%  
**Long score:** 18  
**Short score:** 82  
**Bull score:** 2/10  
**Bear score:** 8/10  
**Decision:** APPROVE  

**Reason:** The trend hierarchy strongly favors bearish continuation: BEAR regime, bearish structure (LL sequence, structure_score -12), bearish EMA stack, ADX > 25 trending, and 1h BEARISH MTF. The short score (82) far exceeds the long score (18) by more than the required +5 gap. While price is near support (bounce risk), the continuation signals dominate - this is not a lone SR bounce trade but a trend-following short in a confirmed downtrend. The entry zone is set slightly above current price (pullback to micro resistance ~64107) to avoid chasing into support. Exit style AGGRESSIVE given proximity to support and moderate reversal risk.",64072.44,64162.99,MAKER,TAKER,0.023425,37.44,487.965,-2.12,-2.12,0.0,0.0,-0.0,-0.0,-14.13,100.970595,THESIS_FAST_CUT,0.3883,0.049362,-3.7e-05,0.982751,False,True,"{'price': 64035.0, 'ret_1m': 0.0, 'ret_5m': 0.0, 'ema9': 64058.96036167488, 'ema21': 64202.8207005483, 'ema200': 64287.23586779334, 'dist_to_support': 0.004388225189349574, 'dist_to_resistance': 0.025642226907160146, 'volume': 0.023941800000000003, 'volume_ratio': 0.049362423716544444, 'delta': 0.38829983999999995, 'velocity': -3.746743621375625e-05, 'imbalance': 0.982751021185862, 'candle_range': 185.1, 'body_ratio': 0.5448087942767282, 'wick_ratio': 0.45519120572327176}",3.8,"{'early_fail_enabled': True, 'invert_signal': False, 'ai_enabled': True, 'edge_threshold': 3.0, 'edge_threshold_max': None, 'edge_range_preset': 'min_only', 'ai_threshold': 44.0, 'leverage': 100, 'pullback_threshold': 0.001}","{'ema9': 64058.96036167488, 'ema21': 64202.8207005483, 'ema200': 64287.23586779334, 'ema_spread': -0.002241, 'ema9_slope_pct': -0.0834, 'ema21_slope_pct': -0.1044, 'ema9_above_ema21': False, 'ema21_above_ema200': False}",WEAK_SETUP,3.8,3.8,False,True,INV_False_EF_True,SHORT,12,8,SCENARIO_C_EARLY_12_v2_frozen,40.0,10.0,-12.0,2.0,8.0,300,1,2,-32.0,False,False,True,False,480,3,5.0,False,5,0.75,"[[12, 8], [15, 10], [25, 18], [40, 28], [60, 45], [80, 60], [100, 75], [150, 120]]","{""trail_ladder"": [[12, 8], [15, 10], [25, 18], [40, 28], [60, 45], [80, 60], [100, 75], [150, 120]], ""ladder_first_trigger_pct"": 12, ""ladder_first_lock_pct"": 8, ""exit_profile_id"": ""SCENARIO_C_EARLY_12_v2_frozen"", ""peak_never_loser_min_peak"": 40.0, ""peak_never_loser_floor"": 10.0, ""thesis_fast_exit_unreal_pct"": -12.0, ""thesis_mfe_protect_pct"": 2.0, ""thesis_exit_if_above_unreal_pct"": 8.0, ""thesis_min_age_sec"": 300, ""thesis_score_flip_margin"": 1, ""thesis_early_decay_delta"": 2, ""early_fail_pct_threshold"": -32.0, ""type_a_first_candle_enabled"": false, ""type_a_early_fail_enabled"": false, ""scenario_c_exit_profile"": true, ""type_a_stall_enabled"": false, ""type_a_stall_min_age_sec"": 480, ""type_a_stall_min_candles"": 3, ""type_a_stall_max_mfe_pct"": 5.0, ""trend_weakening_enabled"": false, ""spread_penalty_threshold"": 5, ""spread_penalty_margin_mult"": 0.75}",,,
2026-06-23T01:01:06.942472+00:00,cont-0e6cab36c8d6,SHORT,64177.0,64270.0,1.33036,-14.49,15.0,6,-2.17,-2.17,0.0,0.0,-0.0,-0.0,THESIS_FAST_CUT,100,0.48,62,44.0,True,SIM_LIMIT,AI_DIRECT_LIMIT,,,,,0,BEAR,SR,60-70,SPAWN,-9,-9,BEARISH_STRUCTURE,MIXED,34.16,-8,3,9,0.01142,bitfinex,tBTCF0:USTF0,v9.83-quality-roster-4-tiles-2026-06-21,BITFINEX_ZERO,v9.83-quality-roster-4-tiles-2026-06-21,CONTINUOUS,Continuous AI Research,APPROVE,64174.0,0.023421,0.005516,NEAR_SUPPORT,-0.001283,1.0,138.8,1.330361,-12.932982,0.0,276.118,276.118,276.118,0-5m,AI_DIRECT,AI_DIRECT_CHASE,1,,3.0,0.0,0.0,0.0,False,0.0,0.0,-0.000475,3e-06,0.041735,0.002807,0.531636,0.0,0.989969,64174.0,64104.328289,64211.415513,64286.01045,-0.001668,NEAR_SUPPORT,SHORT_PREFERRED,0.023421,0.005516,BEAR,3.0,44.0,0.0,100,3.2,True,True,APPROVE,62,"```json
{
  ""direction"": ""SHORT"",
  ""confidence"": 62,
  ""long_score"": 28,
  ""short_score"": 72,
  ""preferred_direction"": ""SHORT"",
  ""entry_zone_low"": 64150,
  ""entry_zone_high"": 64250,
  ""limit_price"": 64200,
  ""expected_mfe"": 180,
  ""expected_mae"": 80,
  ""reversal_probability"": 34,
  ""exit_style"": ""AGGRESSIVE"",
  ""reasons_for_trade"": [
    ""BEAR regime with strong trend health (bear_score 9 vs bull_score 3)"",
    ""EMA stack bearish (price below EMA21 and EMA200, EMA9 below EMA21)"",
    ""ADX 34.16 (>25) confirms trending conditions favoring continuation"",
    ""Market structure shows BEAR_CONTINUATION with LL sequence intact"",
    ""Funding positive (0.01142% per 8h) favors shorts, longs paying"",
    ""Price near micro resistance (64107) with short distance (0.1%) provides favorable risk/reward for short entry"",
    ""Volume ratio very low (0.0028) suggests lack of buying conviction on bounce""
  ],
  ""reasons_against_trade"": [
    ""Price is near support (0.55% away) which could cause bounce"",
    ""Higher low detected on micro structure suggests some buying interest"",
    ""Reversal risk score elevated at 66 indicating potential for mean reversion"",
    ""MTF agreement is MIXED (15m ranging) reducing directional conviction"",
    ""Delta positive (0.53) shows some aggressive buying in recent candles""
  ],
  ""bull_score"": 3,
  ""bear_score"": 9
}
```",64177.0,64270.0,MAKER,TAKER,0.023374,3.0,276.118,-2.17,-2.17,0.0,0.0,-0.0,-0.0,-14.49,79.82173,THESIS_FAST_CUT,0.531636,0.002807,3e-06,0.989969,False,True,"{'price': 64174.0, 'ret_1m': 0.0002337941676148319, 'ret_5m': 0.0, 'ema9': 64104.3282893399, 'ema21': 64211.41551288768, 'ema200': 64286.01044996543, 'dist_to_support': 0.005516252688004488, 'dist_to_resistance': 0.02342069997195126, 'volume': 0.04173462800000001, 'volume_ratio': 0.00280704347954213, 'delta': 0.531635887, 'velocity': 3.1409871973426525e-06, 'imbalance': 0.9899686401749449, 'candle_range': 138.8, 'body_ratio': 0.5540181061002938, 'wick_ratio': 0.44598189389970627}",3.2,"{'early_fail_enabled': True, 'invert_signal': False, 'ai_enabled': True, 'edge_threshold': 3.0, 'edge_threshold_max': None, 'edge_range_preset': 'min_only', 'ai_threshold': 44.0, 'leverage': 100, 'pullback_threshold': 0.001}","{'ema9': 64104.3282893399, 'ema21': 64211.41551288768, 'ema200': 64286.01044996543, 'ema_spread': -0.001668, 'ema9_slope_pct': 0.0168, 'ema21_slope_pct': -0.0554, 'ema9_above_ema21': False, 'ema21_above_ema200': False}",MOMENTUM_LONG,3.2,3.2,False,True,INV_False_EF_True,SHORT,12,8,SCENARIO_C_EARLY_12_v2_frozen,40.0,10.0,-12.0,2.0,8.0,300,1,2,-32.0,False,False,True,False,480,3,5.0,False,5,0.75,"[[12, 8], [15, 10], [25, 18], [40, 28], [60, 45], [80, 60], [100, 75], [150, 120]]","{""trail_ladder"": [[12, 8], [15, 10], [25, 18], [40, 28], [60, 45], [80, 60], [100, 75], [150, 120]], ""ladder_first_trigger_pct"": 12, ""ladder_first_lock_pct"": 8, ""exit_profile_id"": ""SCENARIO_C_EARLY_12_v2_frozen"", ""peak_never_loser_min_peak"": 40.0, ""peak_never_loser_floor"": 10.0, ""thesis_fast_exit_unreal_pct"": -12.0, ""thesis_mfe_protect_pct"": 2.0, ""thesis_exit_if_above_unreal_pct"": 8.0, ""thesis_min_age_sec"": 300, ""thesis_score_flip_margin"": 1, ""thesis_early_decay_delta"": 2, ""early_fail_pct_threshold"": -32.0, ""type_a_first_candle_enabled"": false, ""type_a_early_fail_enabled"": false, ""scenario_c_exit_profile"": true, ""type_a_stall_enabled"": false, ""type_a_stall_min_age_sec"": 480, ""type_a_stall_min_candles"": 3, ""type_a_stall_max_mfe_pct"": 5.0, ""trend_weakening_enabled"": false, ""spread_penalty_threshold"": 5, ""spread_penalty_margin_mult"": 0.75}",,,
2026-06-23T01:47:21.722093+00:00,cont-824abd6c09d7,SHORT,64114.5,64049.31,7.245556,10.19,15.0,6,1.53,1.53,0.0,0.0,-0.0,-0.0,PROFIT_LOCK_LADDER,100,0.34,62,44.0,True,SIM_LIMIT,AI_DIRECT_LIMIT,,,,,0,BEAR,SR,60-70,SPAWN,-9,-9,BEARISH_STRUCTURE,BEAR_ALIGNED,31.65,-10,2,8,0.01142,bitfinex,tBTCF0:USTF0,v9.83-quality-roster-4-tiles-2026-06-21,BITFINEX_ZERO,v9.83-quality-roster-4-tiles-2026-06-21,CONTINUOUS,Continuous AI Research,APPROVE,64054.0,0.025114,0.003871,NEAR_SUPPORT,-0.001174,0.39018,139.4,7.245557,-7.095119,17.702704,143.889,143.889,143.889,0-5m,AI_DIRECT,AI_DIRECT_CHASE,2,,60.5,0.0,0.3585,0.3585,False,0.0,0.0,-0.002587,2.7e-05,0.000812,1.426103,0.001987,0.0,0.524176,64054.0,64131.867284,64200.80518,64277.567274,-0.001074,NEAR_SUPPORT,SHORT_PREFERRED,0.025114,0.003871,BEAR,3.0,44.0,0.0,100,4.3,True,True,APPROVE,62,"```json
{
  ""direction"": ""SHORT"",
  ""confidence"": 62,
  ""long_score"": 18,
  ""short_score"": 82,
  ""preferred_direction"": ""SHORT"",
  ""entry_zone_low"": 64100,
  ""entry_zone_high"": 64250,
  ""limit_price"": 64175,
  ""expected_mfe"": 0.008,
  ""expected_mae"": 0.004,
  ""reversal_probability"": 43,
  ""exit_style"": ""PATIENT"",
  ""reasons_for_trade"": [
    ""Multi-timeframe agreement is BEAR_ALIGNED (15m/1h bearish, 4h ranging)"",
    ""Market structure bias is BEARISH_STRUCTURE with structure_score -9"",
    ""EMA stack is bearish (price below all EMAs, EMA9 below EMA21, EMA21 below EMA200)"",
    ""ADX 31.65 > 25 confirms trending market favoring continuation"",
    ""Trend health state is BEAR with bear_score 11 vs bull_score 3"",
    ""Velocity is negative (-1.4e-5) and volume ratio elevated (1.48) supporting bear momentum"",
    ""Funding rate positive (0.01142% per 8h) favors shorts as longs pay"",
    ""Liquidity sweep high detected suggests potential rejection from resistance zone""
  ],
  ""reasons_against_trade"": [
    ""Price is near support (0.37% to support, 2.53% to resistance) - bounce risk elevated"",
    ""Reversal probability score is 43 (moderate) with higher low detected"",
    ""Distance to micro support is very close (0.32%) - short entry near support historically reduces expectancy"",
    ""Edge score is 4.3 (above threshold) but not extreme"",
    ""Candle shows balanced body/wick ratio - no strong rejection yet""
  ],
  ""bull_score"": 2,
  ""bear_score"": 8
}
```

**Direction:** SHORT  
**Win probability:** 62%  
**Long score:** 18  
**Short score:** 82  
**Bull score:** 2/10  
**Bear score:** 8/10  
**Decision:** APPROVE  
**Reason:** Strong bearish trend hierarchy (BEAR_ALIGNED MTF, bearish structure, bearish EMA stack, ADX > 25) overwhelmingly favors continuation. Short score dominates long score by 64 points, well above the +5 threshold. While near-support location introduces bounce risk, the trend strength and orderflow (negative velocity, elevated volume, positive funding) support a short entry on a pullback to the micro resistance zone (64294). Entry is set above current price (limit 64175) to wait for a retest of the EMA9/EMA21 resistance area before committing. Exit style PATIENT to allow trend to play out toward support break.",64114.5,64049.31,MAKER,TAKER,0.023418,60.5,143.889,1.53,1.53,0.0,0.0,-0.0,-0.0,10.19,434.733521,PROFIT_LOCK_LADDER,0.001987,1.426103,2.7e-05,0.524176,False,True,"{'price': 64068.0, 'ret_1m': -7.803599019867964e-05, 'ret_5m': 0.0, 'ema9': 64131.86728414204, 'ema21': 64200.80518008195, 'ema200': 64277.567274123874, 'dist_to_support': 0.0038708871823687333, 'dist_to_resistance': 0.02511394143722295, 'volume': 0.0008120180000000001, 'volume_ratio': 1.426102912339831, 'delta': 0.0019866600000000003, 'velocity': 2.6543812419010917e-05, 'imbalance': 0.5241758418727305, 'candle_range': 139.4, 'body_ratio': 0.5363086884230295, 'wick_ratio': 0.46369131157697047}",4.3,"{'early_fail_enabled': True, 'invert_signal': False, 'ai_enabled': True, 'edge_threshold': 3.0, 'edge_threshold_max': None, 'edge_range_preset': 'min_only', 'ai_threshold': 44.0, 'leverage': 100, 'pullback_threshold': 0.001}","{'ema9': 64131.86728414204, 'ema21': 64200.80518008195, 'ema200': 64277.567274123874, 'ema_spread': -0.001074, 'ema9_slope_pct': 0.0436, 'ema21_slope_pct': -0.0162, 'ema9_above_ema21': False, 'ema21_above_ema200': False}",MOMENTUM_LONG,4.3,4.3,False,True,INV_False_EF_True,SHORT,12,8,SCENARIO_C_EARLY_12_v2_frozen,40.0,10.0,-12.0,2.0,8.0,300,1,2,-32.0,False,False,True,False,480,3,5.0,False,5,0.75,"[[12, 8], [15, 10], [25, 18], [40, 28], [60, 45], [80, 60], [100, 75], [150, 120]]","{""trail_ladder"": [[12, 8], [15, 10], [25, 18], [40, 28], [60, 45], [80, 60], [100, 75], [150, 120]], ""ladder_first_trigger_pct"": 12, ""ladder_first_lock_pct"": 8, ""exit_profile_id"": ""SCENARIO_C_EARLY_12_v2_frozen"", ""peak_never_loser_min_peak"": 40.0, ""peak_never_loser_floor"": 10.0, ""thesis_fast_exit_unreal_pct"": -12.0, ""thesis_mfe_protect_pct"": 2.0, ""thesis_exit_if_above_unreal_pct"": 8.0, ""thesis_min_age_sec"": 300, ""thesis_score_flip_margin"": 1, ""thesis_early_decay_delta"": 2, ""early_fail_pct_threshold"": -32.0, ""type_a_first_candle_enabled"": false, ""type_a_early_fail_enabled"": false, ""scenario_c_exit_profile"": true, ""type_a_stall_enabled"": false, ""type_a_stall_min_age_sec"": 480, ""type_a_stall_min_candles"": 3, ""type_a_stall_max_mfe_pct"": 5.0, ""trend_weakening_enabled"": false, ""spread_penalty_threshold"": 5, ""spread_penalty_margin_mult"": 0.75}",,,
2026-06-23T02:12:46.124967+00:00,cont-074191024a10,SHORT,64181.83,64126.0,3.191918,8.71,15.0,6,1.31,1.3,0.0,0.0,-0.0,-0.0,PROFIT_LOCK_LADDER,100,0.29,62,44.0,True,SIM_LIMIT,AI_DIRECT_LIMIT,,,,,0,BEAR,SR,60-70,SPAWN,-9,-9,BEARISH_STRUCTURE,MIXED,32.59,-8,3,9,0.01142,bitfinex,tBTCF0:USTF0,v9.83-quality-roster-4-tiles-2026-06-21,BITFINEX_ZERO,v9.83-quality-roster-4-tiles-2026-06-21,CONTINUOUS,Continuous AI Research,APPROVE,64175.0,0.023405,0.005532,NEAR_SUPPORT,-0.000823,0.336527,138.5,3.191919,0.0,13.996173,355.575,355.575,355.575,5-15m,AI_DIRECT,AI_DIRECT_CHASE,5,,6.83,0.0,0.0,0.0,False,0.0,0.0,-0.001139,-4.2e-05,0.021792,2.716873,0.029816,0.0,0.515005,64175.0,64152.323062,64199.061381,64271.820448,-0.000728,NEAR_SUPPORT,SHORT_PREFERRED,0.023405,0.005532,BEAR,3.0,44.0,0.0,100,4.1,True,True,APPROVE,62,"```json
{
  ""direction"": ""SHORT"",
  ""confidence"": 62,
  ""long_score"": 25,
  ""short_score"": 75,
  ""preferred_direction"": ""SHORT"",
  ""entry_zone_low"": 64250,
  ""entry_zone_high"": 64350,
  ""limit_price"": 64300,
  ""expected_mfe"": 250,
  ""expected_mae"": 120,
  ""reversal_probability"": 43,
  ""exit_style"": ""AGGRESSIVE"",
  ""reasons_for_trade"": [
    ""BEAR regime with strong bearish structure (structure_score -9, BEARISH_STRUCTURE)"",
    ""EMA stack bearish (price below EMA9, EMA21, EMA200; bear stack true)"",
    ""ADX 32.59 > 25 indicating trending conditions favoring continuation"",
    ""Trend health BEAR with bear_score 9 vs bull_score 3"",
    ""Multi-timeframe agreement: 1h BEARISH, 15m RANGING, 4h RANGING - bearish tilt"",
    ""Market structure shift labeled BEAR_CONTINUATION"",
    ""Liquidity sweep high detected (potential sell-side liquidity taken)"",
    ""Volume ratio elevated (2.72) supporting bearish momentum"",
    ""Velocity negative (-0.000042) confirming downward pressure"",
    ""Funding positive (0.01142% per 8h) favoring shorts""
  ],
  ""reasons_against_trade"": [
    ""Price near micro support (63870) and recent low (63820) - bounce risk elevated"",
    ""Higher low detected (HL in swing labels) suggesting possible micro reversal"",
    ""Reversal risk score 43 - moderate reversal probability"",
    ""Distance to support only 0.55% vs resistance 2.34% - limited downside room"",
    ""Delta positive (0.03) showing some buying pressure"",
    ""Imbalance slightly bullish (0.515) indicating marginal buy dominance""
  ],
  ""bull_score"": 3,
  ""bear_score"": 9
}
```

**Direction:** SHORT  
**Win probability:** 62%  
**Long score:** 25  
**Short score:** 75  
**Bull score:** 3  
**Bear score:** 10  
**Decision:** APPROVE  
**Reason:** Strong bearish trend hierarchy (BEAR regime, bearish EMA stack, ADX > 25, bearish structure) dominates. Price near support is a location context only - not a reversal signal without confirmation. The higher low and positive delta are weak counterpoints against the intact bearish continuation. Short entry above current price (pullback to micro resistance ~64294) aligns with continuation bias. Exit aggressive given proximity to support.",64181.83,64126.0,MAKER,TAKER,0.023374,6.83,355.575,1.31,1.3,0.0,0.0,-0.0,-0.0,8.71,191.515231,PROFIT_LOCK_LADDER,0.029816,2.716873,-4.2e-05,0.515005,False,True,"{'price': 64175.0, 'ret_1m': 1.5584820384945065e-05, 'ret_5m': 0.0, 'ema9': 64152.32306185091, 'ema21': 64199.06138097706, 'ema200': 64271.820447796614, 'dist_to_support': 0.005531749123490456, 'dist_to_resistance': 0.02340475262952863, 'volume': 0.021791994, 'volume_ratio': 2.716872961446673, 'delta': 0.029815705999999997, 'velocity': -4.2065928029120156e-05, 'imbalance': 0.5150053613167981, 'candle_range': 138.5, 'body_ratio': 0.4751402865025368, 'wick_ratio': 0.5248597134974632}",4.1,"{'early_fail_enabled': True, 'invert_signal': False, 'ai_enabled': True, 'edge_threshold': 3.0, 'edge_threshold_max': None, 'edge_range_preset': 'min_only', 'ai_threshold': 44.0, 'leverage': 100, 'pullback_threshold': 0.001}","{'ema9': 64152.32306185091, 'ema21': 64199.06138097706, 'ema200': 64271.820447796614, 'ema_spread': -0.000728, 'ema9_slope_pct': 0.007, 'ema21_slope_pct': -0.0234, 'ema9_above_ema21': False, 'ema21_above_ema200': False}",WEAK_SETUP,4.1,4.1,False,True,INV_False_EF_True,SHORT,12,8,SCENARIO_C_EARLY_12_v2_frozen,40.0,10.0,-12.0,2.0,8.0,300,1,2,-32.0,False,False,True,False,480,3,5.0,False,5,0.75,"[[12, 8], [15, 10], [25, 18], [40, 28], [60, 45], [80, 60], [100, 75], [150, 120]]","{""trail_ladder"": [[12, 8], [15, 10], [25, 18], [40, 28], [60, 45], [80, 60], [100, 75], [150, 120]], ""ladder_first_trigger_pct"": 12, ""ladder_first_lock_pct"": 8, ""exit_profile_id"": ""SCENARIO_C_EARLY_12_v2_frozen"", ""peak_never_loser_min_peak"": 40.0, ""peak_never_loser_floor"": 10.0, ""thesis_fast_exit_unreal_pct"": -12.0, ""thesis_mfe_protect_pct"": 2.0, ""thesis_exit_if_above_unreal_pct"": 8.0, ""thesis_min_age_sec"": 300, ""thesis_score_flip_margin"": 1, ""thesis_early_decay_delta"": 2, ""early_fail_pct_threshold"": -32.0, ""type_a_first_candle_enabled"": false, ""type_a_early_fail_enabled"": false, ""scenario_c_exit_profile"": true, ""type_a_stall_enabled"": false, ""type_a_stall_min_age_sec"": 480, ""type_a_stall_min_candles"": 3, ""type_a_stall_max_mfe_pct"": 5.0, ""trend_weakening_enabled"": false, ""spread_penalty_threshold"": 5, ""spread_penalty_margin_mult"": 0.75}",,,
2026-06-23T02:41:12.606868+00:00,cont-c958558b5fe6,SHORT,64176.0,64255.0,25.94862,-12.25,15.0,6,-1.84,-1.85,0.0,0.0,-0.01,-0.01,THESIS_FAST_CUT,100,0.41,68,44.0,True,SIM_LIMIT,AI_DIRECT_LIMIT,,,,,0,BEAR,SR,60-70,SPAWN,-9,-9,BEARISH_STRUCTURE,BEAR_ALIGNED,32.59,-10,2,8,0.01142,bitfinex,tBTCF0:USTF0,v9.83-quality-roster-4-tiles-2026-06-21,BITFINEX_ZERO,v9.83-quality-roster-4-tiles-2026-06-21,CONTINUOUS,Continuous AI Research,APPROVE,64119.0,0.024299,0.004663,NEAR_SUPPORT,-0.000383,0.299519,138.5,25.948621,-12.621541,0.0,126.256,126.256,126.256,0-5m,AI_DIRECT,AI_DIRECT_CHASE,1,,57.0,0.0,0.0,0.0,False,0.0,0.0,-0.009265,3.7e-05,0.001,0.296329,-0.037326,0.0,0.137666,64119.0,64141.123062,64193.970472,64271.263234,-0.000823,NEAR_SUPPORT,SHORT_PREFERRED,0.024299,0.004663,BEAR,3.0,44.0,0.0,100,4.4,True,True,APPROVE,68,"```json
{
  ""direction"": ""SHORT"",
  ""confidence"": 68,
  ""long_score"": 18,
  ""short_score"": 82,
  ""preferred_direction"": ""SHORT"",
  ""entry_zone_low"": 64150,
  ""entry_zone_high"": 64250,
  ""limit_price"": 64200,
  ""expected_mfe"": 180,
  ""expected_mae"": 120,
  ""reversal_probability"": 73,
  ""exit_style"": ""AGGRESSIVE"",
  ""reasons_for_trade"": [
    ""BEAR_ALIGNED multi-timeframe agreement (15m/1h bearish, 4h ranging)"",
    ""Bearish EMA stack (price below all EMAs, EMA9 below EMA21 below EMA200)"",
    ""ADX 32.59 > 25 indicating strong trending conditions favoring continuation"",
    ""Market structure bias BEARISH with structure_score -9 and BEAR_CONTINUATION shift"",
    ""Trend health state BEAR with bear_score 11 vs bull_score 3"",
    ""Funding positive (0.01142% per 8h) favoring shorts, longs paying"",
    ""Price near micro resistance (64294) with liquidity sweep high already occurred"",
    ""Edge score 4.4 above threshold 3.0 supporting trade viability""
  ],
  ""reasons_against_trade"": [
    ""Price is near support (0.466% to support) increasing bounce risk"",
    ""Reversal probability 73% suggests potential for mean reversion"",
    ""Volume ratio low (0.30) indicating weak participation in current move"",
    ""Higher low detected on micro structure could signal weakening bear momentum"",
    ""Compression regime may precede expansion in either direction""
  ],
  ""bull_score"": 2,
  ""bear_score"": 8
}
```",64176.0,64255.0,MAKER,TAKER,0.023394,57.0,126.256,-1.84,-1.85,0.0,0.0,-0.01,-0.01,-12.25,1556.917336,THESIS_FAST_CUT,-0.037326,0.296329,3.7e-05,0.137666,False,True,"{'price': 64119.0, 'ret_1m': 0.0, 'ret_5m': -0.0001403443113772455, 'ema9': 64141.123061850914, 'ema21': 64193.97047188615, 'ema200': 64271.263233866266, 'dist_to_support': 0.004663204354403531, 'dist_to_resistance': 0.02429856984669131, 'volume': 0.0010000000000000002, 'volume_ratio': 0.2963294500741772, 'delta': -0.03732580000000004, 'velocity': 3.7439916177403134e-05, 'imbalance': 0.13766616034968518, 'candle_range': 138.5, 'body_ratio': 0.4751402865025368, 'wick_ratio': 0.5248597134974632}",4.4,"{'early_fail_enabled': True, 'invert_signal': False, 'ai_enabled': True, 'edge_threshold': 3.0, 'edge_threshold_max': None, 'edge_range_preset': 'min_only', 'ai_threshold': 44.0, 'leverage': 100, 'pullback_threshold': 0.001}","{'ema9': 64141.123061850914, 'ema21': 64193.97047188615, 'ema200': 64271.263233866266, 'ema_spread': -0.000823, 'ema9_slope_pct': -0.0105, 'ema21_slope_pct': -0.0313, 'ema9_above_ema21': False, 'ema21_above_ema200': False}",WEAK_SETUP,4.4,4.4,False,True,INV_False_EF_True,SHORT,12,8,SCENARIO_C_EARLY_12_v2_frozen,40.0,10.0,-12.0,2.0,8.0,300,1,2,-32.0,False,False,True,False,480,3,5.0,False,5,0.75,"[[12, 8], [15, 10], [25, 18], [40, 28], [60, 45], [80, 60], [100, 75], [150, 120]]","{""trail_ladder"": [[12, 8], [15, 10], [25, 18], [40, 28], [60, 45], [80, 60], [100, 75], [150, 120]], ""ladder_first_trigger_pct"": 12, ""ladder_first_lock_pct"": 8, ""exit_profile_id"": ""SCENARIO_C_EARLY_12_v2_frozen"", ""peak_never_loser_min_peak"": 40.0, ""peak_never_loser_floor"": 10.0, ""thesis_fast_exit_unreal_pct"": -12.0, ""thesis_mfe_protect_pct"": 2.0, ""thesis_exit_if_above_unreal_pct"": 8.0, ""thesis_min_age_sec"": 300, ""thesis_score_flip_margin"": 1, ""thesis_early_decay_delta"": 2, ""early_fail_pct_threshold"": -32.0, ""type_a_first_candle_enabled"": false, ""type_a_early_fail_enabled"": false, ""scenario_c_exit_profile"": true, ""type_a_stall_enabled"": false, ""type_a_stall_min_age_sec"": 480, ""type_a_stall_min_candles"": 3, ""type_a_stall_max_mfe_pct"": 5.0, ""trend_weakening_enabled"": false, ""spread_penalty_threshold"": 5, ""spread_penalty_margin_mult"": 0.75}",,,
2026-06-23T02:44:20.265773+00:00,c65c-9ae99f622f25,SHORT,64208.0,64294.9,12.160537,-13.51,15.0,6,-2.03,-2.03,0.0,0.0,-0.0,-0.0,THESIS_FAST_CUT,100,0.45,68,44.0,True,SIM_LIMIT,AI_DIRECT_LIMIT,,,,,0,BEAR,SR,60-70,SPAWN,-9,-9,BEARISH_STRUCTURE,BEAR_ALIGNED,32.59,-10,2,8,0.01142,bitfinex,tBTCF0:USTF0,v9.83-quality-roster-4-tiles-2026-06-21,BITFINEX_ZERO,v9.83-quality-roster-4-tiles-2026-06-21,COMBO_65_SP5_CHASE_3PLUS,AI65+ · Spread5+ · Chase 3+,APPROVE,64240.0,0.024299,0.004663,NEAR_SUPPORT,-0.000383,0.299519,138.5,12.160538,-12.770994,0.934463,1140.031,1140.031,1140.031,15-30m,AI_DIRECT,AI_DIRECT_CHASE,3,,32.0,0.0,0.2778,0.2778,False,0.0,0.0,-0.004336,3.7e-05,0.001,0.296329,-0.037326,0.0,0.137666,64119.0,64141.123062,64193.970472,64271.263234,-0.000823,NEAR_SUPPORT,SHORT_PREFERRED,0.024299,0.004663,BEAR,3.0,44.0,0.0,100,4.4,True,True,APPROVE,68,"```json
{
  ""direction"": ""SHORT"",
  ""confidence"": 68,
  ""long_score"": 18,
  ""short_score"": 82,
  ""preferred_direction"": ""SHORT"",
  ""entry_zone_low"": 64150,
  ""entry_zone_high"": 64250,
  ""limit_price"": 64200,
  ""expected_mfe"": 180,
  ""expected_mae"": 120,
  ""reversal_probability"": 73,
  ""exit_style"": ""AGGRESSIVE"",
  ""reasons_for_trade"": [
    ""BEAR_ALIGNED multi-timeframe agreement (15m/1h bearish, 4h ranging)"",
    ""Bearish EMA stack (price below all EMAs, EMA9 below EMA21 below EMA200)"",
    ""ADX 32.59 > 25 indicating strong trending conditions favoring continuation"",
    ""Market structure bias BEARISH with structure_score -9 and BEAR_CONTINUATION shift"",
    ""Trend health state BEAR with bear_score 11 vs bull_score 3"",
    ""Funding positive (0.01142% per 8h) favoring shorts, longs paying"",
    ""Price near micro resistance (64294) with liquidity sweep high already occurred"",
    ""Edge score 4.4 above threshold 3.0 supporting trade viability""
  ],
  ""reasons_against_trade"": [
    ""Price is near support (0.466% to support) increasing bounce risk"",
    ""Reversal probability 73% suggests potential for mean reversion"",
    ""Volume ratio low (0.30) indicating weak participation in current move"",
    ""Higher low detected on micro structure could signal weakening bear momentum"",
    ""Compression regime may precede expansion in either direction""
  ],
  ""bull_score"": 2,
  ""bear_score"": 8
}
```",64208.0,64294.9,MAKER,TAKER,0.02335,32.0,1140.031,-2.03,-2.03,0.0,0.0,-0.0,-0.0,-13.51,729.632331,THESIS_FAST_CUT,-0.037326,0.296329,3.7e-05,0.137666,False,True,"{'price': 64119.0, 'ret_1m': 0.0, 'ret_5m': -0.0001403443113772455, 'ema9': 64141.123061850914, 'ema21': 64193.97047188615, 'ema200': 64271.263233866266, 'dist_to_support': 0.004663204354403531, 'dist_to_resistance': 0.02429856984669131, 'volume': 0.0010000000000000002, 'volume_ratio': 0.2963294500741772, 'delta': -0.03732580000000004, 'velocity': 3.7439916177403134e-05, 'imbalance': 0.13766616034968518, 'candle_range': 138.5, 'body_ratio': 0.4751402865025368, 'wick_ratio': 0.5248597134974632}",4.4,"{'early_fail_enabled': True, 'invert_signal': False, 'ai_enabled': True, 'edge_threshold': 3.0, 'edge_threshold_max': None, 'edge_range_preset': 'min_only', 'ai_threshold': 44.0, 'leverage': 100, 'pullback_threshold': 0.001}","{'ema9': 64141.123061850914, 'ema21': 64193.97047188615, 'ema200': 64271.263233866266, 'ema_spread': -0.000823, 'ema9_slope_pct': -0.0105, 'ema21_slope_pct': -0.0313, 'ema9_above_ema21': False, 'ema21_above_ema200': False}",WEAK_SETUP,4.4,4.4,False,True,INV_False_EF_True,SHORT,12,8,SCENARIO_C_EARLY_12_v2_frozen,40.0,10.0,-12.0,2.0,8.0,300,1,2,-32.0,False,False,True,False,480,3,5.0,False,5,0.75,"[[12, 8], [15, 10], [25, 18], [40, 28], [60, 45], [80, 60], [100, 75], [150, 120]]","{""trail_ladder"": [[12, 8], [15, 10], [25, 18], [40, 28], [60, 45], [80, 60], [100, 75], [150, 120]], ""ladder_first_trigger_pct"": 12, ""ladder_first_lock_pct"": 8, ""exit_profile_id"": ""SCENARIO_C_EARLY_12_v2_frozen"", ""peak_never_loser_min_peak"": 40.0, ""peak_never_loser_floor"": 10.0, ""thesis_fast_exit_unreal_pct"": -12.0, ""thesis_mfe_protect_pct"": 2.0, ""thesis_exit_if_above_unreal_pct"": 8.0, ""thesis_min_age_sec"": 300, ""thesis_score_flip_margin"": 1, ""thesis_early_decay_delta"": 2, ""early_fail_pct_threshold"": -32.0, ""type_a_first_candle_enabled"": false, ""type_a_early_fail_enabled"": false, ""scenario_c_exit_profile"": true, ""type_a_stall_enabled"": false, ""type_a_stall_min_age_sec"": 480, ""type_a_stall_min_candles"": 3, ""type_a_stall_max_mfe_pct"": 5.0, ""trend_weakening_enabled"": false, ""spread_penalty_threshold"": 5, ""spread_penalty_margin_mult"": 0.75}",,,
2026-06-23T03:23:32.815992+00:00,cont-fb1ed14e6aef,SHORT,64221.0,64082.0,49.841247,21.76,15.0,6,3.26,3.25,0.0,0.0,-0.02,-0.02,PROFIT_LOCK_LADDER,100,0.72,68,44.0,True,SIM_LIMIT,AI_DIRECT_LIMIT,,,,,0,BEAR,SR,60-70,SPAWN,-6,-6,BEARISH_STRUCTURE,MIXED,32.6,-5,3,9,0.01142,bitfinex,tBTCF0:USTF0,v9.83-quality-roster-4-tiles-2026-06-21,BITFINEX_ZERO,v9.83-quality-roster-4-tiles-2026-06-21,CONTINUOUS,Continuous AI Research,APPROVE,64228.0,0.02256,0.006352,NEAR_SUPPORT,-0.00053,1.0,130.5,49.841247,-10.899861,31.76531,642.793,642.793,642.793,5-15m,AI_DIRECT,AI_DIRECT_CHASE,4,,7.0,0.0,0.0,0.0,False,0.0,0.0,-0.017778,1.2e-05,0.009792,1.851601,0.238126,0.0,0.384331,64228.0,64164.738449,64200.287206,64268.139833,-0.000554,NEAR_SUPPORT,SHORT_PREFERRED,0.02256,0.006352,BEAR,3.0,44.0,0.0,100,3.8,True,True,APPROVE,68,"```json
{
  ""direction"": ""SHORT"",
  ""confidence"": 68,
  ""long_score"": 25,
  ""short_score"": 78,
  ""preferred_direction"": ""SHORT"",
  ""entry_zone_low"": 64350,
  ""entry_zone_high"": 64450,
  ""limit_price"": 64400,
  ""expected_mfe"": 180,
  ""expected_mae"": 80,
  ""reversal_probability"": 37,
  ""exit_style"": ""AGGRESSIVE"",
  ""reasons_for_trade"": [
    ""BEAR regime with strong bearish structure (structure_score -6, BEARISH_STRUCTURE)"",
    ""EMA stack bearish (ema9 below ema21, ema21 below ema200, stack_bear true)"",
    ""ADX 32.6 (>25) indicating trending market favoring continuation"",
    ""Multi-timeframe agreement: 1h BEARISH, 15m RANGING, 4h RANGING - bearish tilt"",
    ""Trend health BEAR with bear_score 9 vs bull_score 3, intact bearish trend"",
    ""Market structure shift BEAR_CONTINUATION, no reversal confirmation"",
    ""Liquidity sweep high detected (potential stop hunt before continuation lower)"",
    ""Price near micro resistance (64294) and macro resistance (65677) - short from resistance zone"",
    ""Funding positive (0.01142% per 8h) favoring shorts, longs paying""
  ],
  ""reasons_against_trade"": [
    ""Price near support (dist_to_support 0.64%) - bounce risk if support holds"",
    ""Higher low detected (micro support 63935) - potential for short-term reversal"",
    ""Reversal risk score 63 - moderate reversal probability"",
    ""Volume ratio elevated (1.85) - could indicate absorption or distribution"",
    ""Delta positive (0.238) - slight buying pressure in recent candles""
  ],
  ""bull_score"": 3,
  ""bear_score"": 9
}
```",64221.0,64082.0,MAKER,TAKER,0.023354,7.0,642.793,3.26,3.25,0.0,0.0,-0.02,-0.02,21.76,2990.474896,PROFIT_LOCK_LADDER,0.238126,1.851601,1.2e-05,0.384331,False,True,"{'price': 64228.0, 'ret_1m': 0.0, 'ret_5m': 0.0005608175473579263, 'ema9': 64164.73844948073, 'ema21': 64200.28720584497, 'ema200': 64268.13983294618, 'dist_to_support': 0.006352369683004297, 'dist_to_resistance': 0.02256025409478732, 'volume': 0.009791887999999999, 'volume_ratio': 1.8516006181356455, 'delta': 0.238126392, 'velocity': 1.2474426892218079e-05, 'imbalance': 0.38433107213268036, 'candle_range': 130.5, 'body_ratio': 0.502096362824729, 'wick_ratio': 0.4979036371752709}",3.8,"{'early_fail_enabled': True, 'invert_signal': False, 'ai_enabled': True, 'edge_threshold': 3.0, 'edge_threshold_max': None, 'edge_range_preset': 'min_only', 'ai_threshold': 44.0, 'leverage': 100, 'pullback_threshold': 0.001}","{'ema9': 64164.73844948073, 'ema21': 64200.28720584497, 'ema200': 64268.13983294618, 'ema_spread': -0.000554, 'ema9_slope_pct': 0.0447, 'ema21_slope_pct': -0.0038, 'ema9_above_ema21': False, 'ema21_above_ema200': False}",MOMENTUM_LONG,3.8,3.8,False,True,INV_False_EF_True,SHORT,12,8,SCENARIO_C_EARLY_12_v2_frozen,40.0,10.0,-12.0,2.0,8.0,300,1,2,-32.0,False,False,True,False,480,3,5.0,False,5,0.75,"[[12, 8], [15, 10], [25, 18], [40, 28], [60, 45], [80, 60], [100, 75], [150, 120]]","{""trail_ladder"": [[12, 8], [15, 10], [25, 18], [40, 28], [60, 45], [80, 60], [100, 75], [150, 120]], ""ladder_first_trigger_pct"": 12, ""ladder_first_lock_pct"": 8, ""exit_profile_id"": ""SCENARIO_C_EARLY_12_v2_frozen"", ""peak_never_loser_min_peak"": 40.0, ""peak_never_loser_floor"": 10.0, ""thesis_fast_exit_unreal_pct"": -12.0, ""thesis_mfe_protect_pct"": 2.0, ""thesis_exit_if_above_unreal_pct"": 8.0, ""thesis_min_age_sec"": 300, ""thesis_score_flip_margin"": 1, ""thesis_early_decay_delta"": 2, ""early_fail_pct_threshold"": -32.0, ""type_a_first_candle_enabled"": false, ""type_a_early_fail_enabled"": false, ""scenario_c_exit_profile"": true, ""type_a_stall_enabled"": false, ""type_a_stall_min_age_sec"": 480, ""type_a_stall_min_candles"": 3, ""type_a_stall_max_mfe_pct"": 5.0, ""trend_weakening_enabled"": false, ""spread_penalty_threshold"": 5, ""spread_penalty_margin_mult"": 0.75}",,,
2026-06-23T03:44:18.443919+00:00,cont-d5803a20c207,SHORT,64109.08,64043.0,9.027976,10.33,15.0,6,1.55,1.55,0.0,0.0,-0.0,-0.0,PROFIT_LOCK_LADDER,100,0.34,68,44.0,True,SIM_LIMIT,AI_DIRECT_LIMIT,,,,,0,BEAR,SR,60-70,SPAWN,-6,-6,BEARISH_STRUCTURE,BEAR_ALIGNED,32.36,-7,2,8,0.01142,bitfinex,tBTCF0:USTF0,v9.83-quality-roster-4-tiles-2026-06-21,BITFINEX_ZERO,v9.83-quality-roster-4-tiles-2026-06-21,CONTINUOUS,Continuous AI Research,APPROVE,64085.0,0.024842,0.004135,NEAR_SUPPORT,-0.000607,1.0,97.0,9.027977,0.0,17.170735,508.733,508.733,508.733,5-15m,AI_DIRECT,AI_DIRECT_CHASE,4,,24.08,0.0,0.0,0.0,False,0.0,0.0,-0.003222,-0.000225,0.017275,2.220276,0.029647,0.0,0.036287,64085.0,64150.861509,64184.866084,64258.832274,-0.00053,NEAR_SUPPORT,SHORT_PREFERRED,0.024842,0.004135,BEAR,3.0,44.0,0.0,100,5.2,True,True,APPROVE,68,"```json
{
  ""direction"": ""SHORT"",
  ""confidence"": 68,
  ""long_score"": 18,
  ""short_score"": 82,
  ""preferred_direction"": ""SHORT"",
  ""entry_zone_low"": 64150,
  ""entry_zone_high"": 64250,
  ""limit_price"": 64200,
  ""expected_mfe"": 180,
  ""expected_mae"": 120,
  ""reversal_probability"": 43,
  ""exit_style"": ""AGGRESSIVE"",
  ""reasons_for_trade"": [
    ""BEAR_ALIGNED multi-timeframe agreement (15m/1h bearish, 4h ranging)"",
    ""Bearish structure with LL/HL sequence and structure_score -6"",
    ""Bear EMA stack (price below all EMAs, bearish alignment)"",
    ""ADX 32.36 > 25 indicating strong trending conditions favoring continuation"",
    ""Trend health state BEAR with bear_score 11 vs bull_score 3"",
    ""Volume ratio 2.22 above average supporting bearish momentum"",
    ""Negative velocity (-0.000225) and negative EMA slopes"",
    ""Market structure shift labeled BEAR_CONTINUATION"",
    ""Price near micro support (63935) but no reversal confirmation - continuation more likely"",
    ""Funding rate positive (0.01142% per 8h) favoring shorts""
  ],
  ""reasons_against_trade"": [
    ""Price is very close to support (0.41% to recent low) - bounce risk elevated"",
    ""Reversal risk score 43 suggests moderate reversal potential"",
    ""Higher low detected on micro structure could indicate weakening momentum"",
    ""Entry near support historically shows reduced expectancy for shorts without strong continuation"",
    ""Volume ratio elevated could precede exhaustion or squeeze""
  ],
  ""bull_score"": 2,
  ""bear_score"": 8
}
```",64109.08,64043.0,MAKER,TAKER,0.023406,24.08,508.733,1.55,1.55,0.0,0.0,-0.0,-0.0,10.33,541.67869,PROFIT_LOCK_LADDER,0.029647,2.220276,-0.000225,0.036287,False,True,"{'price': 64085.0, 'ret_1m': 3.1209525147074886e-05, 'ret_5m': -0.002335175527360473, 'ema9': 64150.861508907314, 'ema21': 64184.866083680914, 'ema200': 64258.832274413246, 'dist_to_support': 0.004135133026449247, 'dist_to_resistance': 0.024842006709838497, 'volume': 0.017274983, 'volume_ratio': 2.220276065501044, 'delta': 0.029646607000000602, 'velocity': -0.00022539890090483256, 'imbalance': 0.03628652385351677, 'candle_range': 97.0, 'body_ratio': 0.4186805090156168, 'wick_ratio': 0.4813194909843831}",5.2,"{'early_fail_enabled': True, 'invert_signal': False, 'ai_enabled': True, 'edge_threshold': 3.0, 'edge_threshold_max': None, 'edge_range_preset': 'min_only', 'ai_threshold': 44.0, 'leverage': 100, 'pullback_threshold': 0.001}","{'ema9': 64150.861508907314, 'ema21': 64184.866083680914, 'ema200': 64258.832274413246, 'ema_spread': -0.00053, 'ema9_slope_pct': -0.0415, 'ema21_slope_pct': -0.0279, 'ema9_above_ema21': False, 'ema21_above_ema200': False}",WEAK_SETUP,5.2,5.2,False,True,INV_False_EF_True,SHORT,12,8,SCENARIO_C_EARLY_12_v2_frozen,40.0,10.0,-12.0,2.0,8.0,300,1,2,-32.0,False,False,True,False,480,3,5.0,False,5,0.75,"[[12, 8], [15, 10], [25, 18], [40, 28], [60, 45], [80, 60], [100, 75], [150, 120]]","{""trail_ladder"": [[12, 8], [15, 10], [25, 18], [40, 28], [60, 45], [80, 60], [100, 75], [150, 120]], ""ladder_first_trigger_pct"": 12, ""ladder_first_lock_pct"": 8, ""exit_profile_id"": ""SCENARIO_C_EARLY_12_v2_frozen"", ""peak_never_loser_min_peak"": 40.0, ""peak_never_loser_floor"": 10.0, ""thesis_fast_exit_unreal_pct"": -12.0, ""thesis_mfe_protect_pct"": 2.0, ""thesis_exit_if_above_unreal_pct"": 8.0, ""thesis_min_age_sec"": 300, ""thesis_score_flip_margin"": 1, ""thesis_early_decay_delta"": 2, ""early_fail_pct_threshold"": -32.0, ""type_a_first_candle_enabled"": false, ""type_a_early_fail_enabled"": false, ""scenario_c_exit_profile"": true, ""type_a_stall_enabled"": false, ""type_a_stall_min_age_sec"": 480, ""type_a_stall_min_candles"": 3, ""type_a_stall_max_mfe_pct"": 5.0, ""trend_weakening_enabled"": false, ""spread_penalty_threshold"": 5, ""spread_penalty_margin_mult"": 0.75}",,,
2026-06-23T03:44:49.529432+00:00,c65c-621bde1cd15f,SHORT,64117.07,64040.0,11.846339,12.05,15.0,6,1.81,1.8,0.0,0.0,-0.0,-0.0,PROFIT_LOCK_LADDER,100,0.4,68,44.0,True,SIM_LIMIT,AI_DIRECT_LIMIT,,,,,0,BEAR,SR,60-70,SPAWN,-6,-6,BEARISH_STRUCTURE,BEAR_ALIGNED,32.36,-7,2,8,0.01142,bitfinex,tBTCF0:USTF0,v9.83-quality-roster-4-tiles-2026-06-21,BITFINEX_ZERO,v9.83-quality-roster-4-tiles-2026-06-21,COMBO_65_SP5_CHASE_3PLUS,AI65+ · Spread5+ · Chase 3+,APPROVE,64122.0,0.024842,0.004135,NEAR_SUPPORT,-0.000671,1.0,97.0,11.84634,0.0,18.414753,368.413,368.413,368.413,5-15m,AI_DIRECT,AI_DIRECT_CHASE,4,,4.93,0.0,0.0,0.0,False,0.0,0.0,-0.004226,-0.000225,0.017275,2.220276,0.029647,0.0,0.036287,64085.0,64150.861509,64184.866084,64258.832274,-0.00053,NEAR_SUPPORT,SHORT_PREFERRED,0.024842,0.004135,BEAR,3.0,44.0,0.0,100,5.2,True,True,APPROVE,68,"```json
{
  ""direction"": ""SHORT"",
  ""confidence"": 68,
  ""long_score"": 18,
  ""short_score"": 82,
  ""preferred_direction"": ""SHORT"",
  ""entry_zone_low"": 64150,
  ""entry_zone_high"": 64250,
  ""limit_price"": 64200,
  ""expected_mfe"": 180,
  ""expected_mae"": 120,
  ""reversal_probability"": 43,
  ""exit_style"": ""AGGRESSIVE"",
  ""reasons_for_trade"": [
    ""BEAR_ALIGNED multi-timeframe agreement (15m/1h bearish, 4h ranging)"",
    ""Bearish structure with LL/HL sequence and structure_score -6"",
    ""Bear EMA stack (price below all EMAs, bearish alignment)"",
    ""ADX 32.36 > 25 indicating strong trending conditions favoring continuation"",
    ""Trend health state BEAR with bear_score 11 vs bull_score 3"",
    ""Volume ratio 2.22 above average supporting bearish momentum"",
    ""Negative velocity (-0.000225) and negative EMA slopes"",
    ""Market structure shift labeled BEAR_CONTINUATION"",
    ""Price near micro support (63935) but no reversal confirmation - continuation more likely"",
    ""Funding rate positive (0.01142% per 8h) favoring shorts""
  ],
  ""reasons_against_trade"": [
    ""Price is very close to support (0.41% to recent low) - bounce risk elevated"",
    ""Reversal risk score 43 suggests moderate reversal potential"",
    ""Higher low detected on micro structure could indicate weakening momentum"",
    ""Entry near support historically shows reduced expectancy for shorts without strong continuation"",
    ""Volume ratio elevated could precede exhaustion or squeeze""
  ],
  ""bull_score"": 2,
  ""bear_score"": 8
}
```",64117.07,64040.0,MAKER,TAKER,0.023393,4.93,368.413,1.81,1.8,0.0,0.0,-0.0,-0.0,12.05,710.780486,PROFIT_LOCK_LADDER,0.029647,2.220276,-0.000225,0.036287,False,True,"{'price': 64085.0, 'ret_1m': 3.1209525147074886e-05, 'ret_5m': -0.002335175527360473, 'ema9': 64150.861508907314, 'ema21': 64184.866083680914, 'ema200': 64258.832274413246, 'dist_to_support': 0.004135133026449247, 'dist_to_resistance': 0.024842006709838497, 'volume': 0.017274983, 'volume_ratio': 2.220276065501044, 'delta': 0.029646607000000602, 'velocity': -0.00022539890090483256, 'imbalance': 0.03628652385351677, 'candle_range': 97.0, 'body_ratio': 0.4186805090156168, 'wick_ratio': 0.4813194909843831}",5.2,"{'early_fail_enabled': True, 'invert_signal': False, 'ai_enabled': True, 'edge_threshold': 3.0, 'edge_threshold_max': None, 'edge_range_preset': 'min_only', 'ai_threshold': 44.0, 'leverage': 100, 'pullback_threshold': 0.001}","{'ema9': 64150.861508907314, 'ema21': 64184.866083680914, 'ema200': 64258.832274413246, 'ema_spread': -0.00053, 'ema9_slope_pct': -0.0415, 'ema21_slope_pct': -0.0279, 'ema9_above_ema21': False, 'ema21_above_ema200': False}",WEAK_SETUP,5.2,5.2,False,True,INV_False_EF_True,SHORT,12,8,SCENARIO_C_EARLY_12_v2_frozen,40.0,10.0,-12.0,2.0,8.0,300,1,2,-32.0,False,False,True,False,480,3,5.0,False,5,0.75,"[[12, 8], [15, 10], [25, 18], [40, 28], [60, 45], [80, 60], [100, 75], [150, 120]]","{""trail_ladder"": [[12, 8], [15, 10], [25, 18], [40, 28], [60, 45], [80, 60], [100, 75], [150, 120]], ""ladder_first_trigger_pct"": 12, ""ladder_first_lock_pct"": 8, ""exit_profile_id"": ""SCENARIO_C_EARLY_12_v2_frozen"", ""peak_never_loser_min_peak"": 40.0, ""peak_never_loser_floor"": 10.0, ""thesis_fast_exit_unreal_pct"": -12.0, ""thesis_mfe_protect_pct"": 2.0, ""thesis_exit_if_above_unreal_pct"": 8.0, ""thesis_min_age_sec"": 300, ""thesis_score_flip_margin"": 1, ""thesis_early_decay_delta"": 2, ""early_fail_pct_threshold"": -32.0, ""type_a_first_candle_enabled"": false, ""type_a_early_fail_enabled"": false, ""scenario_c_exit_profile"": true, ""type_a_stall_enabled"": false, ""type_a_stall_min_age_sec"": 480, ""type_a_stall_min_candles"": 3, ""type_a_stall_max_mfe_pct"": 5.0, ""trend_weakening_enabled"": false, ""spread_penalty_threshold"": 5, ""spread_penalty_margin_mult"": 0.75}",,,
2026-06-23T04:03:36.017473+00:00,cont-7c2560ddcdc2,SHORT,64074.5,64121.0,12.986614,-7.23,15.0,6,-1.08,-1.09,0.0,0.0,-0.0,-0.0,THESIS_INVALIDATED,100,0.24,62,44.0,True,SIM_LIMIT,AI_DIRECT_LIMIT,,,,,0,BEAR,SR,60-70,SPAWN,-3,-3,BEARISH_STRUCTURE,BEAR_ALIGNED,32.85,-4,2,8,0.01142,bitfinex,tBTCF0:USTF0,v9.83-quality-roster-4-tiles-2026-06-21,BITFINEX_ZERO,v9.83-quality-roster-4-tiles-2026-06-21,CONTINUOUS,Continuous AI Research,APPROVE,64013.0,0.025995,0.003015,NEAR_SUPPORT,-0.00058,1.0,87.7,12.986615,-9.286065,1.638717,367.567,367.567,367.567,5-15m,AI_DIRECT,AI_DIRECT_CHASE,1,,61.5,0.0,0.0,0.0,False,0.0,0.0,-0.004637,2.2e-05,0.000565,0.064662,-0.35222,0.0,0.169674,64013.0,64129.209207,64172.299745,64255.591108,-0.000671,NEAR_SUPPORT,SHORT_PREFERRED,0.025995,0.003015,BEAR,3.0,44.0,0.0,100,4.4,True,True,APPROVE,62,"```json
{
  ""direction"": ""SHORT"",
  ""confidence"": 62,
  ""long_score"": 18,
  ""short_score"": 82,
  ""preferred_direction"": ""SHORT"",
  ""entry_zone_low"": 64050,
  ""entry_zone_high"": 64150,
  ""limit_price"": 64100,
  ""expected_mfe"": 120,
  ""expected_mae"": 80,
  ""reversal_probability"": 43,
  ""exit_style"": ""AGGRESSIVE"",
  ""reasons_for_trade"": [
    ""BEAR_ALIGNED multi-timeframe agreement (15m/1h bearish, 4h ranging)"",
    ""Bearish structure with LL/HL sequence and negative structure_score (-3)"",
    ""Bearish EMA stack (price below all EMAs, EMA9 below EMA21, EMA21 below EMA200)"",
    ""ADX 32.85 (>25) confirms trending conditions favoring continuation"",
    ""Trend health BEAR with bear_score 10 vs bull_score 3"",
    ""Market structure shift is BEAR_CONTINUATION"",
    ""Negative velocity and delta support bearish momentum"",
    ""Price near micro support (63999) but no reversal confirmation - continuation more likely""
  ],
  ""reasons_against_trade"": [
    ""Price is very close to support (0.4% to recent low, 0.02% to micro support)"",
    ""Reversal risk score is 43 - moderate bounce potential from support"",
    ""Volume ratio is low (0.06) suggesting lack of aggressive selling"",
    ""Compression regime may precede expansion in either direction"",
    ""Higher low detected could indicate weakening bearish momentum""
  ],
  ""bull_score"": 2,
  ""bear_score"": 8
}
```

Direction: SHORT
Win probability: 62
Long score: 18
Short score: 82
Bull score: 2
Bear score: 8
Decision: APPROVE
Reason: Strong bearish alignment across all trend hierarchy layers (MTF, structure, EMA, ADX) with no valid reversal confirmation. Price near support is a location context only - not a reason to go long. Short entry above current price (pullback to 64100) aligns with continuation bias. The moderate reversal risk (43) and proximity to support warrant an APPROVE (not STRONG_APPROVE) and an aggressive exit to manage bounce risk.",64074.5,64121.0,MAKER,TAKER,0.023433,61.5,367.567,-1.08,-1.09,0.0,0.0,-0.0,-0.0,-7.23,779.196939,THESIS_INVALIDATED,-0.35222,0.064662,2.2e-05,0.169674,False,True,"{'price': 64013.0, 'ret_1m': 0.0, 'ret_5m': -0.0005152546607126128, 'ema9': 64129.20920712585, 'ema21': 64172.29974549716, 'ema200': 64255.59110791906, 'dist_to_support': 0.0030150125755705874, 'dist_to_resistance': 0.025994719822536046, 'volume': 0.0005645810000000001, 'volume_ratio': 0.06466246367828275, 'delta': -0.3522198619999992, 'velocity': 2.1889442721926746e-05, 'imbalance': 0.16967357093518162, 'candle_range': 87.7, 'body_ratio': 0.36706760578981046, 'wick_ratio': 0.4329323942101896}",4.4,"{'early_fail_enabled': True, 'invert_signal': False, 'ai_enabled': True, 'edge_threshold': 3.0, 'edge_threshold_max': None, 'edge_range_preset': 'min_only', 'ai_threshold': 44.0, 'leverage': 100, 'pullback_threshold': 0.001}","{'ema9': 64129.20920712585, 'ema21': 64172.29974549716, 'ema200': 64255.59110791906, 'ema_spread': -0.000671, 'ema9_slope_pct': -0.1093, 'ema21_slope_pct': -0.0594, 'ema9_above_ema21': False, 'ema21_above_ema200': False}",WEAK_SETUP,4.4,4.4,False,True,INV_False_EF_True,SHORT,12,8,SCENARIO_C_EARLY_12_v2_frozen,40.0,10.0,-12.0,2.0,8.0,300,1,2,-32.0,False,False,True,False,480,3,5.0,False,5,0.75,"[[12, 8], [15, 10], [25, 18], [40, 28], [60, 45], [80, 60], [100, 75], [150, 120]]","{""trail_ladder"": [[12, 8], [15, 10], [25, 18], [40, 28], [60, 45], [80, 60], [100, 75], [150, 120]], ""ladder_first_trigger_pct"": 12, ""ladder_first_lock_pct"": 8, ""exit_profile_id"": ""SCENARIO_C_EARLY_12_v2_frozen"", ""peak_never_loser_min_peak"": 40.0, ""peak_never_loser_floor"": 10.0, ""thesis_fast_exit_unreal_pct"": -12.0, ""thesis_mfe_protect_pct"": 2.0, ""thesis_exit_if_above_unreal_pct"": 8.0, ""thesis_min_age_sec"": 300, ""thesis_score_flip_margin"": 1, ""thesis_early_decay_delta"": 2, ""early_fail_pct_threshold"": -32.0, ""type_a_first_candle_enabled"": false, ""type_a_early_fail_enabled"": false, ""scenario_c_exit_profile"": true, ""type_a_stall_enabled"": false, ""type_a_stall_min_age_sec"": 480, ""type_a_stall_min_candles"": 3, ""type_a_stall_max_mfe_pct"": 5.0, ""trend_weakening_enabled"": false, ""spread_penalty_threshold"": 5, ""spread_penalty_margin_mult"": 0.75}",,,
2026-06-23T05:53:49.876504+00:00,cont-e56cea233898,SHORT,63475.9,63452.0,6.243879,3.78,20.0,5,0.76,0.75,0.0,0.0,-0.0,-0.0,PROFIT_LOCK_LADDER,100,0.13,62,40.0,True,SIM_LIMIT,AI_DIRECT_LIMIT,,,,,0,BEAR,SR,60-70,SPAWN,-1,-1,LEAN_BEAR,BEAR_ALIGNED,43.46,-2,3,8,0.01142,bitfinex,tBTCF0:USTF0,v9.83-quality-roster-4-tiles-2026-06-21,BITFINEX_ZERO,v9.83-quality-roster-4-tiles-2026-06-21,CONTINUOUS,Continuous AI Research,APPROVE,63458.0,0.034332,0.001197,NEAR_SUPPORT,-0.00329,0.236388,149.1,6.24388,0.0,15.738257,321.975,321.975,321.975,5-15m,AI_DIRECT,AI_DIRECT_CHASE,5,,17.9,0.0,0.0,0.0,False,0.0,0.0,-0.002935,-1.1e-05,0.000356,0.247211,0.001079,0.0,0.11261,63458.0,63756.621802,63943.497435,64221.629087,-0.002923,NEAR_SUPPORT,SHORT_PREFERRED,0.034332,0.001197,BEAR,3.0,40.0,0.0,100,2.9,True,True,APPROVE,62,"```json
{
  ""direction"": ""SHORT"",
  ""confidence"": 62,
  ""long_score"": 25,
  ""short_score"": 75,
  ""preferred_direction"": ""SHORT"",
  ""entry_zone_low"": 63550,
  ""entry_zone_high"": 63700,
  ""limit_price"": 63625,
  ""expected_mfe"": 120,
  ""expected_mae"": 80,
  ""reversal_probability"": 51,
  ""exit_style"": ""AGGRESSIVE"",
  ""reasons_for_trade"": [
    ""MTF agreement is BEAR_ALIGNED (15m/1h bearish, 4h ranging)"",
    ""Market structure bias is LEAN_BEAR with bear continuation signal"",
    ""EMA stack is bearish (price below all EMAs, bearish alignment)"",
    ""ADX at 43.46 indicates strong trending conditions favoring continuation"",
    ""Trend health state is BEAR with bear_score 8 vs bull_score 3"",
    ""Volume ratio is very low (0.076) suggesting lack of buying interest on bounce"",
    ""Price is near support (0.08% away) but no reversal confirmation - continuation more likely"",
    ""Funding rate positive (0.01142% per 8h) favors shorts, longs paying""
  ],
  ""reasons_against_trade"": [
    ""Price is very close to recent low support (63421), bounce risk elevated"",
    ""Reversal risk score is 51, indicating moderate reversal probability"",
    ""Higher low detected on micro structure could signal short-term bottom"",
    ""Edge score (2.9) is just below threshold (3.0), suggesting marginal edge"",
    ""Low volume and velocity indicate indecision near support""
  ],
  ""bull_score"": 3,
  ""bear_score"": 8
}
```

**Direction:** SHORT  
**Win probability:** 62%  
**Long score:** 25  
**Short score:** 75  
**Bull score:** 3  
**Bear score:** 8  
**Decision:** APPROVE  

**Reason:** The trend hierarchy strongly favors bear continuation: BEAR_ALIGNED multi-timeframe agreement, bearish EMA stack, ADX > 25 trending, and bearish trend health (bear_score 8 vs bull_score 3). Price is near support but lacks any reversal confirmation (no structure shift, no momentum expansion, no MTF disagreement). The low volume ratio and positive funding further support shorts. While the proximity to support introduces bounce risk, the continuation bias outweighs it given the strong bearish structure. Entry is set slightly above current price to allow for a minor pullback before continuation.",63475.9,63452.0,MAKER,TAKER,0.031517,17.9,321.975,0.76,0.75,0.0,0.0,-0.0,-0.0,3.78,374.632892,PROFIT_LOCK_LADDER,0.001079,0.247211,-1.1e-05,0.11261,False,True,"{'price': 63458.0, 'ret_1m': 4.727759829800646e-05, 'ret_5m': 0.0, 'ema9': 63756.621802491405, 'ema21': 63943.497435001074, 'ema200': 64221.62908691895, 'dist_to_support': 0.0011969069404853773, 'dist_to_resistance': 0.034332330661291086, 'volume': 0.00035646, 'volume_ratio': 0.24721139536531783, 'delta': 0.001079433, 'velocity': -1.1002257612956751e-05, 'imbalance': 0.11260988844957409, 'candle_range': 149.1, 'body_ratio': 0.486773887598401, 'wick_ratio': 0.513226112401599}",2.9,"{'early_fail_enabled': True, 'invert_signal': False, 'ai_enabled': True, 'edge_threshold': 3.0, 'edge_threshold_max': None, 'edge_range_preset': 'min_only', 'ai_threshold': 40.0, 'leverage': 100, 'pullback_threshold': 0.001}","{'ema9': 63756.621802491405, 'ema21': 63943.497435001074, 'ema200': 64221.62908691895, 'ema_spread': -0.002923, 'ema9_slope_pct': -0.3329, 'ema21_slope_pct': -0.2088, 'ema9_above_ema21': False, 'ema21_above_ema200': False}",WEAK_SETUP,2.9,2.9,False,True,INV_False_EF_True,SHORT,12,8,SCENARIO_C_EARLY_12_v2_frozen,40.0,10.0,-12.0,2.0,8.0,300,1,2,-32.0,False,False,True,False,480,3,5.0,False,5,0.75,"[[12, 8], [15, 10], [25, 18], [40, 28], [60, 45], [80, 60], [100, 75], [150, 120]]","{""trail_ladder"": [[12, 8], [15, 10], [25, 18], [40, 28], [60, 45], [80, 60], [100, 75], [150, 120]], ""ladder_first_trigger_pct"": 12, ""ladder_first_lock_pct"": 8, ""exit_profile_id"": ""SCENARIO_C_EARLY_12_v2_frozen"", ""peak_never_loser_min_peak"": 40.0, ""peak_never_loser_floor"": 10.0, ""thesis_fast_exit_unreal_pct"": -12.0, ""thesis_mfe_protect_pct"": 2.0, ""thesis_exit_if_above_unreal_pct"": 8.0, ""thesis_min_age_sec"": 300, ""thesis_score_flip_margin"": 1, ""thesis_early_decay_delta"": 2, ""early_fail_pct_threshold"": -32.0, ""type_a_first_candle_enabled"": false, ""type_a_early_fail_enabled"": false, ""scenario_c_exit_profile"": true, ""type_a_stall_enabled"": false, ""type_a_stall_min_age_sec"": 480, ""type_a_stall_min_candles"": 3, ""type_a_stall_max_mfe_pct"": 5.0, ""trend_weakening_enabled"": false, ""spread_penalty_threshold"": 5, ""spread_penalty_margin_mult"": 0.75}",,,
2026-06-23T06:33:35.245109+00:00,cont-214a3190a370,SHORT,62757.62,62938.0,5.043634,-28.73,15.0,6,-4.31,-4.31,0.0,0.0,-0.0,-0.0,STOP_LOSS,100,0.96,72,44.0,True,SIM_LIMIT,AI_DIRECT_LIMIT,,,,,0,BEAR,SR,70+,SPAWN,-1,-1,LEAN_BEAR,BEAR_ALIGNED,50.18,-2,2,8,0.01142,bitfinex,tBTCF0:USTF0,v10.2-ai-chase-bands-desk-2026-06-23,BITFINEX_ZERO,v10.2-ai-chase-bands-desk-2026-06-23,CONTINUOUS,Continuous AI Research,APPROVE,62634.0,0.048048,0.001053,NEAR_SUPPORT,-0.005264,0.957488,291.7,5.043635,-30.973131,8.543982,123.059,123.059,123.059,0-5m,AI_DIRECT,AI_DIRECT_CHASE,2,,123.62,0.0,0.0,0.0,False,0.0,0.0,-0.001803,-1.9e-05,0.009145,0.35395,-0.957159,0.0,0.366228,62634.0,63416.585563,63731.641608,64186.757133,-0.004943,NEAR_SUPPORT,SHORT_PREFERRED,0.048048,0.001053,BEAR,3.0,44.0,0.0,100,3.8,True,True,APPROVE,72,"```json
{
  ""direction"": ""SHORT"",
  ""confidence"": 72,
  ""long_score"": 18,
  ""short_score"": 82,
  ""preferred_direction"": ""SHORT"",
  ""entry_zone_low"": 62750,
  ""entry_zone_high"": 62900,
  ""limit_price"": 62825,
  ""expected_mfe"": 180,
  ""expected_mae"": 120,
  ""reversal_probability"": 43,
  ""exit_style"": ""AGGRESSIVE"",
  ""reasons_for_trade"": [
    ""MTF agreement is BEAR_ALIGNED across 15m, 1h, 4h"",
    ""Market structure bias is BEARISH with structure_score -1 and BEAR_CONTINUATION shift"",
    ""EMA stack is bearish (price below all EMAs, EMA9 below EMA21, EMA21 below EMA200)"",
    ""ADX at 50.18 indicates strong trending market favoring continuation"",
    ""Trend health state is BEAR with bear_score 8 vs bull_score 3"",
    ""Orderflow shows negative delta (-1.09) and bearish velocity"",
    ""Funding rate positive (0.01142% per 8h) favors shorts"",
    ""Price is near support (0.13% away) but no reversal confirmation - continuation more likely""
  ],
  ""reasons_against_trade"": [
    ""Price is very close to recent low support (62600), bounce risk elevated"",
    ""Reversal probability at 43% suggests non-trivial chance of mean reversion"",
    ""Volume ratio extremely low (0.0011) - low participation could lead to erratic moves"",
    ""Higher low detected on micro structure could indicate weakening bear momentum""
  ],
  ""bull_score"": 2,
  ""bear_score"": 8
}
```

Direction: SHORT  
Win probability: 72%  
Long score: 18  
Short score: 82  
Bull score: 2  
Bear score: 8  
Decision: APPROVE  
Reason: Strong bearish alignment across all trend hierarchy layers (MTF, structure, EMA, ADX, trend health) with no valid reversal confirmation. Price near support is a location context only - the bearish continuation case dominates. Short entry above current price (pullback to 62825) aligns with trend-following approach. Aggressive exit style due to proximity to support and potential for sharp reversals.",62757.62,62938.0,MAKER,TAKER,0.023949,123.62,123.059,-4.31,-4.31,0.0,0.0,-0.0,-0.0,-28.73,302.618161,STOP_LOSS,-0.957159,0.35395,-1.9e-05,0.366228,False,True,"{'price': 62634.0, 'ret_1m': 0.0, 'ret_5m': -0.0004787437763309077, 'ema9': 63416.5855628756, 'ema21': 63731.64160814662, 'ema200': 64186.757133155515, 'dist_to_support': 0.0010532026936456772, 'dist_to_resistance': 0.04804838349344142, 'volume': 0.009145376, 'volume_ratio': 0.35395043976916013, 'delta': -0.95715938, 'velocity': -1.9131834717098756e-05, 'imbalance': 0.3662275313401858, 'candle_range': 291.7, 'body_ratio': 0.5264665358808047, 'wick_ratio': 0.47353346411919545}",3.8,"{'early_fail_enabled': True, 'invert_signal': False, 'ai_enabled': True, 'edge_threshold': 3.0, 'edge_threshold_max': None, 'edge_range_preset': 'min_only', 'ai_threshold': 44.0, 'leverage': 100, 'pullback_threshold': 0.001}","{'ema9': 63416.5855628756, 'ema21': 63731.64160814662, 'ema200': 64186.757133155515, 'ema_spread': -0.004943, 'ema9_slope_pct': -0.528, 'ema21_slope_pct': -0.3289, 'ema9_above_ema21': False, 'ema21_above_ema200': False}",MOMENTUM_SHORT,3.8,3.8,False,True,INV_False_EF_True,SHORT,12,8,SCENARIO_C_EARLY_12_v2_frozen,40.0,10.0,-12.0,2.0,8.0,300,1,2,-32.0,False,False,True,False,480,3,5.0,False,5,0.75,"[[12, 8], [15, 10], [25, 18], [40, 28], [60, 45], [80, 60], [100, 75], [150, 120]]","{""trail_ladder"": [[12, 8], [15, 10], [25, 18], [40, 28], [60, 45], [80, 60], [100, 75], [150, 120]], ""ladder_first_trigger_pct"": 12, ""ladder_first_lock_pct"": 8, ""exit_profile_id"": ""SCENARIO_C_EARLY_12_v2_frozen"", ""peak_never_loser_min_peak"": 40.0, ""peak_never_loser_floor"": 10.0, ""thesis_fast_exit_unreal_pct"": -12.0, ""thesis_mfe_protect_pct"": 2.0, ""thesis_exit_if_above_unreal_pct"": 8.0, ""thesis_min_age_sec"": 300, ""thesis_score_flip_margin"": 1, ""thesis_early_decay_delta"": 2, ""early_fail_pct_threshold"": -32.0, ""type_a_first_candle_enabled"": false, ""type_a_early_fail_enabled"": false, ""scenario_c_exit_profile"": true, ""type_a_stall_enabled"": false, ""type_a_stall_min_age_sec"": 480, ""type_a_stall_min_candles"": 3, ""type_a_stall_max_mfe_pct"": 5.0, ""trend_weakening_enabled"": false, ""spread_penalty_threshold"": 5, ""spread_penalty_margin_mult"": 0.75}",,,
2026-06-23T07:26:18.094014+00:00,c65c-fed333f64efb,SHORT,63109.52,63041.93,1.646344,10.71,15.0,6,1.61,1.61,0.0,0.0,-0.0,-0.0,PROFIT_LOCK_LADDER,100,0.36,68,44.0,True,SIM_LIMIT,AI_DIRECT_LIMIT,,,,,0,BEAR,SR,60-70,SPAWN,-1,-1,LEAN_BEAR,BEAR_ALIGNED,57.36,-2,2,8,0.01142,bitfinex,tBTCF0:USTF0,v10.3-dashboard-ultimate-gate-2026-06-23,BITFINEX_ZERO,v10.3-dashboard-ultimate-gate-2026-06-23,COMBO_65_SP5_CHASE_3PLUS,AI65+ · Spread5+ · Chase 3+,APPROVE,63070.0,0.041335,0.007452,NEAR_SUPPORT,-0.005053,1.0,234.8,1.646345,0.0,15.610957,244.172,244.172,244.172,0-5m,AI_DIRECT,AI_DIRECT_CHASE,5,,39.52,0.0,0.26,0.26,False,0.0,0.0,-0.000588,4.3e-05,0.018219,3.494935,0.134409,0.0,1.0,63070.0,63197.887527,63513.864763,64140.966378,-0.004975,NEAR_SUPPORT,SHORT_PREFERRED,0.041335,0.007452,BEAR,3.0,44.0,0.0,100,3.3,True,True,APPROVE,68,"```json
{
  ""direction"": ""SHORT"",
  ""confidence"": 68,
  ""long_score"": 18,
  ""short_score"": 82,
  ""preferred_direction"": ""SHORT"",
  ""entry_zone_low"": 63150,
  ""entry_zone_high"": 63300,
  ""limit_price"": 63225,
  ""expected_mfe"": 350,
  ""expected_mae"": 120,
  ""reversal_probability"": 43,
  ""exit_style"": ""AGGRESSIVE"",
  ""reasons_for_trade"": [
    ""Multi-timeframe agreement is BEAR_ALIGNED across 15m, 1h, 4h"",
    ""Market structure bias is LEAN_BEAR with bear continuation signal"",
    ""EMA stack is bearish (price below all EMAs, EMA9 below EMA21, EMA21 below EMA200)"",
    ""ADX at 57.36 indicates strong trending conditions favoring continuation"",
    ""Trend health state is BEAR with bear_score 8 vs bull_score 3"",
    ""Volume ratio elevated at 3.49 supporting bearish momentum"",
    ""Price near support (0.79% away) but no reversal confirmation - continuation more likely"",
    ""Funding positive (longs pay shorts) aligns with bearish sentiment""
  ],
  ""reasons_against_trade"": [
    ""Price is very close to micro support at 62600, increasing bounce risk"",
    ""Reversal risk score at 43 suggests moderate reversal probability"",
    ""Edge score only 3.3 (just above threshold) - not a high-conviction setup"",
    ""Short entries near support historically show reduced expectancy""
  ],
  ""bull_score"": 2,
  ""bear_score"": 8
}
```

**Direction:** SHORT  
**Win probability:** 68%  
**Long score:** 18  
**Short score:** 82  
**Bull score:** 2/10  
**Bear score:** 8/10  
**Decision:** APPROVE  

**Reason:** The trend hierarchy strongly favors bearish continuation: BEAR_ALIGNED multi-timeframe, bearish EMA stack, ADX > 25 (57.36), and bearish trend health (bear_score 8). Price is near support but lacks any reversal confirmation (no higher low, no structure shift, no momentum expansion upward). The short score (82) far exceeds the long score (18) with a gap of 64 points, well above the +5 threshold. Entry is set above current price (pullback to 63225) to avoid chasing into support. Exit style is AGGRESSIVE given proximity to support - take profits quickly on any weakness.",63109.52,63041.93,MAKER,TAKER,0.023783,39.52,244.172,1.61,1.61,0.0,0.0,-0.0,-0.0,10.71,98.780731,PROFIT_LOCK_LADDER,0.134409,3.494935,4.3e-05,1.0,False,True,"{'price': 63070.0, 'ret_1m': 0.0, 'ret_5m': 0.0014284127160474234, 'ema9': 63197.88752655386, 'ema21': 63513.86476268004, 'ema200': 64140.96637827218, 'dist_to_support': 0.007452037418741082, 'dist_to_resistance': 0.04133502457586808, 'volume': 0.018218523999999996, 'volume_ratio': 3.4949348813019636, 'delta': 0.13440932, 'velocity': 4.280683682668824e-05, 'imbalance': 1.0, 'candle_range': 234.8, 'body_ratio': 0.45422793912146614, 'wick_ratio': 0.5457720608785339}",3.3,"{'early_fail_enabled': True, 'invert_signal': False, 'ai_enabled': True, 'edge_threshold': 3.0, 'edge_threshold_max': None, 'edge_range_preset': 'min_only', 'ai_threshold': 44.0, 'leverage': 100, 'pullback_threshold': 0.001}","{'ema9': 63197.88752655386, 'ema21': 63513.86476268004, 'ema200': 64140.96637827218, 'ema_spread': -0.004975, 'ema9_slope_pct': -0.2308, 'ema21_slope_pct': -0.247, 'ema9_above_ema21': False, 'ema21_above_ema200': False}",MOMENTUM_LONG,3.3,3.3,False,True,INV_False_EF_True,SHORT,12,8,SCENARIO_C_EARLY_12_v2_frozen,40.0,10.0,-12.0,2.0,8.0,300,1,2,-32.0,False,False,True,False,480,3,5.0,False,5,0.75,"[[12, 8], [15, 10], [25, 18], [40, 28], [60, 45], [80, 60], [100, 75], [150, 120]]","{""trail_ladder"": [[12, 8], [15, 10], [25, 18], [40, 28], [60, 45], [80, 60], [100, 75], [150, 120]], ""ladder_first_trigger_pct"": 12, ""ladder_first_lock_pct"": 8, ""exit_profile_id"": ""SCENARIO_C_EARLY_12_v2_frozen"", ""peak_never_loser_min_peak"": 40.0, ""peak_never_loser_floor"": 10.0, ""thesis_fast_exit_unreal_pct"": -12.0, ""thesis_mfe_protect_pct"": 2.0, ""thesis_exit_if_above_unreal_pct"": 8.0, ""thesis_min_age_sec"": 300, ""thesis_score_flip_margin"": 1, ""thesis_early_decay_delta"": 2, ""early_fail_pct_threshold"": -32.0, ""type_a_first_candle_enabled"": false, ""type_a_early_fail_enabled"": false, ""scenario_c_exit_profile"": true, ""type_a_stall_enabled"": false, ""type_a_stall_min_age_sec"": 480, ""type_a_stall_min_candles"": 3, ""type_a_stall_max_mfe_pct"": 5.0, ""trend_weakening_enabled"": false, ""spread_penalty_threshold"": 5, ""spread_penalty_margin_mult"": 0.75}",,,
2026-06-23T07:28:02.004172+00:00,cont-2793bf4103df,SHORT,63118.43,63050.83,4.384498,10.72,15.0,6,1.61,1.61,0.0,0.0,-0.0,-0.0,PROFIT_LOCK_LADDER,100,0.36,68,44.0,True,SIM_LIMIT,AI_DIRECT_LIMIT,,,,,0,BEAR,SR,60-70,SPAWN,-1,-1,LEAN_BEAR,BEAR_ALIGNED,57.36,-2,2,8,0.01142,bitfinex,tBTCF0:USTF0,v10.3-dashboard-ultimate-gate-2026-06-23,BITFINEX_ZERO,v10.3-dashboard-ultimate-gate-2026-06-23,CONTINUOUS,Continuous AI Research,APPROVE,63070.0,0.041335,0.007452,NEAR_SUPPORT,-0.005091,1.0,234.8,4.384499,0.0,17.020385,185.23,185.23,185.23,0-5m,AI_DIRECT,AI_DIRECT_CHASE,4,,48.43,0.0,0.424,0.424,False,0.0,0.0,-0.001565,4.3e-05,0.018219,3.494935,0.134409,0.0,1.0,63070.0,63197.887527,63513.864763,64140.966378,-0.004975,NEAR_SUPPORT,SHORT_PREFERRED,0.041335,0.007452,BEAR,3.0,44.0,0.0,100,3.3,True,True,APPROVE,68,"```json
{
  ""direction"": ""SHORT"",
  ""confidence"": 68,
  ""long_score"": 18,
  ""short_score"": 82,
  ""preferred_direction"": ""SHORT"",
  ""entry_zone_low"": 63150,
  ""entry_zone_high"": 63300,
  ""limit_price"": 63225,
  ""expected_mfe"": 350,
  ""expected_mae"": 120,
  ""reversal_probability"": 43,
  ""exit_style"": ""AGGRESSIVE"",
  ""reasons_for_trade"": [
    ""Multi-timeframe agreement is BEAR_ALIGNED across 15m, 1h, 4h"",
    ""Market structure bias is LEAN_BEAR with bear continuation signal"",
    ""EMA stack is bearish (price below all EMAs, EMA9 below EMA21, EMA21 below EMA200)"",
    ""ADX at 57.36 indicates strong trending conditions favoring continuation"",
    ""Trend health state is BEAR with bear_score 8 vs bull_score 3"",
    ""Volume ratio elevated at 3.49 supporting bearish momentum"",
    ""Price near support (0.79% away) but no reversal confirmation - continuation more likely"",
    ""Funding positive (longs pay shorts) aligns with bearish sentiment""
  ],
  ""reasons_against_trade"": [
    ""Price is very close to micro support at 62600, increasing bounce risk"",
    ""Reversal risk score at 43 suggests moderate reversal probability"",
    ""Edge score only 3.3 (just above threshold) - not a high-conviction setup"",
    ""Short entries near support historically show reduced expectancy""
  ],
  ""bull_score"": 2,
  ""bear_score"": 8
}
```

**Direction:** SHORT  
**Win probability:** 68%  
**Long score:** 18  
**Short score:** 82  
**Bull score:** 2/10  
**Bear score:** 8/10  
**Decision:** APPROVE  

**Reason:** The trend hierarchy strongly favors bearish continuation: BEAR_ALIGNED multi-timeframe, bearish EMA stack, ADX > 25 (57.36), and bearish trend health (bear_score 8). Price is near support but lacks any reversal confirmation (no higher low, no structure shift, no momentum expansion upward). The short score (82) far exceeds the long score (18) with a gap of 64 points, well above the +5 threshold. Entry is set above current price (pullback to 63225) to avoid chasing into support. Exit style is AGGRESSIVE given proximity to support - take profits quickly on any weakness.",63118.43,63050.83,MAKER,TAKER,0.023783,48.43,185.23,1.61,1.61,0.0,0.0,-0.0,-0.0,10.72,263.070017,PROFIT_LOCK_LADDER,0.134409,3.494935,4.3e-05,1.0,False,True,"{'price': 63070.0, 'ret_1m': 0.0, 'ret_5m': 0.0014284127160474234, 'ema9': 63197.88752655386, 'ema21': 63513.86476268004, 'ema200': 64140.96637827218, 'dist_to_support': 0.007452037418741082, 'dist_to_resistance': 0.04133502457586808, 'volume': 0.018218523999999996, 'volume_ratio': 3.4949348813019636, 'delta': 0.13440932, 'velocity': 4.280683682668824e-05, 'imbalance': 1.0, 'candle_range': 234.8, 'body_ratio': 0.45422793912146614, 'wick_ratio': 0.5457720608785339}",3.3,"{'early_fail_enabled': True, 'invert_signal': False, 'ai_enabled': True, 'edge_threshold': 3.0, 'edge_threshold_max': None, 'edge_range_preset': 'min_only', 'ai_threshold': 44.0, 'leverage': 100, 'pullback_threshold': 0.001}","{'ema9': 63197.88752655386, 'ema21': 63513.86476268004, 'ema200': 64140.96637827218, 'ema_spread': -0.004975, 'ema9_slope_pct': -0.2308, 'ema21_slope_pct': -0.247, 'ema9_above_ema21': False, 'ema21_above_ema200': False}",MOMENTUM_LONG,3.3,3.3,False,True,INV_False_EF_True,SHORT,12,8,SCENARIO_C_EARLY_12_v2_frozen,40.0,10.0,-12.0,2.0,8.0,300,1,2,-32.0,False,False,True,False,480,3,5.0,False,5,0.75,"[[12, 8], [15, 10], [25, 18], [40, 28], [60, 45], [80, 60], [100, 75], [150, 120]]","{""trail_ladder"": [[12, 8], [15, 10], [25, 18], [40, 28], [60, 45], [80, 60], [100, 75], [150, 120]], ""ladder_first_trigger_pct"": 12, ""ladder_first_lock_pct"": 8, ""exit_profile_id"": ""SCENARIO_C_EARLY_12_v2_frozen"", ""peak_never_loser_min_peak"": 40.0, ""peak_never_loser_floor"": 10.0, ""thesis_fast_exit_unreal_pct"": -12.0, ""thesis_mfe_protect_pct"": 2.0, ""thesis_exit_if_above_unreal_pct"": 8.0, ""thesis_min_age_sec"": 300, ""thesis_score_flip_margin"": 1, ""thesis_early_decay_delta"": 2, ""early_fail_pct_threshold"": -32.0, ""type_a_first_candle_enabled"": false, ""type_a_early_fail_enabled"": false, ""scenario_c_exit_profile"": true, ""type_a_stall_enabled"": false, ""type_a_stall_min_age_sec"": 480, ""type_a_stall_min_candles"": 3, ""type_a_stall_max_mfe_pct"": 5.0, ""trend_weakening_enabled"": false, ""spread_penalty_threshold"": 5, ""spread_penalty_margin_mult"": 0.75}",,,
2026-06-23T07:34:10.942615+00:00,cont-3634212f5b15,SHORT,63020.56,62991.86,0.043512,4.55,15.0,6,0.68,0.68,0.0,0.0,-0.0,0.0,PROFIT_LOCK_LADDER,100,0.15,72,44.0,True,SIM_LIMIT,AI_DIRECT_LIMIT,,,,,0,BEAR,SR,70+,SPAWN,-1,-1,LEAN_BEAR,BEAR_ALIGNED,57.15,-2,2,8,0.01142,bitfinex,tBTCF0:USTF0,v10.3-dashboard-ultimate-gate-2026-06-23,BITFINEX_ZERO,v10.3-dashboard-ultimate-gate-2026-06-23,CONTINUOUS,Continuous AI Research,APPROVE,63006.0,0.042393,0.006444,NEAR_SUPPORT,-0.00505,1.0,234.8,0.043513,0.0,12.148416,245.082,245.082,245.082,0-5m,AI_DIRECT,AI_DIRECT_CHASE,5,,14.56,0.0,0.3539,0.3539,False,0.0,0.0,-1.6e-05,-8e-06,0.017217,6.643515,0.308382,0.0,0.425044,63006.0,63184.487527,63507.773854,64140.299712,-0.005091,NEAR_SUPPORT,SHORT_PREFERRED,0.042393,0.006444,BEAR,3.0,44.0,0.0,100,4.0,True,True,APPROVE,72,"```json
{
  ""direction"": ""SHORT"",
  ""confidence"": 72,
  ""long_score"": 18,
  ""short_score"": 82,
  ""preferred_direction"": ""SHORT"",
  ""entry_zone_low"": 63150,
  ""entry_zone_high"": 63300,
  ""limit_price"": 63225,
  ""expected_mfe"": 450,
  ""expected_mae"": 200,
  ""reversal_probability"": 41,
  ""exit_style"": ""AGGRESSIVE"",
  ""reasons_for_trade"": [
    ""BEAR_ALIGNED multi-timeframe agreement (15m, 1h, 4h all bearish)"",
    ""Bearish EMA stack (price below all EMAs, EMA9 below EMA21 below EMA200)"",
    ""ADX at 57.15 indicates strong trending market favoring continuation"",
    ""Trend health state BEAR with bear_score 8 vs bull_score 3"",
    ""Market structure bias LEAN_BEAR with BEAR_CONTINUATION shift"",
    ""Price near support (0.68% away) but no reversal confirmation - continuation more likely"",
    ""Negative velocity and bearish EMA slopes confirm downward momentum"",
    ""Funding positive (0.01142% per 8h) favors shorts, longs paying""
  ],
  ""reasons_against_trade"": [
    ""Price is very close to micro support at 62600 - bounce risk elevated"",
    ""Reversal probability at 41% suggests non-trivial chance of mean reversion"",
    ""Volume ratio extremely low (0.00485) - lack of conviction in current move"",
    ""Compression regime may precede expansion in either direction"",
    ""Edge score only 4.0 (above threshold but not exceptional)""
  ],
  ""bull_score"": 2,
  ""bear_score"": 8
}
```

Direction: SHORT
Win probability: 72
Long score: 18
Short score: 82
Bull score: 2
Bear score: 8
Decision: APPROVE
Reason: Strong bearish alignment across all trend hierarchy layers (MTF, structure, EMA, ADX) with no reversal confirmation. Price near support is a location context only - not a valid long signal without structure shift or momentum reversal. Short entry above current price (pullback to EMA9/EMA21 zone) aligns with continuation bias. Low volume and proximity to support warrant aggressive exit (tight stop above recent swing high).",63020.56,62991.86,MAKER,TAKER,0.023807,14.56,245.082,0.68,0.68,0.0,0.0,-0.0,0.0,4.55,2.610808,PROFIT_LOCK_LADDER,0.308382,6.643515,-8e-06,0.425044,False,True,"{'price': 63006.0, 'ret_1m': 0.0, 'ret_5m': -0.000602753632383732, 'ema9': 63184.48752655386, 'ema21': 63507.773853589126, 'ema200': 64140.299711605505, 'dist_to_support': 0.006443830746278132, 'dist_to_resistance': 0.04239278798844554, 'volume': 0.017217337, 'volume_ratio': 6.643515418477292, 'delta': 0.30838243400000004, 'velocity': -7.92409422117999e-06, 'imbalance': 0.425044109047091, 'candle_range': 234.8, 'body_ratio': 0.45422793912146614, 'wick_ratio': 0.5457720608785339}",4.0,"{'early_fail_enabled': True, 'invert_signal': False, 'ai_enabled': True, 'edge_threshold': 3.0, 'edge_threshold_max': None, 'edge_range_preset': 'min_only', 'ai_threshold': 44.0, 'leverage': 100, 'pullback_threshold': 0.001}","{'ema9': 63184.48752655386, 'ema21': 63507.773853589126, 'ema200': 64140.299711605505, 'ema_spread': -0.005091, 'ema9_slope_pct': -0.252, 'ema21_slope_pct': -0.2566, 'ema9_above_ema21': False, 'ema21_above_ema200': False}",WEAK_SETUP,4.0,4.0,False,True,INV_False_EF_True,SHORT,12,8,SCENARIO_C_EARLY_12_v2_frozen,40.0,10.0,-12.0,2.0,8.0,300,1,2,-32.0,False,False,True,False,480,3,5.0,False,5,0.75,"[[12, 8], [15, 10], [25, 18], [40, 28], [60, 45], [80, 60], [100, 75], [150, 120]]","{""trail_ladder"": [[12, 8], [15, 10], [25, 18], [40, 28], [60, 45], [80, 60], [100, 75], [150, 120]], ""ladder_first_trigger_pct"": 12, ""ladder_first_lock_pct"": 8, ""exit_profile_id"": ""SCENARIO_C_EARLY_12_v2_frozen"", ""peak_never_loser_min_peak"": 40.0, ""peak_never_loser_floor"": 10.0, ""thesis_fast_exit_unreal_pct"": -12.0, ""thesis_mfe_protect_pct"": 2.0, ""thesis_exit_if_above_unreal_pct"": 8.0, ""thesis_min_age_sec"": 300, ""thesis_score_flip_margin"": 1, ""thesis_early_decay_delta"": 2, ""early_fail_pct_threshold"": -32.0, ""type_a_first_candle_enabled"": false, ""type_a_early_fail_enabled"": false, ""scenario_c_exit_profile"": true, ""type_a_stall_enabled"": false, ""type_a_stall_min_age_sec"": 480, ""type_a_stall_min_candles"": 3, ""type_a_stall_max_mfe_pct"": 5.0, ""trend_weakening_enabled"": false, ""spread_penalty_threshold"": 5, ""spread_penalty_margin_mult"": 0.75}",,,
2026-06-23T07:34:10.971275+00:00,c65c-8c9da8df1581,SHORT,63021.75,62991.86,0.04015,4.74,15.0,6,0.71,0.71,0.0,0.0,-0.0,0.0,PROFIT_LOCK_LADDER,100,0.16,72,44.0,True,SIM_LIMIT,AI_DIRECT_LIMIT,,,,,0,BEAR,SR,70+,SPAWN,-1,-1,LEAN_BEAR,BEAR_ALIGNED,57.15,-2,2,8,0.01142,bitfinex,tBTCF0:USTF0,v10.3-dashboard-ultimate-gate-2026-06-23,BITFINEX_ZERO,v10.3-dashboard-ultimate-gate-2026-06-23,COMBO_65_SP5_CHASE_3PLUS,AI65+ · Spread5+ · Chase 3+,APPROVE,63006.0,0.042393,0.006444,NEAR_SUPPORT,-0.00505,1.0,234.8,0.040151,0.0,12.337011,244.46,244.46,244.46,0-5m,AI_DIRECT,AI_DIRECT_CHASE,5,,15.75,0.0,0.3539,0.3539,False,0.0,0.0,-1.4e-05,-8e-06,0.017217,6.643515,0.308382,0.0,0.425044,63006.0,63184.487527,63507.773854,64140.299712,-0.005091,NEAR_SUPPORT,SHORT_PREFERRED,0.042393,0.006444,BEAR,3.0,44.0,0.0,100,4.0,True,True,APPROVE,72,"```json
{
  ""direction"": ""SHORT"",
  ""confidence"": 72,
  ""long_score"": 18,
  ""short_score"": 82,
  ""preferred_direction"": ""SHORT"",
  ""entry_zone_low"": 63150,
  ""entry_zone_high"": 63300,
  ""limit_price"": 63225,
  ""expected_mfe"": 450,
  ""expected_mae"": 200,
  ""reversal_probability"": 41,
  ""exit_style"": ""AGGRESSIVE"",
  ""reasons_for_trade"": [
    ""BEAR_ALIGNED multi-timeframe agreement (15m, 1h, 4h all bearish)"",
    ""Bearish EMA stack (price below all EMAs, EMA9 below EMA21 below EMA200)"",
    ""ADX at 57.15 indicates strong trending market favoring continuation"",
    ""Trend health state BEAR with bear_score 8 vs bull_score 3"",
    ""Market structure bias LEAN_BEAR with BEAR_CONTINUATION shift"",
    ""Price near support (0.68% away) but no reversal confirmation - continuation more likely"",
    ""Negative velocity and bearish EMA slopes confirm downward momentum"",
    ""Funding positive (0.01142% per 8h) favors shorts, longs paying""
  ],
  ""reasons_against_trade"": [
    ""Price is very close to micro support at 62600 - bounce risk elevated"",
    ""Reversal probability at 41% suggests non-trivial chance of mean reversion"",
    ""Volume ratio extremely low (0.00485) - lack of conviction in current move"",
    ""Compression regime may precede expansion in either direction"",
    ""Edge score only 4.0 (above threshold but not exceptional)""
  ],
  ""bull_score"": 2,
  ""bear_score"": 8
}
```

Direction: SHORT
Win probability: 72
Long score: 18
Short score: 82
Bull score: 2
Bear score: 8
Decision: APPROVE
Reason: Strong bearish alignment across all trend hierarchy layers (MTF, structure, EMA, ADX) with no reversal confirmation. Price near support is a location context only - not a valid long signal without structure shift or momentum reversal. Short entry above current price (pullback to EMA9/EMA21 zone) aligns with continuation bias. Low volume and proximity to support warrant aggressive exit (tight stop above recent swing high).",63021.75,62991.86,MAKER,TAKER,0.023807,15.75,244.46,0.71,0.71,0.0,0.0,-0.0,0.0,4.74,2.409063,PROFIT_LOCK_LADDER,0.308382,6.643515,-8e-06,0.425044,False,True,"{'price': 63006.0, 'ret_1m': 0.0, 'ret_5m': -0.000602753632383732, 'ema9': 63184.48752655386, 'ema21': 63507.773853589126, 'ema200': 64140.299711605505, 'dist_to_support': 0.006443830746278132, 'dist_to_resistance': 0.04239278798844554, 'volume': 0.017217337, 'volume_ratio': 6.643515418477292, 'delta': 0.30838243400000004, 'velocity': -7.92409422117999e-06, 'imbalance': 0.425044109047091, 'candle_range': 234.8, 'body_ratio': 0.45422793912146614, 'wick_ratio': 0.5457720608785339}",4.0,"{'early_fail_enabled': True, 'invert_signal': False, 'ai_enabled': True, 'edge_threshold': 3.0, 'edge_threshold_max': None, 'edge_range_preset': 'min_only', 'ai_threshold': 44.0, 'leverage': 100, 'pullback_threshold': 0.001}","{'ema9': 63184.48752655386, 'ema21': 63507.773853589126, 'ema200': 64140.299711605505, 'ema_spread': -0.005091, 'ema9_slope_pct': -0.252, 'ema21_slope_pct': -0.2566, 'ema9_above_ema21': False, 'ema21_above_ema200': False}",WEAK_SETUP,4.0,4.0,False,True,INV_False_EF_True,SHORT,12,8,SCENARIO_C_EARLY_12_v2_frozen,40.0,10.0,-12.0,2.0,8.0,300,1,2,-32.0,False,False,True,False,480,3,5.0,False,5,0.75,"[[12, 8], [15, 10], [25, 18], [40, 28], [60, 45], [80, 60], [100, 75], [150, 120]]","{""trail_ladder"": [[12, 8], [15, 10], [25, 18], [40, 28], [60, 45], [80, 60], [100, 75], [150, 120]], ""ladder_first_trigger_pct"": 12, ""ladder_first_lock_pct"": 8, ""exit_profile_id"": ""SCENARIO_C_EARLY_12_v2_frozen"", ""peak_never_loser_min_peak"": 40.0, ""peak_never_loser_floor"": 10.0, ""thesis_fast_exit_unreal_pct"": -12.0, ""thesis_mfe_protect_pct"": 2.0, ""thesis_exit_if_above_unreal_pct"": 8.0, ""thesis_min_age_sec"": 300, ""thesis_score_flip_margin"": 1, ""thesis_early_decay_delta"": 2, ""early_fail_pct_threshold"": -32.0, ""type_a_first_candle_enabled"": false, ""type_a_early_fail_enabled"": false, ""scenario_c_exit_profile"": true, ""type_a_stall_enabled"": false, ""type_a_stall_min_age_sec"": 480, ""type_a_stall_min_candles"": 3, ""type_a_stall_max_mfe_pct"": 5.0, ""trend_weakening_enabled"": false, ""spread_penalty_threshold"": 5, ""spread_penalty_margin_mult"": 0.75}",,,
2026-06-23T07:37:54.329793+00:00,c65c-da9cda167952,SHORT,62965.09,63041.0,1.141552,-12.05,15.0,6,-1.81,-1.81,0.0,0.0,-0.0,-0.0,THESIS_FAST_CUT,100,0.4,68,44.0,True,SIM_LIMIT,AI_DIRECT_LIMIT,,,,,0,BEAR,SR,60-70,SPAWN,-1,-1,LEAN_BEAR,BEAR_ALIGNED,58.32,-2,2,8,0.01142,bitfinex,tBTCF0:USTF0,v10.3-dashboard-ultimate-gate-2026-06-23,BITFINEX_ZERO,v10.3-dashboard-ultimate-gate-2026-06-23,COMBO_65_SP5_CHASE_3PLUS,AI65+ · Spread5+ · Chase 3+,APPROVE,62919.0,0.043834,0.00507,NEAR_SUPPORT,-0.004952,0.445116,205.6,1.141552,-12.055887,0.0,213.419,213.419,213.419,0-5m,AI_DIRECT,AI_DIRECT_CHASE,3,,46.09,0.0,0.0,0.0,False,0.0,0.0,-0.000408,3e-05,0.001,0.08408,-0.654986,0.0,0.341922,62919.0,63134.790021,63455.794412,64128.660133,-0.005059,NEAR_SUPPORT,SHORT_PREFERRED,0.043834,0.00507,BEAR,3.0,44.0,0.0,100,3.5,True,True,APPROVE,68,"```json
{
  ""direction"": ""SHORT"",
  ""confidence"": 68,
  ""long_score"": 18,
  ""short_score"": 82,
  ""preferred_direction"": ""SHORT"",
  ""entry_zone_low"": 62950,
  ""entry_zone_high"": 63100,
  ""limit_price"": 63025,
  ""expected_mfe"": 350,
  ""expected_mae"": 180,
  ""reversal_probability"": 53,
  ""exit_style"": ""AGGRESSIVE"",
  ""reasons_for_trade"": [
    ""BEAR_ALIGNED multi-timeframe agreement (15m, 1h, 4h all bearish)"",
    ""Bearish EMA stack (price below all EMAs, EMA9 below EMA21 below EMA200)"",
    ""Strong trend with ADX 58.32 (>25, trending market)"",
    ""Bearish structure bias with BEAR_CONTINUATION market structure shift"",
    ""Negative delta (-0.65) and bearish orderflow imbalance (0.34 favoring shorts)"",
    ""Trend health state BEAR with bear_score 8 vs bull_score 3"",
    ""Price near support (0.5% away) but no reversal confirmation - continuation more likely"",
    ""Funding positive (0.01142% per 8h) favoring shorts, longs paying""
  ],
  ""reasons_against_trade"": [
    ""Price is very close to micro support at 62600 (0.5% away) - bounce risk"",
    ""Reversal risk score 53 indicates moderate reversal probability"",
    ""Volume ratio very low (0.084) - low participation could lead to erratic moves"",
    ""Compression regime may precede expansion in either direction"",
    ""Entry near support historically reduces short expectancy without strong continuation""
  ],
  ""bull_score"": 2,
  ""bear_score"": 8
}
```",62965.09,63041.0,MAKER,TAKER,0.02384,46.09,213.419,-1.81,-1.81,0.0,0.0,-0.0,-0.0,-12.05,68.493177,THESIS_FAST_CUT,-0.654986,0.08408,3e-05,0.341922,False,True,"{'price': 62919.0, 'ret_1m': -3.178589024332099e-05, 'ret_5m': 0.00022255782529210713, 'ema9': 63134.79002124308, 'ema21': 63455.79441234798, 'ema200': 64128.66013303209, 'dist_to_support': 0.0050700106486117075, 'dist_to_resistance': 0.04383413595257395, 'volume': 0.0010000000000000002, 'volume_ratio': 0.08407965235417982, 'delta': -0.6549863100000008, 'velocity': 3.0204225807100954e-05, 'imbalance': 0.3419223307503364, 'candle_range': 205.6, 'body_ratio': 0.4014882130940688, 'wick_ratio': 0.4985117869059311}",3.5,"{'early_fail_enabled': True, 'invert_signal': False, 'ai_enabled': True, 'edge_threshold': 3.0, 'edge_threshold_max': None, 'edge_range_preset': 'min_only', 'ai_threshold': 44.0, 'leverage': 100, 'pullback_threshold': 0.001}","{'ema9': 63134.79002124308, 'ema21': 63455.79441234798, 'ema200': 64128.66013303209, 'ema_spread': -0.005059, 'ema9_slope_pct': -0.2088, 'ema21_slope_pct': -0.2366, 'ema9_above_ema21': False, 'ema21_above_ema200': False}",WEAK_SETUP,3.5,3.5,False,True,INV_False_EF_True,SHORT,12,8,SCENARIO_C_EARLY_12_v2_frozen,40.0,10.0,-12.0,2.0,8.0,300,1,2,-32.0,False,False,True,False,480,3,5.0,False,5,0.75,"[[12, 8], [15, 10], [25, 18], [40, 28], [60, 45], [80, 60], [100, 75], [150, 120]]","{""trail_ladder"": [[12, 8], [15, 10], [25, 18], [40, 28], [60, 45], [80, 60], [100, 75], [150, 120]], ""ladder_first_trigger_pct"": 12, ""ladder_first_lock_pct"": 8, ""exit_profile_id"": ""SCENARIO_C_EARLY_12_v2_frozen"", ""peak_never_loser_min_peak"": 40.0, ""peak_never_loser_floor"": 10.0, ""thesis_fast_exit_unreal_pct"": -12.0, ""thesis_mfe_protect_pct"": 2.0, ""thesis_exit_if_above_unreal_pct"": 8.0, ""thesis_min_age_sec"": 300, ""thesis_score_flip_margin"": 1, ""thesis_early_decay_delta"": 2, ""early_fail_pct_threshold"": -32.0, ""type_a_first_candle_enabled"": false, ""type_a_early_fail_enabled"": false, ""scenario_c_exit_profile"": true, ""type_a_stall_enabled"": false, ""type_a_stall_min_age_sec"": 480, ""type_a_stall_min_candles"": 3, ""type_a_stall_max_mfe_pct"": 5.0, ""trend_weakening_enabled"": false, ""spread_penalty_threshold"": 5, ""spread_penalty_margin_mult"": 0.75}",,,
2026-06-23T07:43:40.775861+00:00,c65c-523336eee16c,SHORT,63017.63,62982.0,0.65713,5.66,15.0,6,0.85,0.85,0.0,0.0,-0.0,-0.0,PROFIT_LOCK_LADDER,100,0.19,68,44.0,True,SIM_LIMIT,AI_DIRECT_LIMIT,,,,,0,BEAR,SR,60-70,SPAWN,-1,-1,LEAN_BEAR,BEAR_ALIGNED,58.37,-2,2,8,0.01142,bitfinex,tBTCF0:USTF0,v10.3-dashboard-ultimate-gate-2026-06-23,BITFINEX_ZERO,v10.3-dashboard-ultimate-gate-2026-06-23,COMBO_65_SP5_CHASE_3PLUS,AI65+ · Spread5+ · Chase 3+,APPROVE,63014.0,0.04226,0.00657,NEAR_SUPPORT,-0.005012,1.0,205.6,0.657131,0.0,12.477461,210.679,210.679,210.679,0-5m,AI_DIRECT,AI_DIRECT_CHASE,4,,3.63,0.0,0.0,0.0,False,0.0,0.0,-0.000234,2e-06,0.029915,0.004783,-1.691207,0.0,0.560576,63014.0,63152.390021,63463.794412,64129.535755,-0.004907,NEAR_SUPPORT,SHORT_PREFERRED,0.04226,0.00657,BEAR,3.0,44.0,0.0,100,3.3,True,True,APPROVE,68,"```json
{
  ""direction"": ""SHORT"",
  ""confidence"": 68,
  ""long_score"": 18,
  ""short_score"": 82,
  ""preferred_direction"": ""SHORT"",
  ""entry_zone_low"": 63050,
  ""entry_zone_high"": 63150,
  ""limit_price"": 63100,
  ""expected_mfe"": 350,
  ""expected_mae"": 120,
  ""reversal_probability"": 53,
  ""exit_style"": ""AGGRESSIVE"",
  ""reasons_for_trade"": [
    ""BEAR_ALIGNED multi-timeframe agreement (15m, 1h, 4h all bearish)"",
    ""Bearish EMA stack (price below all EMAs, EMA9 below EMA21, EMA21 below EMA200)"",
    ""ADX at 58.37 indicating strong trending conditions favoring continuation"",
    ""Trend health state BEAR with bear_score 8 vs bull_score 3"",
    ""Market structure bias LEAN_BEAR with BEAR_CONTINUATION shift label"",
    ""Negative delta (-1.69) and low volume ratio (0.0048) suggesting weak buying pressure"",
    ""Price near support (0.64% away) but no reversal confirmation - continuation more likely"",
    ""Funding positive (0.01142% per 8h) favoring shorts, longs paying""
  ],
  ""reasons_against_trade"": [
    ""Price is very close to recent low support (62600) - bounce risk elevated"",
    ""Reversal probability score of 53 suggests moderate reversal risk"",
    ""Low volume ratio may indicate lack of conviction in current move"",
    ""Entry near support historically reduces short expectancy without strong continuation""
  ],
  ""bull_score"": 2,
  ""bear_score"": 8
}
```",63017.63,62982.0,MAKER,TAKER,0.023804,3.63,210.679,0.85,0.85,0.0,0.0,-0.0,-0.0,5.66,39.427976,PROFIT_LOCK_LADDER,-1.691207,0.004783,2e-06,0.560576,False,True,"{'price': 63014.0, 'ret_1m': 0.00019047014380495857, 'ret_5m': 0.0006351827738431733, 'ema9': 63152.39002124309, 'ema21': 63463.79441234798, 'ema200': 64129.53575492264, 'dist_to_support': 0.006569968578411147, 'dist_to_resistance': 0.04226045005871711, 'volume': 0.029914568000000002, 'volume_ratio': 0.004783480583159802, 'delta': -1.6912073199999997, 'velocity': 1.5896946339049521e-06, 'imbalance': 0.5605764245409001, 'candle_range': 205.6, 'body_ratio': 0.4014882130940688, 'wick_ratio': 0.4985117869059311}",2.7,"{'early_fail_enabled': True, 'invert_signal': False, 'ai_enabled': True, 'edge_threshold': 3.0, 'edge_threshold_max': None, 'edge_range_preset': 'min_only', 'ai_threshold': 44.0, 'leverage': 100, 'pullback_threshold': 0.001}","{'ema9': 63152.39002124309, 'ema21': 63463.79441234798, 'ema200': 64129.53575492264, 'ema_spread': -0.004907, 'ema9_slope_pct': -0.181, 'ema21_slope_pct': -0.2241, 'ema9_above_ema21': False, 'ema21_above_ema200': False}",WEAK_SETUP,2.7,2.7,False,True,INV_False_EF_True,SHORT,12,8,SCENARIO_C_EARLY_12_v2_frozen,40.0,10.0,-12.0,2.0,8.0,300,1,2,-32.0,False,False,True,False,480,3,5.0,False,5,0.75,"[[12, 8], [15, 10], [25, 18], [40, 28], [60, 45], [80, 60], [100, 75], [150, 120]]","{""trail_ladder"": [[12, 8], [15, 10], [25, 18], [40, 28], [60, 45], [80, 60], [100, 75], [150, 120]], ""ladder_first_trigger_pct"": 12, ""ladder_first_lock_pct"": 8, ""exit_profile_id"": ""SCENARIO_C_EARLY_12_v2_frozen"", ""peak_never_loser_min_peak"": 40.0, ""peak_never_loser_floor"": 10.0, ""thesis_fast_exit_unreal_pct"": -12.0, ""thesis_mfe_protect_pct"": 2.0, ""thesis_exit_if_above_unreal_pct"": 8.0, ""thesis_min_age_sec"": 300, ""thesis_score_flip_margin"": 1, ""thesis_early_decay_delta"": 2, ""early_fail_pct_threshold"": -32.0, ""type_a_first_candle_enabled"": false, ""type_a_early_fail_enabled"": false, ""scenario_c_exit_profile"": true, ""type_a_stall_enabled"": false, ""type_a_stall_min_age_sec"": 480, ""type_a_stall_min_candles"": 3, ""type_a_stall_max_mfe_pct"": 5.0, ""trend_weakening_enabled"": false, ""spread_penalty_threshold"": 5, ""spread_penalty_margin_mult"": 0.75}",,,
2026-06-23T07:52:31.654870+00:00,c65c-e792bf602aaf,SHORT,62996.73,62944.0,0.535739,8.37,15.0,6,1.26,1.26,0.0,0.0,-0.0,-0.0,PROFIT_LOCK_LADDER,100,0.28,68,44.0,True,SIM_LIMIT,AI_DIRECT_LIMIT,,,,,0,BEAR,SR,60-70,SPAWN,-1,-1,LEAN_BEAR,BEAR_ALIGNED,58.37,-2,2,8,0.01142,bitfinex,tBTCF0:USTF0,v10.3-dashboard-ultimate-gate-2026-06-23,BITFINEX_ZERO,v10.3-dashboard-ultimate-gate-2026-06-23,COMBO_65_SP5_CHASE_3PLUS,AI65+ · Spread5+ · Chase 3+,APPROVE,62974.0,0.042922,0.005939,NEAR_SUPPORT,-0.004963,0.857865,205.6,0.535739,0.0,13.767381,370.124,370.124,370.124,5-15m,AI_DIRECT,AI_DIRECT_CHASE,5,,22.73,0.0,0.0,0.0,False,0.0,0.0,-0.000191,8.7e-05,0.000229,0.001305,-3.2956,0.0,0.704419,62974.0,63134.190021,63455.521685,64128.630282,-0.005064,NEAR_SUPPORT,SHORT_PREFERRED,0.042922,0.005939,BEAR,3.0,44.0,0.0,100,3.3,True,True,APPROVE,68,"```json
{
  ""direction"": ""SHORT"",
  ""confidence"": 68,
  ""long_score"": 18,
  ""short_score"": 82,
  ""preferred_direction"": ""SHORT"",
  ""entry_zone_low"": 63050,
  ""entry_zone_high"": 63200,
  ""limit_price"": 63125,
  ""expected_mfe"": 350,
  ""expected_mae"": 180,
  ""reversal_probability"": 53,
  ""exit_style"": ""AGGRESSIVE"",
  ""reasons_for_trade"": [
    ""MTF agreement is BEAR_ALIGNED across 15m, 1h, 4h"",
    ""Market structure bias is LEAN_BEAR with bear continuation signal"",
    ""EMA stack is bearish (price below all EMAs, EMA9 below EMA21 below EMA200)"",
    ""ADX at 58.37 indicates strong trending market favoring continuation"",
    ""Trend health state is BEAR with bear_score 8 vs bull_score 3"",
    ""Orderflow shows negative delta (-3.3) and high imbalance (0.70) favoring sellers"",
    ""Price is near support (0.57% away) but no reversal confirmation - continuation more likely"",
    ""Funding rate positive (0.01142% per 8h) favors shorts, longs paying""
  ],
  ""reasons_against_trade"": [
    ""Price is very close to micro support at 62600, bounce risk elevated"",
    ""Reversal risk score is 53, indicating moderate reversal probability"",
    ""Volume ratio is extremely low (0.0013), suggesting lack of conviction"",
    ""Entry near support historically shows reduced expectancy for shorts without strong continuation""
  ],
  ""bull_score"": 2,
  ""bear_score"": 8
}
```",62996.73,62944.0,MAKER,TAKER,0.023819,22.73,370.124,1.26,1.26,0.0,0.0,-0.0,-0.0,8.37,32.144416,PROFIT_LOCK_LADDER,-3.2956,0.001305,8.7e-05,0.704419,False,True,"{'price': 62974.0, 'ret_1m': 0.0, 'ret_5m': 0.000428932276359477, 'ema9': 63134.190021243085, 'ema21': 63455.521685075255, 'ema200': 64128.63028228583, 'dist_to_support': 0.005938958935433671, 'dist_to_resistance': 0.042922475942452444, 'volume': 0.00022872700000000002, 'volume_ratio': 0.0013045683236578172, 'delta': -3.2956001519999987, 'velocity': 8.739410896809691e-05, 'imbalance': 0.7044193582404319, 'candle_range': 205.6, 'body_ratio': 0.4014882130940688, 'wick_ratio': 0.4985117869059311}",3.3,"{'early_fail_enabled': True, 'invert_signal': False, 'ai_enabled': True, 'edge_threshold': 3.0, 'edge_threshold_max': None, 'edge_range_preset': 'min_only', 'ai_threshold': 44.0, 'leverage': 100, 'pullback_threshold': 0.001}","{'ema9': 63134.190021243085, 'ema21': 63455.521685075255, 'ema200': 64128.63028228583, 'ema_spread': -0.005064, 'ema9_slope_pct': -0.2097, 'ema21_slope_pct': -0.2371, 'ema9_above_ema21': False, 'ema21_above_ema200': False}",WEAK_SETUP,3.3,3.3,False,True,INV_False_EF_True,SHORT,12,8,SCENARIO_C_EARLY_12_v2_frozen,40.0,10.0,-12.0,2.0,8.0,300,1,2,-32.0,False,False,True,False,480,3,5.0,False,5,0.75,"[[12, 8], [15, 10], [25, 18], [40, 28], [60, 45], [80, 60], [100, 75], [150, 120]]","{""trail_ladder"": [[12, 8], [15, 10], [25, 18], [40, 28], [60, 45], [80, 60], [100, 75], [150, 120]], ""ladder_first_trigger_pct"": 12, ""ladder_first_lock_pct"": 8, ""exit_profile_id"": ""SCENARIO_C_EARLY_12_v2_frozen"", ""peak_never_loser_min_peak"": 40.0, ""peak_never_loser_floor"": 10.0, ""thesis_fast_exit_unreal_pct"": -12.0, ""thesis_mfe_protect_pct"": 2.0, ""thesis_exit_if_above_unreal_pct"": 8.0, ""thesis_min_age_sec"": 300, ""thesis_score_flip_margin"": 1, ""thesis_early_decay_delta"": 2, ""early_fail_pct_threshold"": -32.0, ""type_a_first_candle_enabled"": false, ""type_a_early_fail_enabled"": false, ""scenario_c_exit_profile"": true, ""type_a_stall_enabled"": false, ""type_a_stall_min_age_sec"": 480, ""type_a_stall_min_candles"": 3, ""type_a_stall_max_mfe_pct"": 5.0, ""trend_weakening_enabled"": false, ""spread_penalty_threshold"": 5, ""spread_penalty_margin_mult"": 0.75}",,,
2026-06-23T07:54:43.633841+00:00,cont-33726b62143d,SHORT,62977.81,62910.0,17.956474,10.81,15.0,6,1.62,1.62,0.0,0.0,-0.01,-0.01,PROFIT_LOCK_LADDER,100,0.36,68,44.0,True,SIM_LIMIT,AI_DIRECT_LIMIT,,,,,0,BEAR,SR,60-70,SPAWN,-1,-1,LEAN_BEAR,BEAR_ALIGNED,58.32,-2,2,8,0.01142,bitfinex,tBTCF0:USTF0,v10.3-dashboard-ultimate-gate-2026-06-23,BITFINEX_ZERO,v10.3-dashboard-ultimate-gate-2026-06-23,CONTINUOUS,Continuous AI Research,APPROVE,62919.0,0.043834,0.00507,NEAR_SUPPORT,-0.004953,0.445116,205.6,17.956475,-11.110262,12.672718,214.588,214.588,214.588,0-5m,AI_DIRECT,AI_DIRECT_CHASE,2,,58.81,0.0,0.0,0.0,False,0.0,0.0,-0.006412,3e-05,0.001,0.08408,-0.654986,0.0,0.341922,62919.0,63134.790021,63455.794412,64128.660133,-0.005059,NEAR_SUPPORT,SHORT_PREFERRED,0.043834,0.00507,BEAR,3.0,44.0,0.0,100,3.5,True,True,APPROVE,68,"```json
{
  ""direction"": ""SHORT"",
  ""confidence"": 68,
  ""long_score"": 18,
  ""short_score"": 82,
  ""preferred_direction"": ""SHORT"",
  ""entry_zone_low"": 62950,
  ""entry_zone_high"": 63100,
  ""limit_price"": 63025,
  ""expected_mfe"": 350,
  ""expected_mae"": 180,
  ""reversal_probability"": 53,
  ""exit_style"": ""AGGRESSIVE"",
  ""reasons_for_trade"": [
    ""BEAR_ALIGNED multi-timeframe agreement (15m, 1h, 4h all bearish)"",
    ""Bearish EMA stack (price below all EMAs, EMA9 below EMA21 below EMA200)"",
    ""Strong trend with ADX 58.32 (>25, trending market)"",
    ""Bearish structure bias with BEAR_CONTINUATION market structure shift"",
    ""Negative delta (-0.65) and bearish orderflow imbalance (0.34 favoring shorts)"",
    ""Trend health state BEAR with bear_score 8 vs bull_score 3"",
    ""Price near support (0.5% away) but no reversal confirmation - continuation more likely"",
    ""Funding positive (0.01142% per 8h) favoring shorts, longs paying""
  ],
  ""reasons_against_trade"": [
    ""Price is very close to micro support at 62600 (0.5% away) - bounce risk"",
    ""Reversal risk score 53 indicates moderate reversal probability"",
    ""Volume ratio very low (0.084) - low participation could lead to erratic moves"",
    ""Compression regime may precede expansion in either direction"",
    ""Entry near support historically reduces short expectancy without strong continuation""
  ],
  ""bull_score"": 2,
  ""bear_score"": 8
}
```",62977.81,62910.0,MAKER,TAKER,0.02384,58.81,214.588,1.62,1.62,0.0,0.0,-0.01,-0.01,10.81,1077.388505,PROFIT_LOCK_LADDER,-0.654986,0.08408,3e-05,0.341922,False,True,"{'price': 62919.0, 'ret_1m': -3.178589024332099e-05, 'ret_5m': 0.00022255782529210713, 'ema9': 63134.79002124308, 'ema21': 63455.79441234798, 'ema200': 64128.66013303209, 'dist_to_support': 0.0050700106486117075, 'dist_to_resistance': 0.04383413595257395, 'volume': 0.0010000000000000002, 'volume_ratio': 0.08407965235417982, 'delta': -0.6549863100000008, 'velocity': 3.0204225807100954e-05, 'imbalance': 0.3419223307503364, 'candle_range': 205.6, 'body_ratio': 0.4014882130940688, 'wick_ratio': 0.4985117869059311}",3.5,"{'early_fail_enabled': True, 'invert_signal': False, 'ai_enabled': True, 'edge_threshold': 3.0, 'edge_threshold_max': None, 'edge_range_preset': 'min_only', 'ai_threshold': 44.0, 'leverage': 100, 'pullback_threshold': 0.001}","{'ema9': 63134.79002124308, 'ema21': 63455.79441234798, 'ema200': 64128.66013303209, 'ema_spread': -0.005059, 'ema9_slope_pct': -0.2088, 'ema21_slope_pct': -0.2366, 'ema9_above_ema21': False, 'ema21_above_ema200': False}",WEAK_SETUP,3.5,3.5,False,True,INV_False_EF_True,SHORT,12,8,SCENARIO_C_EARLY_12_v2_frozen,40.0,10.0,-12.0,2.0,8.0,300,1,2,-32.0,False,False,True,False,480,3,5.0,False,5,0.75,"[[12, 8], [15, 10], [25, 18], [40, 28], [60, 45], [80, 60], [100, 75], [150, 120]]","{""trail_ladder"": [[12, 8], [15, 10], [25, 18], [40, 28], [60, 45], [80, 60], [100, 75], [150, 120]], ""ladder_first_trigger_pct"": 12, ""ladder_first_lock_pct"": 8, ""exit_profile_id"": ""SCENARIO_C_EARLY_12_v2_frozen"", ""peak_never_loser_min_peak"": 40.0, ""peak_never_loser_floor"": 10.0, ""thesis_fast_exit_unreal_pct"": -12.0, ""thesis_mfe_protect_pct"": 2.0, ""thesis_exit_if_above_unreal_pct"": 8.0, ""thesis_min_age_sec"": 300, ""thesis_score_flip_margin"": 1, ""thesis_early_decay_delta"": 2, ""early_fail_pct_threshold"": -32.0, ""type_a_first_candle_enabled"": false, ""type_a_early_fail_enabled"": false, ""scenario_c_exit_profile"": true, ""type_a_stall_enabled"": false, ""type_a_stall_min_age_sec"": 480, ""type_a_stall_min_candles"": 3, ""type_a_stall_max_mfe_pct"": 5.0, ""trend_weakening_enabled"": false, ""spread_penalty_threshold"": 5, ""spread_penalty_margin_mult"": 0.75}",,,
2026-06-23T08:00:26.368961+00:00,cont-21b7d6eaf120,SHORT,62973.99,62923.84,0.296123,7.96,20.0,5,1.59,1.59,0.0,0.0,-0.0,-0.0,PROFIT_LOCK_LADDER,100,0.27,62,44.0,True,SIM_LIMIT,AI_DIRECT_LIMIT,,,,,0,BEAR,SR,60-70,SPAWN,-1,-1,LEAN_BEAR,BEAR_ALIGNED,59.51,-2,3,8,0.01142,bitfinex,tBTCF0:USTF0,v10.3-dashboard-ultimate-gate-2026-06-23,BITFINEX_ZERO,v10.3-dashboard-ultimate-gate-2026-06-23,CONTINUOUS,Continuous AI Research,APPROVE,62959.0,0.043171,0.005702,NEAR_SUPPORT,-0.005039,0.775586,193.7,0.296124,0.0,12.225682,289.435,289.435,289.435,0-5m,AI_DIRECT,AI_DIRECT_CHASE,5,,14.99,0.0,0.1538,0.1538,False,0.0,0.0,-0.000141,9.7e-05,0.016059,0.002781,-4.099868,0.0,0.733566,62959.0,63093.952017,63407.870953,64117.173332,-0.004951,NEAR_SUPPORT,SHORT_PREFERRED,0.043171,0.005702,BEAR,3.0,44.0,0.0,100,3.3,True,True,APPROVE,62,"```json
{
  ""direction"": ""SHORT"",
  ""confidence"": 62,
  ""long_score"": 25,
  ""short_score"": 75,
  ""preferred_direction"": ""SHORT"",
  ""entry_zone_low"": 63050,
  ""entry_zone_high"": 63150,
  ""limit_price"": 63100,
  ""expected_mfe"": 350,
  ""expected_mae"": 120,
  ""reversal_probability"": 53,
  ""exit_style"": ""PATIENT"",
  ""reasons_for_trade"": [
    ""BEAR_ALIGNED multi-timeframe agreement (15m, 1h, 4h all bearish)"",
    ""Bearish EMA stack (price below all EMAs, EMA9 below EMA21 below EMA200)"",
    ""ADX at 59.51 indicating strong trending market favoring continuation"",
    ""Trend health state BEAR with bear_score 8 vs bull_score 3"",
    ""Market structure bias LEAN_BEAR with BEAR_CONTINUATION shift"",
    ""Negative delta (-4.1) and high imbalance (0.73) supporting bearish orderflow"",
    ""Price near micro resistance (63119) providing short entry location"",
    ""Funding rate positive (0.01142% per 8h) favoring shorts""
  ],
  ""reasons_against_trade"": [
    ""Price is near micro support (62600) increasing bounce risk"",
    ""Reversal probability at 53% suggests non-trivial reversal chance"",
    ""Compression regime may precede expansion in either direction"",
    ""Volume ratio very low (0.0028) indicating low participation"",
    ""Edge score only 3.3 just above threshold""
  ],
  ""bull_score"": 3,
  ""bear_score"": 8
}
```

**Direction:** SHORT  
**Win probability:** 62%  
**Long score:** 25  
**Short score:** 75  
**Bull score:** 3  
**Bear score:** 8  
**Decision:** APPROVE  
**Reason:** Strong bearish alignment across all trend hierarchy layers (MTF, structure, EMA, ADX) with bearish orderflow. Price near micro resistance provides a logical short entry zone. The proximity to support (0.57% away) introduces bounce risk, but the dominant trend and continuation signals outweigh this location context. Entry above current price (pullback to resistance) aligns with bearish continuation strategy.",62973.99,62923.84,MAKER,TAKER,0.031767,14.99,289.435,1.59,1.59,0.0,0.0,-0.0,-0.0,7.96,17.767462,PROFIT_LOCK_LADDER,-4.099868,0.002781,9.7e-05,0.733566,False,True,"{'price': 62959.0, 'ret_1m': 0.0, 'ret_5m': 0.00012708296929357754, 'ema9': 63093.95201699447, 'ema21': 63407.87095336879, 'ema200': 64117.17333160528, 'dist_to_support': 0.005702123604250385, 'dist_to_resistance': 0.043170952524658905, 'volume': 0.016059050000000002, 'volume_ratio': 0.002781238720338714, 'delta': -4.099867598000005, 'velocity': 9.694826388111574e-05, 'imbalance': 0.7335656853572965, 'candle_range': 193.7, 'body_ratio': 0.48875432536018104, 'wick_ratio': 0.41124567463981887}",3.3,"{'early_fail_enabled': True, 'invert_signal': False, 'ai_enabled': True, 'edge_threshold': 3.0, 'edge_threshold_max': None, 'edge_range_preset': 'min_only', 'ai_threshold': 44.0, 'leverage': 100, 'pullback_threshold': 0.001}","{'ema9': 63093.95201699447, 'ema21': 63407.87095336879, 'ema200': 64117.17333160528, 'ema_spread': -0.004951, 'ema9_slope_pct': -0.2043, 'ema21_slope_pct': -0.2324, 'ema9_above_ema21': False, 'ema21_above_ema200': False}",WEAK_SETUP,3.3,3.3,False,True,INV_False_EF_True,SHORT,12,8,SCENARIO_C_EARLY_12_v2_frozen,40.0,10.0,-12.0,2.0,8.0,300,1,2,-32.0,False,False,True,False,480,3,5.0,False,5,0.75,"[[12, 8], [15, 10], [25, 18], [40, 28], [60, 45], [80, 60], [100, 75], [150, 120]]","{""trail_ladder"": [[12, 8], [15, 10], [25, 18], [40, 28], [60, 45], [80, 60], [100, 75], [150, 120]], ""ladder_first_trigger_pct"": 12, ""ladder_first_lock_pct"": 8, ""exit_profile_id"": ""SCENARIO_C_EARLY_12_v2_frozen"", ""peak_never_loser_min_peak"": 40.0, ""peak_never_loser_floor"": 10.0, ""thesis_fast_exit_unreal_pct"": -12.0, ""thesis_mfe_protect_pct"": 2.0, ""thesis_exit_if_above_unreal_pct"": 8.0, ""thesis_min_age_sec"": 300, ""thesis_score_flip_margin"": 1, ""thesis_early_decay_delta"": 2, ""early_fail_pct_threshold"": -32.0, ""type_a_first_candle_enabled"": false, ""type_a_early_fail_enabled"": false, ""scenario_c_exit_profile"": true, ""type_a_stall_enabled"": false, ""type_a_stall_min_age_sec"": 480, ""type_a_stall_min_candles"": 3, ""type_a_stall_max_mfe_pct"": 5.0, ""trend_weakening_enabled"": false, ""spread_penalty_threshold"": 5, ""spread_penalty_margin_mult"": 0.75}",,,
2026-06-23T08:05:24.504443+00:00,cont-eaa48de4803c,SHORT,62939.08,62870.0,0.784746,10.98,15.0,6,1.65,1.65,0.0,0.0,-0.0,0.0,PROFIT_LOCK_LADDER,100,0.37,72,44.0,True,SIM_LIMIT,AI_DIRECT_LIMIT,,,,,0,BEAR,SR,70+,SPAWN,-1,-1,LEAN_BEAR,BEAR_ALIGNED,60.66,-2,2,8,0.00034,bitfinex,tBTCF0:USTF0,v10.3-dashboard-ultimate-gate-2026-06-23,BITFINEX_ZERO,v10.3-dashboard-ultimate-gate-2026-06-23,CONTINUOUS,Continuous AI Research,APPROVE,62916.0,0.043884,0.005023,NEAR_SUPPORT,-0.004956,0.857919,193.8,0.784747,0.0,16.377742,180.002,180.002,180.002,0-5m,AI_DIRECT,AI_DIRECT_CHASE,3,,23.08,0.0,0.0237,0.0237,False,0.0,0.0,-8e-06,-1.9e-05,0.016757,0.001119,-7.659353,0.0,0.800279,62916.0,63054.201614,63360.758718,64105.526922,-0.004838,NEAR_SUPPORT,SHORT_PREFERRED,0.043884,0.005023,BEAR,3.0,44.0,0.0,100,4.4,True,True,APPROVE,72,"```json
{
  ""direction"": ""SHORT"",
  ""confidence"": 72,
  ""long_score"": 18,
  ""short_score"": 82,
  ""preferred_direction"": ""SHORT"",
  ""entry_zone_low"": 62900,
  ""entry_zone_high"": 63100,
  ""limit_price"": 63000,
  ""expected_mfe"": 300,
  ""expected_mae"": 150,
  ""reversal_probability"": 15,
  ""exit_style"": ""AGGRESSIVE"",
  ""reasons_for_trade"": [
    ""BEAR_ALIGNED multi-timeframe agreement (15m, 1h, 4h all bearish)"",
    ""Bearish EMA stack (price below all EMAs, EMA9 below EMA21 below EMA200)"",
    ""ADX at 60.66 indicating strong trending market favoring continuation"",
    ""Trend health state BEAR with bear_score 8 vs bull_score 3"",
    ""Market structure bias LEAN_BEAR with BEAR_CONTINUATION shift"",
    ""Negative delta (-7.67) and negative velocity confirming bearish orderflow"",
    ""Price near support (0.52% away) but no reversal confirmation - continuation more likely"",
    ""Edge score 4.4 above threshold 3.0 supporting trade quality""
  ],
  ""reasons_against_trade"": [
    ""Price is very close to micro support at 62600, increasing bounce risk"",
    ""Reversal risk score of 15 suggests some probability of mean reversion"",
    ""Volume ratio only slightly above average (1.04), not confirming strong selling pressure"",
    ""Short entry near support historically has reduced expectancy without strong continuation""
  ],
  ""bull_score"": 2,
  ""bear_score"": 8
}
```",62939.08,62870.0,MAKER,TAKER,0.023841,23.08,180.002,1.65,1.65,0.0,0.0,-0.0,0.0,10.98,47.084852,PROFIT_LOCK_LADDER,-7.659353,0.001119,-1.9e-05,0.800279,False,True,"{'price': 62916.0, 'ret_1m': 0.0, 'ret_5m': -0.00042895953481721555, 'ema9': 63054.20161359558, 'ema21': 63360.758717935154, 'ema200': 64105.52692217532, 'dist_to_support': 0.005022569775573781, 'dist_to_resistance': 0.04388390870366839, 'volume': 0.016757486000000002, 'volume_ratio': 0.0011194995586205066, 'delta': -7.659353218000017, 'velocity': -1.9051919655742938e-05, 'imbalance': 0.8002793840434486, 'candle_range': 193.8, 'body_ratio': 0.4839463063319786, 'wick_ratio': 0.4160536936680215}",4.4,"{'early_fail_enabled': True, 'invert_signal': False, 'ai_enabled': True, 'edge_threshold': 3.0, 'edge_threshold_max': None, 'edge_range_preset': 'min_only', 'ai_threshold': 44.0, 'leverage': 100, 'pullback_threshold': 0.001}","{'ema9': 63054.20161359558, 'ema21': 63360.758717935154, 'ema200': 64105.52692217532, 'ema_spread': -0.004838, 'ema9_slope_pct': -0.2062, 'ema21_slope_pct': -0.2315, 'ema9_above_ema21': False, 'ema21_above_ema200': False}",MOMENTUM_SHORT,4.4,4.4,False,True,INV_False_EF_True,SHORT,12,8,SCENARIO_C_EARLY_12_v2_frozen,40.0,10.0,-12.0,2.0,8.0,300,1,2,-32.0,False,False,True,False,480,3,5.0,False,5,0.75,"[[12, 8], [15, 10], [25, 18], [40, 28], [60, 45], [80, 60], [100, 75], [150, 120]]","{""trail_ladder"": [[12, 8], [15, 10], [25, 18], [40, 28], [60, 45], [80, 60], [100, 75], [150, 120]], ""ladder_first_trigger_pct"": 12, ""ladder_first_lock_pct"": 8, ""exit_profile_id"": ""SCENARIO_C_EARLY_12_v2_frozen"", ""peak_never_loser_min_peak"": 40.0, ""peak_never_loser_floor"": 10.0, ""thesis_fast_exit_unreal_pct"": -12.0, ""thesis_mfe_protect_pct"": 2.0, ""thesis_exit_if_above_unreal_pct"": 8.0, ""thesis_min_age_sec"": 300, ""thesis_score_flip_margin"": 1, ""thesis_early_decay_delta"": 2, ""early_fail_pct_threshold"": -32.0, ""type_a_first_candle_enabled"": false, ""type_a_early_fail_enabled"": false, ""scenario_c_exit_profile"": true, ""type_a_stall_enabled"": false, ""type_a_stall_min_age_sec"": 480, ""type_a_stall_min_candles"": 3, ""type_a_stall_max_mfe_pct"": 5.0, ""trend_weakening_enabled"": false, ""spread_penalty_threshold"": 5, ""spread_penalty_margin_mult"": 0.75}",,,
2026-06-23T08:06:09.666354+00:00,c65c-7acddf7faa67,SHORT,62941.61,62868.0,1.533019,11.69,15.0,6,1.75,1.75,0.0,0.0,-0.0,0.0,PROFIT_LOCK_LADDER,100,0.39,72,44.0,True,SIM_LIMIT,AI_DIRECT_LIMIT,,,,,0,BEAR,SR,70+,SPAWN,-1,-1,LEAN_BEAR,BEAR_ALIGNED,60.66,-2,2,8,0.00042,bitfinex,tBTCF0:USTF0,v10.3-dashboard-ultimate-gate-2026-06-23,BITFINEX_ZERO,v10.3-dashboard-ultimate-gate-2026-06-23,COMBO_65_SP5_CHASE_3PLUS,AI65+ · Spread5+ · Chase 3+,APPROVE,62919.0,0.043884,0.005023,NEAR_SUPPORT,-0.00497,0.857919,193.8,1.53302,0.0,17.414553,179.304,179.304,179.304,0-5m,AI_DIRECT,AI_DIRECT_CHASE,3,,22.61,0.0,0.0237,0.0237,False,0.0,0.0,-1.8e-05,-1.9e-05,0.016757,0.001119,-7.659353,0.0,0.800279,62916.0,63054.201614,63360.758718,64105.526922,-0.004838,NEAR_SUPPORT,SHORT_PREFERRED,0.043884,0.005023,BEAR,3.0,44.0,0.0,100,4.4,True,True,APPROVE,72,"```json
{
  ""direction"": ""SHORT"",
  ""confidence"": 72,
  ""long_score"": 18,
  ""short_score"": 82,
  ""preferred_direction"": ""SHORT"",
  ""entry_zone_low"": 62900,
  ""entry_zone_high"": 63100,
  ""limit_price"": 63000,
  ""expected_mfe"": 300,
  ""expected_mae"": 150,
  ""reversal_probability"": 15,
  ""exit_style"": ""AGGRESSIVE"",
  ""reasons_for_trade"": [
    ""BEAR_ALIGNED multi-timeframe agreement (15m, 1h, 4h all bearish)"",
    ""Bearish EMA stack (price below all EMAs, EMA9 below EMA21 below EMA200)"",
    ""ADX at 60.66 indicating strong trending market favoring continuation"",
    ""Trend health state BEAR with bear_score 8 vs bull_score 3"",
    ""Market structure bias LEAN_BEAR with BEAR_CONTINUATION shift"",
    ""Negative delta (-7.67) and negative velocity confirming bearish orderflow"",
    ""Price near support (0.52% away) but no reversal confirmation - continuation more likely"",
    ""Edge score 4.4 above threshold 3.0 supporting trade quality""
  ],
  ""reasons_against_trade"": [
    ""Price is very close to micro support at 62600, increasing bounce risk"",
    ""Reversal risk score of 15 suggests some probability of mean reversion"",
    ""Volume ratio only slightly above average (1.04), not confirming strong selling pressure"",
    ""Short entry near support historically has reduced expectancy without strong continuation""
  ],
  ""bull_score"": 2,
  ""bear_score"": 8
}
```",62941.61,62868.0,MAKER,TAKER,0.02384,22.61,179.304,1.75,1.75,0.0,0.0,-0.0,0.0,11.69,91.981225,PROFIT_LOCK_LADDER,-7.659353,0.001119,-1.9e-05,0.800279,False,True,"{'price': 62916.0, 'ret_1m': 0.0, 'ret_5m': -0.00042895953481721555, 'ema9': 63054.20161359558, 'ema21': 63360.758717935154, 'ema200': 64105.52692217532, 'dist_to_support': 0.005022569775573781, 'dist_to_resistance': 0.04388390870366839, 'volume': 0.016757486000000002, 'volume_ratio': 0.0011194995586205066, 'delta': -7.659353218000017, 'velocity': -1.9051919655742938e-05, 'imbalance': 0.8002793840434486, 'candle_range': 193.8, 'body_ratio': 0.4839463063319786, 'wick_ratio': 0.4160536936680215}",4.4,"{'early_fail_enabled': True, 'invert_signal': False, 'ai_enabled': True, 'edge_threshold': 3.0, 'edge_threshold_max': None, 'edge_range_preset': 'min_only', 'ai_threshold': 44.0, 'leverage': 100, 'pullback_threshold': 0.001}","{'ema9': 63054.20161359558, 'ema21': 63360.758717935154, 'ema200': 64105.52692217532, 'ema_spread': -0.004838, 'ema9_slope_pct': -0.2062, 'ema21_slope_pct': -0.2315, 'ema9_above_ema21': False, 'ema21_above_ema200': False}",MOMENTUM_SHORT,4.4,4.4,False,True,INV_False_EF_True,SHORT,12,8,SCENARIO_C_EARLY_12_v2_frozen,40.0,10.0,-12.0,2.0,8.0,300,1,2,-32.0,False,False,True,False,480,3,5.0,False,5,0.75,"[[12, 8], [15, 10], [25, 18], [40, 28], [60, 45], [80, 60], [100, 75], [150, 120]]","{""trail_ladder"": [[12, 8], [15, 10], [25, 18], [40, 28], [60, 45], [80, 60], [100, 75], [150, 120]], ""ladder_first_trigger_pct"": 12, ""ladder_first_lock_pct"": 8, ""exit_profile_id"": ""SCENARIO_C_EARLY_12_v2_frozen"", ""peak_never_loser_min_peak"": 40.0, ""peak_never_loser_floor"": 10.0, ""thesis_fast_exit_unreal_pct"": -12.0, ""thesis_mfe_protect_pct"": 2.0, ""thesis_exit_if_above_unreal_pct"": 8.0, ""thesis_min_age_sec"": 300, ""thesis_score_flip_margin"": 1, ""thesis_early_decay_delta"": 2, ""early_fail_pct_threshold"": -32.0, ""type_a_first_candle_enabled"": false, ""type_a_early_fail_enabled"": false, ""scenario_c_exit_profile"": true, ""type_a_stall_enabled"": false, ""type_a_stall_min_age_sec"": 480, ""type_a_stall_min_candles"": 3, ""type_a_stall_max_mfe_pct"": 5.0, ""trend_weakening_enabled"": false, ""spread_penalty_threshold"": 5, ""spread_penalty_margin_mult"": 0.75}",,,
2026-06-23T08:13:13.430729+00:00,c65c-902b52889fad,SHORT,62894.99,62845.4,0.293301,7.88,15.0,6,1.18,1.18,0.0,0.0,-0.0,0.0,PROFIT_LOCK_LADDER,100,0.26,68,44.0,True,SIM_LIMIT,AI_DIRECT_LIMIT,,,,,0,BEAR,SR,60-70,SPAWN,-1,-1,LEAN_BEAR,BEAR_ALIGNED,60.66,-2,2,8,0.001,bitfinex,tBTCF0:USTF0,v10.3-dashboard-ultimate-gate-2026-06-23,BITFINEX_ZERO,v10.3-dashboard-ultimate-gate-2026-06-23,COMBO_65_SP5_CHASE_3PLUS,AI65+ · Spread5+ · Chase 3+,APPROVE,62865.0,0.044731,0.004215,NEAR_SUPPORT,-0.005073,0.923038,193.8,0.293303,0.0,12.082043,299.34,299.34,299.34,0-5m,AI_DIRECT,AI_DIRECT_CHASE,5,,29.99,0.0,0.2959,0.2959,False,0.0,0.0,-9e-06,5.3e-05,0.023539,0.002801,-8.503196,0.0,0.66218,62865.0,63038.801614,63353.758718,64104.760753,-0.004971,NEAR_SUPPORT,SHORT_PREFERRED,0.044731,0.004215,BEAR,3.0,44.0,0.0,100,2.7,True,True,APPROVE,68,"```json
{
  ""direction"": ""SHORT"",
  ""confidence"": 68,
  ""long_score"": 18,
  ""short_score"": 82,
  ""preferred_direction"": ""SHORT"",
  ""entry_zone_low"": 62950,
  ""entry_zone_high"": 63119,
  ""limit_price"": 63035,
  ""expected_mfe"": 350,
  ""expected_mae"": 120,
  ""reversal_probability"": 53,
  ""exit_style"": ""AGGRESSIVE"",
  ""reasons_for_trade"": [
    ""MTF agreement is BEAR_ALIGNED across 15m/1h/4h"",
    ""Market structure bias is LEAN_BEAR with BEAR_CONTINUATION shift"",
    ""EMA stack is bearish (price below all EMAs, EMA9 below EMA21 below EMA200)"",
    ""ADX at 60.66 indicates strong trending conditions favoring continuation"",
    ""Trend health state is BEAR with bear_score 8 vs bull_score 3"",
    ""Orderflow shows negative delta (-8.5) and high imbalance (0.66) supporting bearish momentum"",
    ""Price is near micro support (62600) but no reversal confirmation - continuation more likely"",
    ""Funding rate positive (longs pay shorts) favors short positioning""
  ],
  ""reasons_against_trade"": [
    ""Price is very close to support (0.42% away) - bounce risk elevated"",
    ""Reversal risk score is 53 - moderate probability of mean reversion"",
    ""Volume ratio is extremely low (0.0028) - may indicate lack of conviction"",
    ""Edge score (2.7) is below threshold (3.0) - pattern quality suboptimal""
  ],
  ""bull_score"": 2,
  ""bear_score"": 8
}
```",62894.99,62845.4,MAKER,TAKER,0.023861,29.99,299.34,1.18,1.18,0.0,0.0,-0.0,0.0,7.88,17.59822,PROFIT_LOCK_LADDER,-8.503196,0.002801,5.3e-05,0.66218,False,True,"{'price': 62865.0, 'ret_1m': 9.545172528993462e-05, 'ret_5m': 0.0004615188745305239, 'ema9': 63038.801613595584, 'ema21': 63353.758717935154, 'ema200': 64104.760753021095, 'dist_to_support': 0.004215382168138074, 'dist_to_resistance': 0.04473077228982741, 'volume': 0.023539088, 'volume_ratio': 0.0028007053001488625, 'delta': -8.50319634400002, 'velocity': 5.2548399306570243e-05, 'imbalance': 0.6621799556491093, 'candle_range': 193.8, 'body_ratio': 0.4839463063319786, 'wick_ratio': 0.4160536936680215}",2.7,"{'early_fail_enabled': True, 'invert_signal': False, 'ai_enabled': True, 'edge_threshold': 3.0, 'edge_threshold_max': None, 'edge_range_preset': 'min_only', 'ai_threshold': 44.0, 'leverage': 100, 'pullback_threshold': 0.001}","{'ema9': 63038.801613595584, 'ema21': 63353.758717935154, 'ema200': 64104.760753021095, 'ema_spread': -0.004971, 'ema9_slope_pct': -0.2306, 'ema21_slope_pct': -0.2425, 'ema9_above_ema21': False, 'ema21_above_ema200': False}",WEAK_SETUP,2.7,2.7,False,True,INV_False_EF_True,SHORT,12,8,SCENARIO_C_EARLY_12_v2_frozen,40.0,10.0,-12.0,2.0,8.0,300,1,2,-32.0,False,False,True,False,480,3,5.0,False,5,0.75,"[[12, 8], [15, 10], [25, 18], [40, 28], [60, 45], [80, 60], [100, 75], [150, 120]]","{""trail_ladder"": [[12, 8], [15, 10], [25, 18], [40, 28], [60, 45], [80, 60], [100, 75], [150, 120]], ""ladder_first_trigger_pct"": 12, ""ladder_first_lock_pct"": 8, ""exit_profile_id"": ""SCENARIO_C_EARLY_12_v2_frozen"", ""peak_never_loser_min_peak"": 40.0, ""peak_never_loser_floor"": 10.0, ""thesis_fast_exit_unreal_pct"": -12.0, ""thesis_mfe_protect_pct"": 2.0, ""thesis_exit_if_above_unreal_pct"": 8.0, ""thesis_min_age_sec"": 300, ""thesis_score_flip_margin"": 1, ""thesis_early_decay_delta"": 2, ""early_fail_pct_threshold"": -32.0, ""type_a_first_candle_enabled"": false, ""type_a_early_fail_enabled"": false, ""scenario_c_exit_profile"": true, ""type_a_stall_enabled"": false, ""type_a_stall_min_age_sec"": 480, ""type_a_stall_min_candles"": 3, ""type_a_stall_max_mfe_pct"": 5.0, ""trend_weakening_enabled"": false, ""spread_penalty_threshold"": 5, ""spread_penalty_margin_mult"": 0.75}",,,
2026-06-23T08:13:22.279426+00:00,cont-f47c4967640e,SHORT,62891.93,62843.36,0.418234,7.72,15.0,6,1.16,1.16,0.0,0.0,-0.0,0.0,PROFIT_LOCK_LADDER,100,0.26,68,44.0,True,SIM_LIMIT,AI_DIRECT_LIMIT,,,,,0,BEAR,SR,60-70,SPAWN,-1,-1,LEAN_BEAR,BEAR_ALIGNED,60.66,-2,2,8,0.001,bitfinex,tBTCF0:USTF0,v10.3-dashboard-ultimate-gate-2026-06-23,BITFINEX_ZERO,v10.3-dashboard-ultimate-gate-2026-06-23,CONTINUOUS,Continuous AI Research,APPROVE,62865.0,0.044731,0.004215,NEAR_SUPPORT,-0.005073,0.923038,193.8,0.418235,0.0,12.5501,302.382,302.382,302.382,5-15m,AI_DIRECT,AI_DIRECT_CHASE,5,,26.93,0.0,0.3903,0.3903,False,0.0,0.0,-1.3e-05,5.3e-05,0.023539,0.002801,-8.503196,0.0,0.66218,62865.0,63038.801614,63353.758718,64104.760753,-0.004971,NEAR_SUPPORT,SHORT_PREFERRED,0.044731,0.004215,BEAR,3.0,44.0,0.0,100,2.7,True,True,APPROVE,68,"```json
{
  ""direction"": ""SHORT"",
  ""confidence"": 68,
  ""long_score"": 18,
  ""short_score"": 82,
  ""preferred_direction"": ""SHORT"",
  ""entry_zone_low"": 62950,
  ""entry_zone_high"": 63119,
  ""limit_price"": 63035,
  ""expected_mfe"": 350,
  ""expected_mae"": 120,
  ""reversal_probability"": 53,
  ""exit_style"": ""AGGRESSIVE"",
  ""reasons_for_trade"": [
    ""MTF agreement is BEAR_ALIGNED across 15m/1h/4h"",
    ""Market structure bias is LEAN_BEAR with BEAR_CONTINUATION shift"",
    ""EMA stack is bearish (price below all EMAs, EMA9 below EMA21 below EMA200)"",
    ""ADX at 60.66 indicates strong trending conditions favoring continuation"",
    ""Trend health state is BEAR with bear_score 8 vs bull_score 3"",
    ""Orderflow shows negative delta (-8.5) and high imbalance (0.66) supporting bearish momentum"",
    ""Price is near micro support (62600) but no reversal confirmation - continuation more likely"",
    ""Funding rate positive (longs pay shorts) favors short positioning""
  ],
  ""reasons_against_trade"": [
    ""Price is very close to support (0.42% away) - bounce risk elevated"",
    ""Reversal risk score is 53 - moderate probability of mean reversion"",
    ""Volume ratio is extremely low (0.0028) - may indicate lack of conviction"",
    ""Edge score (2.7) is below threshold (3.0) - pattern quality suboptimal""
  ],
  ""bull_score"": 2,
  ""bear_score"": 8
}
```",62891.93,62843.36,MAKER,TAKER,0.023861,26.93,302.382,1.16,1.16,0.0,0.0,-0.0,0.0,7.72,25.094122,PROFIT_LOCK_LADDER,-8.503196,0.002801,5.3e-05,0.66218,False,True,"{'price': 62865.0, 'ret_1m': 9.545172528993462e-05, 'ret_5m': 0.0004615188745305239, 'ema9': 63038.801613595584, 'ema21': 63353.758717935154, 'ema200': 64104.760753021095, 'dist_to_support': 0.004215382168138074, 'dist_to_resistance': 0.04473077228982741, 'volume': 0.023539088, 'volume_ratio': 0.0028007053001488625, 'delta': -8.50319634400002, 'velocity': 5.2548399306570243e-05, 'imbalance': 0.6621799556491093, 'candle_range': 193.8, 'body_ratio': 0.4839463063319786, 'wick_ratio': 0.4160536936680215}",2.7,"{'early_fail_enabled': True, 'invert_signal': False, 'ai_enabled': True, 'edge_threshold': 3.0, 'edge_threshold_max': None, 'edge_range_preset': 'min_only', 'ai_threshold': 44.0, 'leverage': 100, 'pullback_threshold': 0.001}","{'ema9': 63038.801613595584, 'ema21': 63353.758717935154, 'ema200': 64104.760753021095, 'ema_spread': -0.004971, 'ema9_slope_pct': -0.2306, 'ema21_slope_pct': -0.2425, 'ema9_above_ema21': False, 'ema21_above_ema200': False}",WEAK_SETUP,2.7,2.7,False,True,INV_False_EF_True,SHORT,12,8,SCENARIO_C_EARLY_12_v2_frozen,40.0,10.0,-12.0,2.0,8.0,300,1,2,-32.0,False,False,True,False,480,3,5.0,False,5,0.75,"[[12, 8], [15, 10], [25, 18], [40, 28], [60, 45], [80, 60], [100, 75], [150, 120]]","{""trail_ladder"": [[12, 8], [15, 10], [25, 18], [40, 28], [60, 45], [80, 60], [100, 75], [150, 120]], ""ladder_first_trigger_pct"": 12, ""ladder_first_lock_pct"": 8, ""exit_profile_id"": ""SCENARIO_C_EARLY_12_v2_frozen"", ""peak_never_loser_min_peak"": 40.0, ""peak_never_loser_floor"": 10.0, ""thesis_fast_exit_unreal_pct"": -12.0, ""thesis_mfe_protect_pct"": 2.0, ""thesis_exit_if_above_unreal_pct"": 8.0, ""thesis_min_age_sec"": 300, ""thesis_score_flip_margin"": 1, ""thesis_early_decay_delta"": 2, ""early_fail_pct_threshold"": -32.0, ""type_a_first_candle_enabled"": false, ""type_a_early_fail_enabled"": false, ""scenario_c_exit_profile"": true, ""type_a_stall_enabled"": false, ""type_a_stall_min_age_sec"": 480, ""type_a_stall_min_candles"": 3, ""type_a_stall_max_mfe_pct"": 5.0, ""trend_weakening_enabled"": false, ""spread_penalty_threshold"": 5, ""spread_penalty_margin_mult"": 0.75}",,,
2026-06-23T08:19:56.491948+00:00,cont-dfbaf6ceb3dd,SHORT,62597.67,62480.92,0.455933,18.65,15.0,6,2.8,2.8,0.0,0.0,-0.0,0.0,PROFIT_LOCK_LADDER,100,0.62,68,44.0,True,SIM_LIMIT,AI_DIRECT_LIMIT,,,,,0,BEAR,SR,60-70,SPAWN,-1,-1,LEAN_BEAR,BEAR_ALIGNED,62.24,-2,2,8,0.00159,bitfinex,tBTCF0:USTF0,v10.3-dashboard-ultimate-gate-2026-06-23,BITFINEX_ZERO,v10.3-dashboard-ultimate-gate-2026-06-23,CONTINUOUS,Continuous AI Research,APPROVE,62598.0,0.048885,0.000799,NEAR_SUPPORT,-0.005674,0.345035,173.9,0.455933,0.0,25.82684,121.832,121.832,121.832,0-5m,AI_DIRECT,AI_DIRECT_CHASE,3,,0.33,0.0,0.0459,0.0459,False,0.0,0.0,-2.2e-05,4.3e-05,0.000395,0.00742,-10.743465,0.0,0.553139,62630.0,62930.241291,63274.144289,64088.781134,-0.005435,NEAR_SUPPORT,SHORT_PREFERRED,0.048885,0.000799,BEAR,3.0,44.0,0.0,100,4.1,True,True,APPROVE,68,"```json
{
  ""direction"": ""SHORT"",
  ""confidence"": 68,
  ""long_score"": 18,
  ""short_score"": 82,
  ""preferred_direction"": ""SHORT"",
  ""entry_zone_low"": 62650,
  ""entry_zone_high"": 62750,
  ""limit_price"": 62700,
  ""expected_mfe"": 180,
  ""expected_mae"": 120,
  ""reversal_probability"": 53,
  ""exit_style"": ""AGGRESSIVE"",
  ""reasons_for_trade"": [
    ""BEAR_ALIGNED multi-timeframe agreement (15m, 1h, 4h all bearish)"",
    ""Bearish EMA stack (price below all EMAs, EMA9 below EMA21, EMA21 below EMA200)"",
    ""ADX at 62.24 indicating strong trending market favoring continuation"",
    ""Trend health state BEAR with bear_score 8 vs bull_score 3"",
    ""Market structure bias LEAN_BEAR with BEAR_CONTINUATION shift"",
    ""Price near support (0.027% away) but no reversal confirmation - continuation more likely"",
    ""Edge score 4.1 above threshold 3.0 supporting bearish bias"",
    ""Funding positive (longs pay shorts) favoring short positioning""
  ],
  ""reasons_against_trade"": [
    ""Price is very close to micro support at 62600 - risk of bounce"",
    ""Reversal risk score 53 suggests moderate reversal probability"",
    ""Volume ratio very low (0.03) - low participation may lead to false moves"",
    ""Compression regime may precede expansion in either direction"",
    ""Short entry near support historically has reduced expectancy without strong continuation""
  ],
  ""bull_score"": 2,
  ""bear_score"": 8
}
```",62597.67,62480.92,MAKER,TAKER,0.023962,0.33,121.832,2.8,2.8,0.0,0.0,-0.0,0.0,18.65,27.356055,PROFIT_LOCK_LADDER,-10.743465,0.00742,4.3e-05,0.553139,False,True,"{'price': 62630.0, 'ret_1m': 0.0, 'ret_5m': 3.193459794341189e-05, 'ema9': 62930.24129087647, 'ema21': 63274.14428902934, 'ema200': 64088.781133956865, 'dist_to_support': 0.0007985179506835314, 'dist_to_resistance': 0.04888526894084579, 'volume': 0.000395474, 'volume_ratio': 0.007419701523066618, 'delta': -10.743465117999994, 'velocity': 4.3129354590003606e-05, 'imbalance': 0.5531392025143285, 'candle_range': 173.9, 'body_ratio': 0.5220257765306541, 'wick_ratio': 0.37797422346934595}",4.1,"{'early_fail_enabled': True, 'invert_signal': False, 'ai_enabled': True, 'edge_threshold': 3.0, 'edge_threshold_max': None, 'edge_range_preset': 'min_only', 'ai_threshold': 44.0, 'leverage': 100, 'pullback_threshold': 0.001}","{'ema9': 62930.24129087647, 'ema21': 63274.14428902934, 'ema200': 64088.781133956865, 'ema_spread': -0.005435, 'ema9_slope_pct': -0.3183, 'ema21_slope_pct': -0.2837, 'ema9_above_ema21': False, 'ema21_above_ema200': False}",WEAK_SETUP,4.1,4.1,False,True,INV_False_EF_True,SHORT,12,8,SCENARIO_C_EARLY_12_v2_frozen,40.0,10.0,-12.0,2.0,8.0,300,1,2,-32.0,False,False,True,False,480,3,5.0,False,5,0.75,"[[12, 8], [15, 10], [25, 18], [40, 28], [60, 45], [80, 60], [100, 75], [150, 120]]","{""trail_ladder"": [[12, 8], [15, 10], [25, 18], [40, 28], [60, 45], [80, 60], [100, 75], [150, 120]], ""ladder_first_trigger_pct"": 12, ""ladder_first_lock_pct"": 8, ""exit_profile_id"": ""SCENARIO_C_EARLY_12_v2_frozen"", ""peak_never_loser_min_peak"": 40.0, ""peak_never_loser_floor"": 10.0, ""thesis_fast_exit_unreal_pct"": -12.0, ""thesis_mfe_protect_pct"": 2.0, ""thesis_exit_if_above_unreal_pct"": 8.0, ""thesis_min_age_sec"": 300, ""thesis_score_flip_margin"": 1, ""thesis_early_decay_delta"": 2, ""early_fail_pct_threshold"": -32.0, ""type_a_first_candle_enabled"": false, ""type_a_early_fail_enabled"": false, ""scenario_c_exit_profile"": true, ""type_a_stall_enabled"": false, ""type_a_stall_min_age_sec"": 480, ""type_a_stall_min_candles"": 3, ""type_a_stall_max_mfe_pct"": 5.0, ""trend_weakening_enabled"": false, ""spread_penalty_threshold"": 5, ""spread_penalty_margin_mult"": 0.75}",,,
2026-06-23T08:20:36.926289+00:00,cont-9f13fe3ee616,SHORT,62684.08,62485.0,2.309647,31.76,15.0,6,4.76,4.76,0.0,0.0,-0.0,-0.0,PROFIT_LOCK_LADDER,100,1.06,62,44.0,True,SIM_LIMIT,AI_DIRECT_LIMIT,,,,,0,BEAR,SR,60-70,SPAWN,-1,-1,LEAN_BEAR,BEAR_ALIGNED,60.7,-2,2,8,0.00159,bitfinex,tBTCF0:USTF0,v10.3-dashboard-ultimate-gate-2026-06-23,BITFINEX_ZERO,v10.3-dashboard-ultimate-gate-2026-06-23,CONTINUOUS,Continuous AI Research,APPROVE,62714.0,0.047096,0.001961,NEAR_SUPPORT,-0.005802,0.542005,193.8,2.309648,0.0,42.76684,241.916,241.916,241.916,0-5m,AI_DIRECT,AI_DIRECT_CHASE,5,,29.92,0.0,0.0,0.0,False,0.0,0.0,-0.00011,-3e-06,0.000219,0.037582,-6.603776,0.0,0.434397,62713.0,63027.001614,63348.395082,64104.173688,-0.005073,NEAR_SUPPORT,SHORT_PREFERRED,0.047096,0.001961,BEAR,3.0,44.0,0.0,100,4.0,True,True,APPROVE,62,"```json
{
  ""direction"": ""SHORT"",
  ""confidence"": 62,
  ""long_score"": 18,
  ""short_score"": 82,
  ""preferred_direction"": ""SHORT"",
  ""entry_zone_low"": 62800,
  ""entry_zone_high"": 63119,
  ""limit_price"": 62960,
  ""expected_mfe"": 180,
  ""expected_mae"": 120,
  ""reversal_probability"": 33,
  ""exit_style"": ""AGGRESSIVE"",
  ""reasons_for_trade"": [
    ""Multi-timeframe agreement is BEAR_ALIGNED across 15m, 1h, 4h"",
    ""EMA stack is bearish (price below all EMAs, EMA9 below EMA21, EMA21 below EMA200)"",
    ""ADX at 60.7 indicates strong trending market favoring continuation"",
    ""Trend health state is BEAR with bear_score 8 vs bull_score 3"",
    ""Market structure shows BEAR_CONTINUATION with recent LL sequence"",
    ""Orderflow shows negative delta (-6.6) and bearish velocity"",
    ""Funding rate positive (0.00109% per 8h) favors shorts"",
    ""Price is near micro support (62600) but no reversal confirmation - continuation more likely""
  ],
  ""reasons_against_trade"": [
    ""Price is very close to support (0.2% away) - bounce risk elevated"",
    ""Volume ratio is extremely low (0.026) suggesting lack of conviction"",
    ""Compression regime may precede expansion in either direction"",
    ""Reversal risk score is 33 - non-trivial chance of mean reversion""
  ],
  ""bull_score"": 2,
  ""bear_score"": 8
}
```",62684.08,62485.0,MAKER,TAKER,0.023918,29.92,241.916,4.76,4.76,0.0,0.0,-0.0,-0.0,31.76,138.578927,PROFIT_LOCK_LADDER,-6.603776,0.037582,-3e-06,0.434397,False,True,"{'price': 62713.0, 'ret_1m': -1.5945402940332302e-05, 'ret_5m': -0.00027100271002710027, 'ema9': 63027.00161359558, 'ema21': 63348.39508157152, 'ema200': 64104.173688344476, 'dist_to_support': 0.0019610031407936482, 'dist_to_resistance': 0.047095961608979164, 'volume': 0.00021861400000000006, 'volume_ratio': 0.037581535314334086, 'delta': -6.603776125000019, 'velocity': -3.187173932085155e-06, 'imbalance': 0.4343973332028551, 'candle_range': 193.8, 'body_ratio': 0.4839463063319786, 'wick_ratio': 0.4160536936680215}",4.0,"{'early_fail_enabled': True, 'invert_signal': False, 'ai_enabled': True, 'edge_threshold': 3.0, 'edge_threshold_max': None, 'edge_range_preset': 'min_only', 'ai_threshold': 44.0, 'leverage': 100, 'pullback_threshold': 0.001}","{'ema9': 63027.00161359558, 'ema21': 63348.39508157152, 'ema200': 64104.173688344476, 'ema_spread': -0.005073, 'ema9_slope_pct': -0.2492, 'ema21_slope_pct': -0.251, 'ema9_above_ema21': False, 'ema21_above_ema200': False}",MOMENTUM_SHORT,4.0,4.0,False,True,INV_False_EF_True,SHORT,12,8,SCENARIO_C_EARLY_12_v2_frozen,40.0,10.0,-12.0,2.0,8.0,300,1,2,-32.0,False,False,True,False,480,3,5.0,False,5,0.75,"[[12, 8], [15, 10], [25, 18], [40, 28], [60, 45], [80, 60], [100, 75], [150, 120]]","{""trail_ladder"": [[12, 8], [15, 10], [25, 18], [40, 28], [60, 45], [80, 60], [100, 75], [150, 120]], ""ladder_first_trigger_pct"": 12, ""ladder_first_lock_pct"": 8, ""exit_profile_id"": ""SCENARIO_C_EARLY_12_v2_frozen"", ""peak_never_loser_min_peak"": 40.0, ""peak_never_loser_floor"": 10.0, ""thesis_fast_exit_unreal_pct"": -12.0, ""thesis_mfe_protect_pct"": 2.0, ""thesis_exit_if_above_unreal_pct"": 8.0, ""thesis_min_age_sec"": 300, ""thesis_score_flip_margin"": 1, ""thesis_early_decay_delta"": 2, ""early_fail_pct_threshold"": -32.0, ""type_a_first_candle_enabled"": false, ""type_a_early_fail_enabled"": false, ""scenario_c_exit_profile"": true, ""type_a_stall_enabled"": false, ""type_a_stall_min_age_sec"": 480, ""type_a_stall_min_candles"": 3, ""type_a_stall_max_mfe_pct"": 5.0, ""trend_weakening_enabled"": false, ""spread_penalty_threshold"": 5, ""spread_penalty_margin_mult"": 0.75}",,,
2026-06-23T08:20:37.293708+00:00,c65c-771d81c3db83,SHORT,62565.81,62485.0,0.108942,12.92,15.0,6,1.94,1.94,0.0,0.0,-0.0,0.0,PROFIT_LOCK_LADDER,100,0.43,68,44.0,True,SIM_LIMIT,AI_DIRECT_LIMIT,,,,,0,BEAR,SR,60-70,SPAWN,-1,-1,LEAN_BEAR,BEAR_ALIGNED,62.24,-2,2,8,0.00159,bitfinex,tBTCF0:USTF0,v10.3-dashboard-ultimate-gate-2026-06-23,BITFINEX_ZERO,v10.3-dashboard-ultimate-gate-2026-06-23,COMBO_65_SP5_CHASE_3PLUS,AI65+ · Spread5+ · Chase 3+,APPROVE,62598.0,0.048885,0.000799,NEAR_SUPPORT,-0.005802,0.48544,173.9,0.108943,0.0,16.272466,181.902,181.902,181.902,0-5m,AI_DIRECT,AI_DIRECT_CHASE,4,,32.19,0.0,0.0,0.0,False,0.0,0.0,-5e-06,-6.1e-05,0.02032,0.044451,-10.804344,0.0,0.554449,62598.0,62930.241291,63274.144289,64088.781134,-0.005435,NEAR_SUPPORT,SHORT_PREFERRED,0.048885,0.000799,BEAR,3.0,44.0,0.0,100,4.1,True,True,APPROVE,68,"```json
{
  ""direction"": ""SHORT"",
  ""confidence"": 68,
  ""long_score"": 18,
  ""short_score"": 82,
  ""preferred_direction"": ""SHORT"",
  ""entry_zone_low"": 62650,
  ""entry_zone_high"": 62750,
  ""limit_price"": 62700,
  ""expected_mfe"": 180,
  ""expected_mae"": 120,
  ""reversal_probability"": 53,
  ""exit_style"": ""AGGRESSIVE"",
  ""reasons_for_trade"": [
    ""BEAR_ALIGNED multi-timeframe agreement (15m, 1h, 4h all bearish)"",
    ""Bearish EMA stack (price below all EMAs, EMA9 below EMA21, EMA21 below EMA200)"",
    ""ADX at 62.24 indicating strong trending market favoring continuation"",
    ""Trend health state BEAR with bear_score 8 vs bull_score 3"",
    ""Market structure bias LEAN_BEAR with BEAR_CONTINUATION shift"",
    ""Price near support (0.027% away) but no reversal confirmation - continuation more likely"",
    ""Edge score 4.1 above threshold 3.0 supporting bearish bias"",
    ""Funding positive (longs pay shorts) favoring short positioning""
  ],
  ""reasons_against_trade"": [
    ""Price is very close to micro support at 62600 - risk of bounce"",
    ""Reversal risk score 53 suggests moderate reversal probability"",
    ""Volume ratio very low (0.03) - low participation may lead to false moves"",
    ""Compression regime may precede expansion in either direction"",
    ""Short entry near support historically has reduced expectancy without strong continuation""
  ],
  ""bull_score"": 2,
  ""bear_score"": 8
}
```",62565.81,62485.0,MAKER,TAKER,0.023962,32.19,181.902,1.94,1.94,0.0,0.0,-0.0,0.0,12.92,6.536621,PROFIT_LOCK_LADDER,-10.804344,0.044451,-6.1e-05,0.554449,False,True,"{'price': 62598.0, 'ret_1m': -3.194888178913738e-05, 'ret_5m': 1.5975206479543748e-05, 'ema9': 62930.24129087647, 'ema21': 63274.14428902934, 'ema200': 64088.781133956865, 'dist_to_support': 0.0007985179506835314, 'dist_to_resistance': 0.04888526894084579, 'volume': 0.020320297, 'volume_ratio': 0.04445070903103722, 'delta': -10.804344098999994, 'velocity': -6.068002177370309e-05, 'imbalance': 0.554449173313899, 'candle_range': 173.9, 'body_ratio': 0.5220257765306541, 'wick_ratio': 0.37797422346934595}",4.1,"{'early_fail_enabled': True, 'invert_signal': False, 'ai_enabled': True, 'edge_threshold': 3.0, 'edge_threshold_max': None, 'edge_range_preset': 'min_only', 'ai_threshold': 44.0, 'leverage': 100, 'pullback_threshold': 0.001}","{'ema9': 62930.24129087647, 'ema21': 63274.14428902934, 'ema200': 64088.781133956865, 'ema_spread': -0.005435, 'ema9_slope_pct': -0.3183, 'ema21_slope_pct': -0.2837, 'ema9_above_ema21': False, 'ema21_above_ema200': False}",MOMENTUM_SHORT,4.1,4.1,False,True,INV_False_EF_True,SHORT,12,8,SCENARIO_C_EARLY_12_v2_frozen,40.0,10.0,-12.0,2.0,8.0,300,1,2,-32.0,False,False,True,False,480,3,5.0,False,5,0.75,"[[12, 8], [15, 10], [25, 18], [40, 28], [60, 45], [80, 60], [100, 75], [150, 120]]","{""trail_ladder"": [[12, 8], [15, 10], [25, 18], [40, 28], [60, 45], [80, 60], [100, 75], [150, 120]], ""ladder_first_trigger_pct"": 12, ""ladder_first_lock_pct"": 8, ""exit_profile_id"": ""SCENARIO_C_EARLY_12_v2_frozen"", ""peak_never_loser_min_peak"": 40.0, ""peak_never_loser_floor"": 10.0, ""thesis_fast_exit_unreal_pct"": -12.0, ""thesis_mfe_protect_pct"": 2.0, ""thesis_exit_if_above_unreal_pct"": 8.0, ""thesis_min_age_sec"": 300, ""thesis_score_flip_margin"": 1, ""thesis_early_decay_delta"": 2, ""early_fail_pct_threshold"": -32.0, ""type_a_first_candle_enabled"": false, ""type_a_early_fail_enabled"": false, ""scenario_c_exit_profile"": true, ""type_a_stall_enabled"": false, ""type_a_stall_min_age_sec"": 480, ""type_a_stall_min_candles"": 3, ""type_a_stall_max_mfe_pct"": 5.0, ""trend_weakening_enabled"": false, ""spread_penalty_threshold"": 5, ""spread_penalty_margin_mult"": 0.75}",,,
2026-06-23T08:34:16.416615+00:00,c65c-17661088e154,SHORT,62274.1,62354.0,0.275925,-12.83,15.0,6,-1.92,-1.92,0.0,0.0,-0.0,0.0,THESIS_FAST_CUT,100,0.43,72,44.0,True,SIM_LIMIT,AI_DIRECT_LIMIT,,,,,0,BEAR,SR,70+,SPAWN,-1,-1,LEAN_BEAR,BEAR_ALIGNED,62.53,-2,2,8,0.00281,bitfinex,tBTCF0:USTF0,v10.3-dashboard-ultimate-gate-2026-06-23,BITFINEX_ZERO,v10.3-dashboard-ultimate-gate-2026-06-23,COMBO_65_SP5_CHASE_3PLUS,AI65+ · Spread5+ · Chase 3+,APPROVE,62176.0,0.055391,0.000145,NEAR_SUPPORT,-0.006727,0.482385,173.9,0.275926,-12.830374,0.0,414.663,414.663,414.663,5-15m,AI_DIRECT,AI_DIRECT,0,,98.1,0.1182,0.0,0.1182,False,0.0,0.0,-2.4e-05,2e-06,0.000634,0.030547,-15.253668,0.0,0.384694,62176.0,62849.041291,63237.235198,64084.741333,-0.006139,NEAR_SUPPORT,SHORT_PREFERRED,0.055391,0.000145,BEAR,3.0,44.0,0.0,100,4.0,True,True,APPROVE,72,"```json
{
  ""direction"": ""SHORT"",
  ""confidence"": 72,
  ""long_score"": 18,
  ""short_score"": 82,
  ""preferred_direction"": ""SHORT"",
  ""entry_zone_low"": 62250,
  ""entry_zone_high"": 62350,
  ""limit_price"": 62300,
  ""expected_mfe"": 180,
  ""expected_mae"": 120,
  ""reversal_probability"": 33,
  ""exit_style"": ""AGGRESSIVE"",
  ""reasons_for_trade"": [
    ""Multi-timeframe agreement is BEAR_ALIGNED across 15m, 1h, 4h"",
    ""Market structure bias is LEAN_BEAR with bear continuation signal"",
    ""EMA stack is bearish (price below all EMAs, EMA9 below EMA21 below EMA200)"",
    ""ADX at 62.53 indicates strong trending market favoring continuation"",
    ""Trend health state is BEAR with bear_score 8 vs bull_score 3"",
    ""Orderflow shows negative delta (-15.1) and bearish velocity"",
    ""Price is near support (0.064% away) but no reversal confirmation - continuation more likely"",
    ""Funding rate positive (2.176e-05) favors shorts, longs pay""
  ],
  ""reasons_against_trade"": [
    ""Price is extremely close to recent low support (62221), bounce risk elevated"",
    ""Volume ratio is low (0.124), suggesting lack of aggressive selling at this level"",
    ""Reversal risk score is 33 - non-zero probability of mean reversion"",
    ""Candle wick ratio (37.8%) shows some buying pressure at lows"",
    ""Entry near support historically reduces short expectancy without strong continuation""
  ],
  ""bull_score"": 2,
  ""bear_score"": 8
}
```

Direction: SHORT
Win probability: 72
Long score: 18
Short score: 82
Bull score: 2
Bear score: 8
Decision: APPROVE
Reason: Strong bearish alignment across all trend hierarchy layers (MTF, structure, EMA, ADX) with no reversal confirmation. Price near support is a location context only - not a reversal signal. Short entry above current price (limit 62300) targets continuation below recent low. Aggressive exit style due to proximity to support and potential for snap-back.",62274.1,62354.0,MAKER,TAKER,0.024125,98.1,414.663,-1.92,-1.92,0.0,0.0,-0.0,0.0,-12.83,16.555608,THESIS_FAST_CUT,-15.253668,0.030547,2e-06,0.384694,False,True,"{'price': 62176.0, 'ret_1m': 0.0, 'ret_5m': -0.00024119245549999196, 'ema9': 62849.04129087647, 'ema21': 63237.23519812025, 'ema200': 64084.74133296184, 'dist_to_support': 0.00014462477904547645, 'dist_to_resistance': 0.055391290374417486, 'volume': 0.000634462, 'volume_ratio': 0.030546898335667393, 'delta': -15.25366753799995, 'velocity': 1.612554766496039e-06, 'imbalance': 0.38469392064802316, 'candle_range': 173.9, 'body_ratio': 0.5220257765306541, 'wick_ratio': 0.37797422346934595}",4.0,"{'early_fail_enabled': True, 'invert_signal': False, 'ai_enabled': True, 'edge_threshold': 3.0, 'edge_threshold_max': None, 'edge_range_preset': 'min_only', 'ai_threshold': 44.0, 'leverage': 100, 'pullback_threshold': 0.001}","{'ema9': 62849.04129087647, 'ema21': 63237.23519812025, 'ema200': 64084.74133296184, 'ema_spread': -0.006139, 'ema9_slope_pct': -0.4469, 'ema21_slope_pct': -0.3419, 'ema9_above_ema21': False, 'ema21_above_ema200': False}",WEAK_SETUP,4.0,4.0,False,True,INV_False_EF_True,SHORT,12,8,SCENARIO_C_EARLY_12_v2_frozen,40.0,10.0,-12.0,2.0,8.0,300,1,2,-32.0,False,False,True,False,480,3,5.0,False,5,0.75,"[[12, 8], [15, 10], [25, 18], [40, 28], [60, 45], [80, 60], [100, 75], [150, 120]]","{""trail_ladder"": [[12, 8], [15, 10], [25, 18], [40, 28], [60, 45], [80, 60], [100, 75], [150, 120]], ""ladder_first_trigger_pct"": 12, ""ladder_first_lock_pct"": 8, ""exit_profile_id"": ""SCENARIO_C_EARLY_12_v2_frozen"", ""peak_never_loser_min_peak"": 40.0, ""peak_never_loser_floor"": 10.0, ""thesis_fast_exit_unreal_pct"": -12.0, ""thesis_mfe_protect_pct"": 2.0, ""thesis_exit_if_above_unreal_pct"": 8.0, ""thesis_min_age_sec"": 300, ""thesis_score_flip_margin"": 1, ""thesis_early_decay_delta"": 2, ""early_fail_pct_threshold"": -32.0, ""type_a_first_candle_enabled"": false, ""type_a_early_fail_enabled"": false, ""scenario_c_exit_profile"": true, ""type_a_stall_enabled"": false, ""type_a_stall_min_age_sec"": 480, ""type_a_stall_min_candles"": 3, ""type_a_stall_max_mfe_pct"": 5.0, ""trend_weakening_enabled"": false, ""spread_penalty_threshold"": 5, ""spread_penalty_margin_mult"": 0.75}",,,
2026-06-23T08:53:29.450101+00:00,cont-bf2b317c45c3,SHORT,62295.0,62482.0,19.939864,-30.0,15.0,6,-4.5,-4.5,0.0,0.0,-0.0,-0.0,STOP_LOSS,100,1.0,72,44.0,True,SIM_LIMIT,AI_DIRECT_LIMIT,,,,,0,BEAR,SR,70+,SPAWN,-1,-1,LEAN_BEAR,BEAR_ALIGNED,62.53,-2,2,8,0.00442,bitfinex,tBTCF0:USTF0,v10.3-dashboard-ultimate-gate-2026-06-23,BITFINEX_ZERO,v10.3-dashboard-ultimate-gate-2026-06-23,CONTINUOUS,Continuous AI Research,APPROVE,62175.0,0.055391,0.000145,NEAR_SUPPORT,-0.006445,0.0,0.0,19.939865,-30.018461,2.407898,389.839,389.839,389.839,5-15m,AI_DIRECT,AI_DIRECT,0,,120.0,0.0,0.0,0.0,False,0.0,0.0,-0.002233,0.0,0.001,0.132484,-15.253319,-0.001,0.38469,62166.0,62849.041291,63237.235198,64084.741333,-0.006139,NEAR_SUPPORT,SHORT_PREFERRED,0.055391,0.000145,BEAR,3.0,44.0,0.0,100,4.0,True,True,APPROVE,72,"```json
{
  ""direction"": ""SHORT"",
  ""confidence"": 72,
  ""long_score"": 18,
  ""short_score"": 82,
  ""preferred_direction"": ""SHORT"",
  ""entry_zone_low"": 62250,
  ""entry_zone_high"": 62350,
  ""limit_price"": 62300,
  ""expected_mfe"": 180,
  ""expected_mae"": 120,
  ""reversal_probability"": 33,
  ""exit_style"": ""AGGRESSIVE"",
  ""reasons_for_trade"": [
    ""Multi-timeframe agreement is BEAR_ALIGNED across 15m, 1h, 4h"",
    ""Market structure bias is LEAN_BEAR with bear continuation signal"",
    ""EMA stack is bearish (price below all EMAs, EMA9 below EMA21 below EMA200)"",
    ""ADX at 62.53 indicates strong trending market favoring continuation"",
    ""Trend health state is BEAR with bear_score 8 vs bull_score 3"",
    ""Orderflow shows negative delta (-15.1) and bearish velocity"",
    ""Price is near support (0.064% away) but no reversal confirmation - continuation more likely"",
    ""Funding rate positive (2.176e-05) favors shorts, longs pay""
  ],
  ""reasons_against_trade"": [
    ""Price is extremely close to recent low support (62221), bounce risk elevated"",
    ""Volume ratio is low (0.124), suggesting lack of aggressive selling at this level"",
    ""Reversal risk score is 33 - non-zero probability of mean reversion"",
    ""Candle wick ratio (37.8%) shows some buying pressure at lows"",
    ""Entry near support historically reduces short expectancy without strong continuation""
  ],
  ""bull_score"": 2,
  ""bear_score"": 8
}
```

Direction: SHORT
Win probability: 72
Long score: 18
Short score: 82
Bull score: 2
Bear score: 8
Decision: APPROVE
Reason: Strong bearish alignment across all trend hierarchy layers (MTF, structure, EMA, ADX) with no reversal confirmation. Price near support is a location context only - not a reversal signal. Short entry above current price (limit 62300) targets continuation below recent low. Aggressive exit style due to proximity to support and potential for snap-back.",62295.0,62482.0,MAKER,TAKER,0.024125,120.0,389.839,-4.5,-4.5,0.0,0.0,-0.0,-0.0,-30.0,1196.391953,STOP_LOSS,-15.253319,0.132484,0.0,0.38469,False,True,"{'velocity': 0.0, 'volume': 0.001, 'volume_ratio': 0.1324838644589379, 'delta': -15.25331922999995, 'imbalance': 0.3846895203969705, 'delta_change': -0.0010000000000012221}",4.0,"{'early_fail_enabled': True, 'invert_signal': False, 'ai_enabled': True, 'edge_threshold': 3.0, 'edge_threshold_max': None, 'edge_range_preset': 'min_only', 'ai_threshold': 44.0, 'leverage': 100, 'pullback_threshold': 0.001}","{'ema9': 62849.04129087647, 'ema21': 63237.23519812025, 'ema200': 64084.74133296184, 'ema_spread': -0.006139, 'ema9_slope_pct': -0.4469, 'ema21_slope_pct': -0.3419, 'ema9_above_ema21': False, 'ema21_above_ema200': False}",WEAK_SETUP,4.0,4.0,False,True,INV_False_EF_True,SHORT,12,8,SCENARIO_C_EARLY_12_v2_frozen,40.0,10.0,-12.0,2.0,8.0,300,1,2,-32.0,False,False,True,False,480,3,5.0,False,5,0.75,"[[12, 8], [15, 10], [25, 18], [40, 28], [60, 45], [80, 60], [100, 75], [150, 120]]","{""trail_ladder"": [[12, 8], [15, 10], [25, 18], [40, 28], [60, 45], [80, 60], [100, 75], [150, 120]], ""ladder_first_trigger_pct"": 12, ""ladder_first_lock_pct"": 8, ""exit_profile_id"": ""SCENARIO_C_EARLY_12_v2_frozen"", ""peak_never_loser_min_peak"": 40.0, ""peak_never_loser_floor"": 10.0, ""thesis_fast_exit_unreal_pct"": -12.0, ""thesis_mfe_protect_pct"": 2.0, ""thesis_exit_if_above_unreal_pct"": 8.0, ""thesis_min_age_sec"": 300, ""thesis_score_flip_margin"": 1, ""thesis_early_decay_delta"": 2, ""early_fail_pct_threshold"": -32.0, ""type_a_first_candle_enabled"": false, ""type_a_early_fail_enabled"": false, ""scenario_c_exit_profile"": true, ""type_a_stall_enabled"": false, ""type_a_stall_min_age_sec"": 480, ""type_a_stall_min_candles"": 3, ""type_a_stall_max_mfe_pct"": 5.0, ""trend_weakening_enabled"": false, ""spread_penalty_threshold"": 5, ""spread_penalty_margin_mult"": 0.75}",,,
2026-06-23T09:09:03.174139+00:00,cont-928d84cd5635,SHORT,62468.81,62402.46,8.401081,10.63,15.0,6,1.59,1.59,0.0,0.0,-0.0,-0.0,PROFIT_LOCK_LADDER,100,0.35,68,44.0,True,SIM_LIMIT,AI_DIRECT_LIMIT,,,,,0,BEAR,SR,60-70,SPAWN,-1,-1,LEAN_BEAR,BEAR_ALIGNED,65.78,-2,2,8,0.00583,bitfinex,tBTCF0:USTF0,v10.3-dashboard-ultimate-gate-2026-06-23,BITFINEX_ZERO,v10.3-dashboard-ultimate-gate-2026-06-23,CONTINUOUS,Continuous AI Research,APPROVE,62411.0,0.051825,0.007703,NEAR_SUPPORT,-0.006359,0.672409,90.4,8.401082,-7.37488,19.659411,285.805,285.805,285.805,0-5m,AI_DIRECT,AI_DIRECT_CHASE,5,,57.81,0.0,0.2274,0.2274,False,0.0,0.0,-0.001428,-1.1e-05,0.047933,0.005098,-12.941521,0.0,0.219542,62441.0,62684.306426,63088.156062,64051.870881,-0.006401,NEAR_SUPPORT,SHORT_PREFERRED,0.051825,0.007703,BEAR,3.0,44.0,0.0,100,4.0,True,True,APPROVE,68,"```json
{
  ""direction"": ""SHORT"",
  ""confidence"": 68,
  ""long_score"": 18,
  ""short_score"": 82,
  ""preferred_direction"": ""SHORT"",
  ""entry_zone_low"": 62450,
  ""entry_zone_high"": 62600,
  ""limit_price"": 62525,
  ""expected_mfe"": 180,
  ""expected_mae"": 120,
  ""reversal_probability"": 33,
  ""exit_style"": ""PATIENT"",
  ""reasons_for_trade"": [
    ""Multi-timeframe agreement is BEAR_ALIGNED across 15m/1h/4h"",
    ""Market structure bias is LEAN_BEAR with active LH-LL sequence"",
    ""EMA stack is bearish (price below all EMAs, EMA9 below EMA21, EMA21 below EMA200)"",
    ""ADX at 65.78 indicates strong trending conditions favoring continuation"",
    ""Trend health state is BEAR with bear_score 8 vs bull_score 3"",
    ""Orderflow shows negative delta (-12.89) and bearish velocity"",
    ""Market regime is COMPRESSION after prior TRENDING moves, suggesting potential breakout continuation downward"",
    ""Edge score of 4.0 exceeds threshold of 3.0, supporting trade viability""
  ],
  ""reasons_against_trade"": [
    ""Price is near support (0.77% above recent low), increasing bounce risk"",
    ""Reversal probability is 33%, not negligible"",
    ""Volume ratio is low (0.039), indicating lack of aggressive selling at current levels"",
    ""Candle body ratio (0.54) shows indecision, not strong bearish momentum"",
    ""Entry near support historically reduces short expectancy without strong continuation""
  ],
  ""bull_score"": 2,
  ""bear_score"": 8
}
```

**Direction:** SHORT  
**Win probability:** 68%  
**Long score:** 18  
**Short score:** 82  
**Bull score:** 2  
**Bear score:** 8  
**Decision:** APPROVE  
**Reason:** Strong bearish alignment across all trend hierarchy layers (MTF, structure, EMA, ADX, trend health) dominates the near-support location risk. The short entry is placed above current price (pullback to 62525) to avoid chasing into support. The low volume and proximity to support warrant a patient exit style to capture continuation rather than a quick scalp.",62468.81,62402.46,MAKER,TAKER,0.024034,57.81,285.805,1.59,1.59,0.0,0.0,-0.0,-0.0,10.63,504.064946,PROFIT_LOCK_LADDER,-12.941521,0.005098,-1.1e-05,0.219542,False,True,"{'price': 62441.0, 'ret_1m': 0.0, 'ret_5m': -0.00033620441228266785, 'ema9': 62684.30642616095, 'ema21': 63088.1560615542, 'ema200': 64051.870880950424, 'dist_to_support': 0.007703271888662898, 'dist_to_resistance': 0.051824922727054336, 'volume': 0.04793339, 'volume_ratio': 0.005098450373900953, 'delta': -12.941520984999864, 'velocity': -1.1209377439739767e-05, 'imbalance': 0.2195419823618515, 'candle_range': 90.4, 'body_ratio': 0.5416261686415871, 'wick_ratio': 0.35837383135841294}",4.0,"{'early_fail_enabled': True, 'invert_signal': False, 'ai_enabled': True, 'edge_threshold': 3.0, 'edge_threshold_max': None, 'edge_range_preset': 'min_only', 'ai_threshold': 44.0, 'leverage': 100, 'pullback_threshold': 0.001}","{'ema9': 62684.30642616095, 'ema21': 63088.1560615542, 'ema200': 64051.870880950424, 'ema_spread': -0.006401, 'ema9_slope_pct': -0.5103, 'ema21_slope_pct': -0.3957, 'ema9_above_ema21': False, 'ema21_above_ema200': False}",MOMENTUM_SHORT,4.0,4.0,False,True,INV_False_EF_True,SHORT,12,8,SCENARIO_C_EARLY_12_v2_frozen,40.0,10.0,-12.0,2.0,8.0,300,1,2,-32.0,False,False,True,False,480,3,5.0,False,5,0.75,"[[12, 8], [15, 10], [25, 18], [40, 28], [60, 45], [80, 60], [100, 75], [150, 120]]","{""trail_ladder"": [[12, 8], [15, 10], [25, 18], [40, 28], [60, 45], [80, 60], [100, 75], [150, 120]], ""ladder_first_trigger_pct"": 12, ""ladder_first_lock_pct"": 8, ""exit_profile_id"": ""SCENARIO_C_EARLY_12_v2_frozen"", ""peak_never_loser_min_peak"": 40.0, ""peak_never_loser_floor"": 10.0, ""thesis_fast_exit_unreal_pct"": -12.0, ""thesis_mfe_protect_pct"": 2.0, ""thesis_exit_if_above_unreal_pct"": 8.0, ""thesis_min_age_sec"": 300, ""thesis_score_flip_margin"": 1, ""thesis_early_decay_delta"": 2, ""early_fail_pct_threshold"": -32.0, ""type_a_first_candle_enabled"": false, ""type_a_early_fail_enabled"": false, ""scenario_c_exit_profile"": true, ""type_a_stall_enabled"": false, ""type_a_stall_min_age_sec"": 480, ""type_a_stall_min_candles"": 3, ""type_a_stall_max_mfe_pct"": 5.0, ""trend_weakening_enabled"": false, ""spread_penalty_threshold"": 5, ""spread_penalty_margin_mult"": 0.75}",,,
2026-06-23T09:09:11.208549+00:00,c65c-0724c958286a,SHORT,62471.62,62391.0,8.518029,12.91,15.0,6,1.94,1.94,0.0,0.0,-0.0,-0.0,PROFIT_LOCK_LADDER,100,0.43,68,44.0,True,SIM_LIMIT,AI_DIRECT_LIMIT,,,,,0,BEAR,SR,60-70,SPAWN,-1,-1,LEAN_BEAR,BEAR_ALIGNED,65.78,-2,2,8,0.00583,bitfinex,tBTCF0:USTF0,v10.3-dashboard-ultimate-gate-2026-06-23,BITFINEX_ZERO,v10.3-dashboard-ultimate-gate-2026-06-23,COMBO_65_SP5_CHASE_3PLUS,AI65+ · Spread5+ · Chase 3+,APPROVE,62411.0,0.051825,0.007703,NEAR_SUPPORT,-0.006413,0.672409,90.4,8.51803,-6.924744,20.108331,284.481,284.481,284.481,0-5m,AI_DIRECT,AI_DIRECT_CHASE,5,,60.62,0.0,0.0,0.0,False,0.0,0.0,-0.00145,-1.1e-05,0.047933,0.005098,-12.941521,0.0,0.219542,62441.0,62684.306426,63088.156062,64051.870881,-0.006401,NEAR_SUPPORT,SHORT_PREFERRED,0.051825,0.007703,BEAR,3.0,44.0,0.0,100,4.0,True,True,APPROVE,68,"```json
{
  ""direction"": ""SHORT"",
  ""confidence"": 68,
  ""long_score"": 18,
  ""short_score"": 82,
  ""preferred_direction"": ""SHORT"",
  ""entry_zone_low"": 62450,
  ""entry_zone_high"": 62600,
  ""limit_price"": 62525,
  ""expected_mfe"": 180,
  ""expected_mae"": 120,
  ""reversal_probability"": 33,
  ""exit_style"": ""PATIENT"",
  ""reasons_for_trade"": [
    ""Multi-timeframe agreement is BEAR_ALIGNED across 15m/1h/4h"",
    ""Market structure bias is LEAN_BEAR with active LH-LL sequence"",
    ""EMA stack is bearish (price below all EMAs, EMA9 below EMA21, EMA21 below EMA200)"",
    ""ADX at 65.78 indicates strong trending conditions favoring continuation"",
    ""Trend health state is BEAR with bear_score 8 vs bull_score 3"",
    ""Orderflow shows negative delta (-12.89) and bearish velocity"",
    ""Market regime is COMPRESSION after prior TRENDING moves, suggesting potential breakout continuation downward"",
    ""Edge score of 4.0 exceeds threshold of 3.0, supporting trade viability""
  ],
  ""reasons_against_trade"": [
    ""Price is near support (0.77% above recent low), increasing bounce risk"",
    ""Reversal probability is 33%, not negligible"",
    ""Volume ratio is low (0.039), indicating lack of aggressive selling at current levels"",
    ""Candle body ratio (0.54) shows indecision, not strong bearish momentum"",
    ""Entry near support historically reduces short expectancy without strong continuation""
  ],
  ""bull_score"": 2,
  ""bear_score"": 8
}
```

**Direction:** SHORT  
**Win probability:** 68%  
**Long score:** 18  
**Short score:** 82  
**Bull score:** 2  
**Bear score:** 8  
**Decision:** APPROVE  
**Reason:** Strong bearish alignment across all trend hierarchy layers (MTF, structure, EMA, ADX, trend health) dominates the near-support location risk. The short entry is placed above current price (pullback to 62525) to avoid chasing into support. The low volume and proximity to support warrant a patient exit style to capture continuation rather than a quick scalp.",62471.62,62391.0,MAKER,TAKER,0.024034,60.62,284.481,1.94,1.94,0.0,0.0,-0.0,-0.0,12.91,511.081854,PROFIT_LOCK_LADDER,-12.941521,0.005098,-1.1e-05,0.219542,False,True,"{'price': 62441.0, 'ret_1m': 0.0, 'ret_5m': -0.00033620441228266785, 'ema9': 62684.30642616095, 'ema21': 63088.1560615542, 'ema200': 64051.870880950424, 'dist_to_support': 0.007703271888662898, 'dist_to_resistance': 0.051824922727054336, 'volume': 0.04793339, 'volume_ratio': 0.005098450373900953, 'delta': -12.941520984999864, 'velocity': -1.1209377439739767e-05, 'imbalance': 0.2195419823618515, 'candle_range': 90.4, 'body_ratio': 0.5416261686415871, 'wick_ratio': 0.35837383135841294}",4.0,"{'early_fail_enabled': True, 'invert_signal': False, 'ai_enabled': True, 'edge_threshold': 3.0, 'edge_threshold_max': None, 'edge_range_preset': 'min_only', 'ai_threshold': 44.0, 'leverage': 100, 'pullback_threshold': 0.001}","{'ema9': 62684.30642616095, 'ema21': 63088.1560615542, 'ema200': 64051.870880950424, 'ema_spread': -0.006401, 'ema9_slope_pct': -0.5103, 'ema21_slope_pct': -0.3957, 'ema9_above_ema21': False, 'ema21_above_ema200': False}",MOMENTUM_SHORT,4.0,4.0,False,True,INV_False_EF_True,SHORT,12,8,SCENARIO_C_EARLY_12_v2_frozen,40.0,10.0,-12.0,2.0,8.0,300,1,2,-32.0,False,False,True,False,480,3,5.0,False,5,0.75,"[[12, 8], [15, 10], [25, 18], [40, 28], [60, 45], [80, 60], [100, 75], [150, 120]]","{""trail_ladder"": [[12, 8], [15, 10], [25, 18], [40, 28], [60, 45], [80, 60], [100, 75], [150, 120]], ""ladder_first_trigger_pct"": 12, ""ladder_first_lock_pct"": 8, ""exit_profile_id"": ""SCENARIO_C_EARLY_12_v2_frozen"", ""peak_never_loser_min_peak"": 40.0, ""peak_never_loser_floor"": 10.0, ""thesis_fast_exit_unreal_pct"": -12.0, ""thesis_mfe_protect_pct"": 2.0, ""thesis_exit_if_above_unreal_pct"": 8.0, ""thesis_min_age_sec"": 300, ""thesis_score_flip_margin"": 1, ""thesis_early_decay_delta"": 2, ""early_fail_pct_threshold"": -32.0, ""type_a_first_candle_enabled"": false, ""type_a_early_fail_enabled"": false, ""scenario_c_exit_profile"": true, ""type_a_stall_enabled"": false, ""type_a_stall_min_age_sec"": 480, ""type_a_stall_min_candles"": 3, ""type_a_stall_max_mfe_pct"": 5.0, ""trend_weakening_enabled"": false, ""spread_penalty_threshold"": 5, ""spread_penalty_margin_mult"": 0.75}",,,
2026-06-23T09:39:43.607691+00:00,cont-b5cfabe28e8b,SHORT,62526.08,62495.0,17.518045,5.0,15.0,6,0.75,0.75,0.0,0.0,-0.0,-0.0,PROFIT_LOCK_LADDER,100,0.17,72,44.0,True,SIM_LIMIT,AI_DIRECT_LIMIT,,,,,0,BEAR,SR,70+,SPAWN,-1,-1,LEAN_BEAR,BEAR_ALIGNED,66.77,-2,2,8,0.00866,bitfinex,tBTCF0:USTF0,v10.3-dashboard-ultimate-gate-2026-06-23,BITFINEX_ZERO,v10.3-dashboard-ultimate-gate-2026-06-23,CONTINUOUS,Continuous AI Research,APPROVE,62498.0,0.051202,0.008291,NEAR_SUPPORT,-0.00552,0.288097,82.1,17.518045,-9.903068,12.327656,419.007,419.007,419.007,5-15m,AI_DIRECT,AI_DIRECT_CHASE,7,,28.08,0.0,0.0,0.0,False,0.0,0.0,-0.004275,-1.4e-05,0.004982,0.006844,-14.451667,0.0,0.218918,62470.0,62633.125141,63027.563362,64036.287594,-0.006258,NEAR_SUPPORT,SHORT_PREFERRED,0.051202,0.008291,BEAR,3.0,44.0,0.0,100,4.2,True,True,APPROVE,72,"```json
{
  ""direction"": ""SHORT"",
  ""confidence"": 72,
  ""long_score"": 18,
  ""short_score"": 82,
  ""preferred_direction"": ""SHORT"",
  ""entry_zone_low"": 62550,
  ""entry_zone_high"": 62700,
  ""limit_price"": 62625,
  ""expected_mfe"": 450,
  ""expected_mae"": 180,
  ""reversal_probability"": 33,
  ""exit_style"": ""AGGRESSIVE"",
  ""reasons_for_trade"": [
    ""BEAR_ALIGNED multi-timeframe agreement (15m, 1h, 4h all bearish)"",
    ""Bearish structure bias with LH-LL sequence active and structure_score -1"",
    ""Bear EMA stack (price below all EMAs, EMA9 below EMA21 below EMA200)"",
    ""ADX at 66.77 indicating strong trending conditions favoring continuation"",
    ""Trend health state BEAR with bear_score 8 vs bull_score 3"",
    ""Market structure shift labeled BEAR_CONTINUATION"",
    ""Negative velocity and delta confirming bearish momentum"",
    ""Funding positive (longs pay shorts) favoring short positioning"",
    ""Price near support (0.83% away) but no reversal confirmation - continuation more likely""
  ],
  ""reasons_against_trade"": [
    ""Price is very close to micro support at 61960, bounce risk elevated"",
    ""Reversal risk score at 33 (moderate) suggests some squeeze potential"",
    ""Volume ratio extremely low (0.0014) - low participation could mean false break or trap"",
    ""Candle shows small body with wick - indecision near support level"",
    ""Entry near support historically reduces short expectancy without strong continuation catalyst""
  ],
  ""bull_score"": 2,
  ""bear_score"": 8
}
```",62526.08,62495.0,MAKER,TAKER,0.024001,28.08,419.007,0.75,0.75,0.0,0.0,-0.0,-0.0,5.0,1051.082762,PROFIT_LOCK_LADDER,-14.451667,0.006844,-1.4e-05,0.218918,False,True,"{'price': 62470.0, 'ret_1m': 4.8025357388701236e-05, 'ret_5m': -0.0001440484002624882, 'ema9': 62633.12514092876, 'ema21': 63027.56336174352, 'ema200': 64036.287593660185, 'dist_to_support': 0.008290918403277954, 'dist_to_resistance': 0.051202023112135474, 'volume': 0.004982047, 'volume_ratio': 0.0068438120342371005, 'delta': -14.451667396999804, 'velocity': -1.4382930292880155e-05, 'imbalance': 0.2189181700922019, 'candle_range': 82.1, 'body_ratio': 0.6132248080973692, 'wick_ratio': 0.2867751919026306}",4.2,"{'early_fail_enabled': True, 'invert_signal': False, 'ai_enabled': True, 'edge_threshold': 3.0, 'edge_threshold_max': None, 'edge_range_preset': 'min_only', 'ai_threshold': 44.0, 'leverage': 100, 'pullback_threshold': 0.001}","{'ema9': 62633.12514092876, 'ema21': 63027.56336174352, 'ema200': 64036.287593660185, 'ema_spread': -0.006258, 'ema9_slope_pct': -0.296, 'ema21_slope_pct': -0.3101, 'ema9_above_ema21': False, 'ema21_above_ema200': False}",MOMENTUM_SHORT,4.2,4.2,False,True,INV_False_EF_True,SHORT,12,8,SCENARIO_C_EARLY_12_v2_frozen,40.0,10.0,-12.0,2.0,8.0,300,1,2,-32.0,False,False,True,False,480,3,5.0,False,5,0.75,"[[12, 8], [15, 10], [25, 18], [40, 28], [60, 45], [80, 60], [100, 75], [150, 120]]","{""trail_ladder"": [[12, 8], [15, 10], [25, 18], [40, 28], [60, 45], [80, 60], [100, 75], [150, 120]], ""ladder_first_trigger_pct"": 12, ""ladder_first_lock_pct"": 8, ""exit_profile_id"": ""SCENARIO_C_EARLY_12_v2_frozen"", ""peak_never_loser_min_peak"": 40.0, ""peak_never_loser_floor"": 10.0, ""thesis_fast_exit_unreal_pct"": -12.0, ""thesis_mfe_protect_pct"": 2.0, ""thesis_exit_if_above_unreal_pct"": 8.0, ""thesis_min_age_sec"": 300, ""thesis_score_flip_margin"": 1, ""thesis_early_decay_delta"": 2, ""early_fail_pct_threshold"": -32.0, ""type_a_first_candle_enabled"": false, ""type_a_early_fail_enabled"": false, ""scenario_c_exit_profile"": true, ""type_a_stall_enabled"": false, ""type_a_stall_min_age_sec"": 480, ""type_a_stall_min_candles"": 3, ""type_a_stall_max_mfe_pct"": 5.0, ""trend_weakening_enabled"": false, ""spread_penalty_threshold"": 5, ""spread_penalty_margin_mult"": 0.75}",,,
2026-06-23T09:39:43.696703+00:00,c65c-d53a7d509177,SHORT,62527.67,62495.0,17.471027,5.25,15.0,6,0.79,0.78,0.0,0.0,-0.0,-0.0,PROFIT_LOCK_LADDER,100,0.17,72,44.0,True,SIM_LIMIT,AI_DIRECT_LIMIT,,,,,0,BEAR,SR,70+,SPAWN,-1,-1,LEAN_BEAR,BEAR_ALIGNED,66.77,-2,2,8,0.00866,bitfinex,tBTCF0:USTF0,v10.3-dashboard-ultimate-gate-2026-06-23,BITFINEX_ZERO,v10.3-dashboard-ultimate-gate-2026-06-23,COMBO_65_SP5_CHASE_3PLUS,AI65+ · Spread5+ · Chase 3+,APPROVE,62498.0,0.051202,0.008291,NEAR_SUPPORT,-0.00552,0.480231,82.1,17.471028,-9.648528,12.58163,419.222,419.222,419.222,5-15m,AI_DIRECT,AI_DIRECT_CHASE,7,,29.67,0.0,0.0,0.0,False,0.0,0.0,-0.004264,3e-05,0.006199,0.419143,-14.457198,0.0,0.218981,62476.0,62633.125141,63027.563362,64036.287594,-0.006258,NEAR_SUPPORT,SHORT_PREFERRED,0.051202,0.008291,BEAR,3.0,44.0,0.0,100,4.2,True,True,APPROVE,72,"```json
{
  ""direction"": ""SHORT"",
  ""confidence"": 72,
  ""long_score"": 18,
  ""short_score"": 82,
  ""preferred_direction"": ""SHORT"",
  ""entry_zone_low"": 62550,
  ""entry_zone_high"": 62700,
  ""limit_price"": 62625,
  ""expected_mfe"": 450,
  ""expected_mae"": 180,
  ""reversal_probability"": 33,
  ""exit_style"": ""AGGRESSIVE"",
  ""reasons_for_trade"": [
    ""BEAR_ALIGNED multi-timeframe agreement (15m, 1h, 4h all bearish)"",
    ""Bearish structure bias with LH-LL sequence active and structure_score -1"",
    ""Bear EMA stack (price below all EMAs, EMA9 below EMA21 below EMA200)"",
    ""ADX at 66.77 indicating strong trending conditions favoring continuation"",
    ""Trend health state BEAR with bear_score 8 vs bull_score 3"",
    ""Market structure shift labeled BEAR_CONTINUATION"",
    ""Negative velocity and delta confirming bearish momentum"",
    ""Funding positive (longs pay shorts) favoring short positioning"",
    ""Price near support (0.83% away) but no reversal confirmation - continuation more likely""
  ],
  ""reasons_against_trade"": [
    ""Price is very close to micro support at 61960, bounce risk elevated"",
    ""Reversal risk score at 33 (moderate) suggests some squeeze potential"",
    ""Volume ratio extremely low (0.0014) - low participation could mean false break or trap"",
    ""Candle shows small body with wick - indecision near support level"",
    ""Entry near support historically reduces short expectancy without strong continuation catalyst""
  ],
  ""bull_score"": 2,
  ""bear_score"": 8
}
```",62527.67,62495.0,MAKER,TAKER,0.024001,29.67,419.222,0.79,0.78,0.0,0.0,-0.0,-0.0,5.25,1048.261707,PROFIT_LOCK_LADDER,-14.457198,0.419143,3e-05,0.218981,False,True,"{'price': 62476.0, 'ret_1m': 9.604610212902194e-05, 'ret_5m': -4.80161334208294e-05, 'ema9': 62633.12514092876, 'ema21': 63027.56336174352, 'ema200': 64036.287593660185, 'dist_to_support': 0.008290918403277954, 'dist_to_resistance': 0.051202023112135474, 'volume': 0.006198545000000001, 'volume_ratio': 0.4191432947548094, 'delta': -14.457197957999801, 'velocity': 3.0433511095296935e-05, 'imbalance': 0.21898141817222228, 'candle_range': 82.1, 'body_ratio': 0.6132248080973692, 'wick_ratio': 0.2867751919026306}",4.2,"{'early_fail_enabled': True, 'invert_signal': False, 'ai_enabled': True, 'edge_threshold': 3.0, 'edge_threshold_max': None, 'edge_range_preset': 'min_only', 'ai_threshold': 44.0, 'leverage': 100, 'pullback_threshold': 0.001}","{'ema9': 62633.12514092876, 'ema21': 63027.56336174352, 'ema200': 64036.287593660185, 'ema_spread': -0.006258, 'ema9_slope_pct': -0.296, 'ema21_slope_pct': -0.3101, 'ema9_above_ema21': False, 'ema21_above_ema200': False}",WEAK_SETUP,4.2,4.2,False,True,INV_False_EF_True,SHORT,12,8,SCENARIO_C_EARLY_12_v2_frozen,40.0,10.0,-12.0,2.0,8.0,300,1,2,-32.0,False,False,True,False,480,3,5.0,False,5,0.75,"[[12, 8], [15, 10], [25, 18], [40, 28], [60, 45], [80, 60], [100, 75], [150, 120]]","{""trail_ladder"": [[12, 8], [15, 10], [25, 18], [40, 28], [60, 45], [80, 60], [100, 75], [150, 120]], ""ladder_first_trigger_pct"": 12, ""ladder_first_lock_pct"": 8, ""exit_profile_id"": ""SCENARIO_C_EARLY_12_v2_frozen"", ""peak_never_loser_min_peak"": 40.0, ""peak_never_loser_floor"": 10.0, ""thesis_fast_exit_unreal_pct"": -12.0, ""thesis_mfe_protect_pct"": 2.0, ""thesis_exit_if_above_unreal_pct"": 8.0, ""thesis_min_age_sec"": 300, ""thesis_score_flip_margin"": 1, ""thesis_early_decay_delta"": 2, ""early_fail_pct_threshold"": -32.0, ""type_a_first_candle_enabled"": false, ""type_a_early_fail_enabled"": false, ""scenario_c_exit_profile"": true, ""type_a_stall_enabled"": false, ""type_a_stall_min_age_sec"": 480, ""type_a_stall_min_candles"": 3, ""type_a_stall_max_mfe_pct"": 5.0, ""trend_weakening_enabled"": false, ""spread_penalty_threshold"": 5, ""spread_penalty_margin_mult"": 0.75}",,,
2026-06-23T10:02:01.209201+00:00,cont-9130dcdf52fb,SHORT,62398.0,62474.0,10.274862,-12.16,15.0,6,-1.82,-1.83,0.0,0.0,-0.0,-0.0,THESIS_FAST_CUT,100,0.41,72,44.0,True,SIM_LIMIT,AI_DIRECT_LIMIT,,,,,0,BEAR,SR,70+,SPAWN,-1,-1,LEAN_BEAR,BEAR_ALIGNED,67.65,-2,2,8,0.01077,bitfinex,tBTCF0:USTF0,v10.3-dashboard-ultimate-gate-2026-06-23,BITFINEX_ZERO,v10.3-dashboard-ultimate-gate-2026-06-23,CONTINUOUS,Continuous AI Research,APPROVE,62433.0,0.050613,0.008846,NEAR_SUPPORT,-0.005159,0.543739,64.9,10.274863,-12.179878,0.320523,785.673,785.673,785.673,5-15m,AI_DIRECT,AI_DIRECT_CHASE,8,,35.0,0.0,0.048,0.048,False,0.0,0.0,-0.003303,-6e-06,0.011655,6.278554,-9.858904,0.0,0.135449,62513.0,62595.11209,62940.986249,64007.925933,-0.005495,NEAR_SUPPORT,SHORT_PREFERRED,0.050613,0.008846,BEAR,3.0,44.0,0.0,100,4.0,True,True,APPROVE,72,"```json
{
  ""direction"": ""SHORT"",
  ""confidence"": 72,
  ""long_score"": 18,
  ""short_score"": 82,
  ""preferred_direction"": ""SHORT"",
  ""entry_zone_low"": 62450,
  ""entry_zone_high"": 62650,
  ""limit_price"": 62550,
  ""expected_mfe"": 350,
  ""expected_mae"": 150,
  ""reversal_probability"": 15,
  ""exit_style"": ""AGGRESSIVE"",
  ""reasons_for_trade"": [
    ""Multi-timeframe agreement is BEAR_ALIGNED across 15m, 1h, 4h"",
    ""Market structure bias is LEAN_BEAR with active LH-LL sequence and structure_score -1"",
    ""EMA stack is bearish (price below all EMAs, EMA9 below EMA21, EMA21 below EMA200)"",
    ""ADX at 67.65 indicates strong trending market favoring continuation"",
    ""Trend health state is BEAR with bear_score 8 vs bull_score 3"",
    ""Orderflow shows negative delta (-9.86) and bearish velocity (-6.39e-06)"",
    ""Price is near support (0.87% away) but no reversal confirmation - continuation expected"",
    ""Funding rate positive (0.00855% per 8h) favors shorts, longs paying""
  ],
  ""reasons_against_trade"": [
    ""Price is very close to recent low support (61960) - bounce risk increases near support"",
    ""Volume ratio is elevated (6.28) which could indicate exhaustion selling"",
    ""Reversal risk score is 15 - non-zero chance of mean reversion"",
    ""Candle shows small body with wick - potential indecision at support zone""
  ],
  ""bull_score"": 2,
  ""bear_score"": 8
}
```

Direction: SHORT
Win probability: 72
Long score: 18
Short score: 82
Bull score: 2
Bear score: 8
Decision: APPROVE
Reason: Strong bearish alignment across all trend hierarchy layers (MTF, structure, EMA, ADX, orderflow) with no reversal confirmation. Price near support is a location context only - continuation is favored. Short entry above current price via limit at 62550 targets a retest of recent low. Elevated volume ratio and proximity to support introduce some bounce risk, but the trend strength and lack of reversal signals justify the short bias.",62398.0,62474.0,MAKER,TAKER,0.024026,35.0,785.673,-1.82,-1.83,0.0,0.0,-0.0,-0.0,-12.16,616.49185,THESIS_FAST_CUT,-9.858904,6.278554,-6e-06,0.135449,False,True,"{'price': 62513.0, 'ret_1m': 0.0, 'ret_5m': -0.0002718695026387334, 'ema9': 62595.112090194416, 'ema21': 62940.986249376074, 'ema200': 64007.92593323484, 'dist_to_support': 0.008846159998720265, 'dist_to_resistance': 0.05061347239774127, 'volume': 0.011655427, 'volume_ratio': 6.2785538325422445, 'delta': -9.85890351999981, 'velocity': -6.394267187210612e-06, 'imbalance': 0.13544895335242316, 'candle_range': 64.9, 'body_ratio': 0.6860327636149057, 'wick_ratio': 0.21396723638509432}",4.0,"{'early_fail_enabled': True, 'invert_signal': False, 'ai_enabled': True, 'edge_threshold': 3.0, 'edge_threshold_max': None, 'edge_range_preset': 'min_only', 'ai_threshold': 44.0, 'leverage': 100, 'pullback_threshold': 0.001}","{'ema9': 62595.112090194416, 'ema21': 62940.986249376074, 'ema200': 64007.92593323484, 'ema_spread': -0.005495, 'ema9_slope_pct': -0.1225, 'ema21_slope_pct': -0.2244, 'ema9_above_ema21': False, 'ema21_above_ema200': False}",MOMENTUM_SHORT,4.0,4.0,False,True,INV_False_EF_True,SHORT,12,8,SCENARIO_C_EARLY_12_v2_frozen,40.0,10.0,-12.0,2.0,8.0,300,1,2,-32.0,False,False,True,False,480,3,5.0,False,5,0.75,"[[12, 8], [15, 10], [25, 18], [40, 28], [60, 45], [80, 60], [100, 75], [150, 120]]","{""trail_ladder"": [[12, 8], [15, 10], [25, 18], [40, 28], [60, 45], [80, 60], [100, 75], [150, 120]], ""ladder_first_trigger_pct"": 12, ""ladder_first_lock_pct"": 8, ""exit_profile_id"": ""SCENARIO_C_EARLY_12_v2_frozen"", ""peak_never_loser_min_peak"": 40.0, ""peak_never_loser_floor"": 10.0, ""thesis_fast_exit_unreal_pct"": -12.0, ""thesis_mfe_protect_pct"": 2.0, ""thesis_exit_if_above_unreal_pct"": 8.0, ""thesis_min_age_sec"": 300, ""thesis_score_flip_margin"": 1, ""thesis_early_decay_delta"": 2, ""early_fail_pct_threshold"": -32.0, ""type_a_first_candle_enabled"": false, ""type_a_early_fail_enabled"": false, ""scenario_c_exit_profile"": true, ""type_a_stall_enabled"": false, ""type_a_stall_min_age_sec"": 480, ""type_a_stall_min_candles"": 3, ""type_a_stall_max_mfe_pct"": 5.0, ""trend_weakening_enabled"": false, ""spread_penalty_threshold"": 5, ""spread_penalty_margin_mult"": 0.75}",,,
2026-06-23T10:02:01.546129+00:00,c65c-0b954a6e19e8,SHORT,62398.0,62474.0,10.277895,-12.16,15.0,6,-1.82,-1.83,0.0,0.0,-0.0,-0.0,THESIS_FAST_CUT,100,0.41,72,44.0,True,SIM_LIMIT,AI_DIRECT_LIMIT,,,,,0,BEAR,SR,70+,SPAWN,-1,-1,LEAN_BEAR,BEAR_ALIGNED,67.65,-2,2,8,0.01077,bitfinex,tBTCF0:USTF0,v10.3-dashboard-ultimate-gate-2026-06-23,BITFINEX_ZERO,v10.3-dashboard-ultimate-gate-2026-06-23,COMBO_65_SP5_CHASE_3PLUS,AI65+ · Spread5+ · Chase 3+,APPROVE,62433.0,0.050613,0.008846,NEAR_SUPPORT,-0.005159,0.543739,64.9,10.277896,-12.179878,0.320523,784.778,784.778,784.778,5-15m,AI_DIRECT,AI_DIRECT_CHASE,8,,35.0,0.0,0.048,0.048,False,0.0,0.0,-0.003305,-6e-06,0.011655,6.278554,-9.858904,0.0,0.135449,62517.0,62595.11209,62940.986249,64007.925933,-0.005495,NEAR_SUPPORT,SHORT_PREFERRED,0.050613,0.008846,BEAR,3.0,44.0,0.0,100,4.0,True,True,APPROVE,72,"```json
{
  ""direction"": ""SHORT"",
  ""confidence"": 72,
  ""long_score"": 18,
  ""short_score"": 82,
  ""preferred_direction"": ""SHORT"",
  ""entry_zone_low"": 62450,
  ""entry_zone_high"": 62650,
  ""limit_price"": 62550,
  ""expected_mfe"": 350,
  ""expected_mae"": 150,
  ""reversal_probability"": 15,
  ""exit_style"": ""AGGRESSIVE"",
  ""reasons_for_trade"": [
    ""Multi-timeframe agreement is BEAR_ALIGNED across 15m, 1h, 4h"",
    ""Market structure bias is LEAN_BEAR with active LH-LL sequence and structure_score -1"",
    ""EMA stack is bearish (price below all EMAs, EMA9 below EMA21, EMA21 below EMA200)"",
    ""ADX at 67.65 indicates strong trending market favoring continuation"",
    ""Trend health state is BEAR with bear_score 8 vs bull_score 3"",
    ""Orderflow shows negative delta (-9.86) and bearish velocity (-6.39e-06)"",
    ""Price is near support (0.87% away) but no reversal confirmation - continuation expected"",
    ""Funding rate positive (0.00855% per 8h) favors shorts, longs paying""
  ],
  ""reasons_against_trade"": [
    ""Price is very close to recent low support (61960) - bounce risk increases near support"",
    ""Volume ratio is elevated (6.28) which could indicate exhaustion selling"",
    ""Reversal risk score is 15 - non-zero chance of mean reversion"",
    ""Candle shows small body with wick - potential indecision at support zone""
  ],
  ""bull_score"": 2,
  ""bear_score"": 8
}
```

Direction: SHORT
Win probability: 72
Long score: 18
Short score: 82
Bull score: 2
Bear score: 8
Decision: APPROVE
Reason: Strong bearish alignment across all trend hierarchy layers (MTF, structure, EMA, ADX, orderflow) with no reversal confirmation. Price near support is a location context only - continuation is favored. Short entry above current price via limit at 62550 targets a retest of recent low. Elevated volume ratio and proximity to support introduce some bounce risk, but the trend strength and lack of reversal signals justify the short bias.",62398.0,62474.0,MAKER,TAKER,0.024026,35.0,784.778,-1.82,-1.83,0.0,0.0,-0.0,-0.0,-12.16,616.673796,THESIS_FAST_CUT,-9.858904,6.278554,-6e-06,0.135449,False,True,"{'price': 62517.0, 'ret_1m': 0.0, 'ret_5m': -0.0002718695026387334, 'ema9': 62595.112090194416, 'ema21': 62940.986249376074, 'ema200': 64007.92593323484, 'dist_to_support': 0.008846159998720265, 'dist_to_resistance': 0.05061347239774127, 'volume': 0.011655427, 'volume_ratio': 6.2785538325422445, 'delta': -9.85890351999981, 'velocity': -6.394267187210612e-06, 'imbalance': 0.13544895335242316, 'candle_range': 64.9, 'body_ratio': 0.6860327636149057, 'wick_ratio': 0.21396723638509432}",4.0,"{'early_fail_enabled': True, 'invert_signal': False, 'ai_enabled': True, 'edge_threshold': 3.0, 'edge_threshold_max': None, 'edge_range_preset': 'min_only', 'ai_threshold': 44.0, 'leverage': 100, 'pullback_threshold': 0.001}","{'ema9': 62595.112090194416, 'ema21': 62940.986249376074, 'ema200': 64007.92593323484, 'ema_spread': -0.005495, 'ema9_slope_pct': -0.1225, 'ema21_slope_pct': -0.2244, 'ema9_above_ema21': False, 'ema21_above_ema200': False}",MOMENTUM_SHORT,4.0,4.0,False,True,INV_False_EF_True,SHORT,12,8,SCENARIO_C_EARLY_12_v2_frozen,40.0,10.0,-12.0,2.0,8.0,300,1,2,-32.0,False,False,True,False,480,3,5.0,False,5,0.75,"[[12, 8], [15, 10], [25, 18], [40, 28], [60, 45], [80, 60], [100, 75], [150, 120]]","{""trail_ladder"": [[12, 8], [15, 10], [25, 18], [40, 28], [60, 45], [80, 60], [100, 75], [150, 120]], ""ladder_first_trigger_pct"": 12, ""ladder_first_lock_pct"": 8, ""exit_profile_id"": ""SCENARIO_C_EARLY_12_v2_frozen"", ""peak_never_loser_min_peak"": 40.0, ""peak_never_loser_floor"": 10.0, ""thesis_fast_exit_unreal_pct"": -12.0, ""thesis_mfe_protect_pct"": 2.0, ""thesis_exit_if_above_unreal_pct"": 8.0, ""thesis_min_age_sec"": 300, ""thesis_score_flip_margin"": 1, ""thesis_early_decay_delta"": 2, ""early_fail_pct_threshold"": -32.0, ""type_a_first_candle_enabled"": false, ""type_a_early_fail_enabled"": false, ""scenario_c_exit_profile"": true, ""type_a_stall_enabled"": false, ""type_a_stall_min_age_sec"": 480, ""type_a_stall_min_candles"": 3, ""type_a_stall_max_mfe_pct"": 5.0, ""trend_weakening_enabled"": false, ""spread_penalty_threshold"": 5, ""spread_penalty_margin_mult"": 0.75}",,,
2026-06-23T10:11:00.303073+00:00,cont-b99f38a4ef9c,SHORT,62564.98,62495.0,0.295063,11.19,15.0,6,1.68,1.68,0.0,0.0,-0.0,-0.0,PROFIT_LOCK_LADDER,100,0.37,72,44.0,True,SIM_LIMIT,AI_DIRECT_LIMIT,,,,,0,BEAR,SR,70+,SPAWN,-1,-1,LEAN_BEAR,BEAR_ALIGNED,67.62,-2,2,8,0.01172,bitfinex,tBTCF0:USTF0,v10.3-dashboard-ultimate-gate-2026-06-23,BITFINEX_ZERO,v10.3-dashboard-ultimate-gate-2026-06-23,CONTINUOUS,Continuous AI Research,APPROVE,62568.0,0.04907,0.010303,NEAR_SUPPORT,-0.005072,0.894926,57.1,0.295064,0.0,12.783509,372.175,372.175,372.175,5-15m,AI_DIRECT,AI_DIRECT_CHASE,7,,3.02,0.0,0.0,0.0,False,0.0,0.0,-0.000108,8e-06,0.035487,0.061257,-12.748358,0.0,0.163723,62603.0,62549.823738,62856.566397,63979.244416,-0.00488,NEAR_SUPPORT,SHORT_PREFERRED,0.04907,0.010303,BEAR,3.0,44.0,0.0,100,3.1,True,True,APPROVE,72,"```json
{
  ""direction"": ""SHORT"",
  ""confidence"": 72,
  ""long_score"": 18,
  ""short_score"": 82,
  ""preferred_direction"": ""SHORT"",
  ""entry_zone_low"": 62650,
  ""entry_zone_high"": 62750,
  ""limit_price"": 62700,
  ""expected_mfe"": 350,
  ""expected_mae"": 120,
  ""reversal_probability"": 38,
  ""exit_style"": ""AGGRESSIVE"",
  ""reasons_for_trade"": [
    ""MTF agreement is BEAR_ALIGNED (15m ranging, 1h/4h bearish)"",
    ""Market structure bias is LEAN_BEAR with active LH/LL sequence"",
    ""EMA stack is bearish (price below ema21 and ema200, ema9 below ema21)"",
    ""ADX at 67.62 indicates strong trending conditions favoring continuation"",
    ""Trend health state is BEAR with bear_score 8 vs bull_score 3"",
    ""Orderflow shows negative delta (-12.75) and low volume ratio (0.06) supporting bearish momentum"",
    ""Liquidity sweep low detected, suggesting bearish continuation"",
    ""Regime is BEAR with compression phase likely to resolve downward"",
    ""Edge score (3.1) above threshold (3.0) supports trade execution""
  ],
  ""reasons_against_trade"": [
    ""Price is near micro support (61960) and macro support (1.02% away), increasing bounce risk"",
    ""Reversal probability at 38% suggests some risk of mean reversion"",
    ""Low volume ratio (0.06) may indicate lack of conviction in current move"",
    ""Candle range is narrow (57.1) suggesting compression that could break either direction""
  ],
  ""bull_score"": 2,
  ""bear_score"": 8
}
```

Direction: SHORT
Win probability: 72%
Long score: 18
Short score: 82
Bull score: 2
Bear score: 8
Decision: APPROVE
Reason: Strong bearish alignment across all trend hierarchy layers (MTF, structure, EMA, ADX) with orderflow supporting continuation. Price near support is a location context only and does not override the dominant bearish trend. The low volume ratio and proximity to support introduce some bounce risk, but the trend strength and structure bias favor a short continuation trade. Entry is set above current price (pullback) to align with bearish momentum.",62564.98,62495.0,MAKER,TAKER,0.023974,3.02,372.175,1.68,1.68,0.0,0.0,-0.0,-0.0,11.19,17.703886,PROFIT_LOCK_LADDER,-12.748358,0.061257,8e-06,0.163723,False,True,"{'price': 62603.0, 'ret_1m': -3.1946330165322256e-05, 'ret_5m': 0.00044746304434678384, 'ema9': 62549.82373772443, 'ema21': 62856.56639693101, 'ema200': 63979.24441646662, 'dist_to_support': 0.010302691478316429, 'dist_to_resistance': 0.04906956313393499, 'volume': 0.035486684000000004, 'volume_ratio': 0.061257026778227475, 'delta': -12.74835750399979, 'velocity': 7.98938987872619e-06, 'imbalance': 0.16372335994805776, 'candle_range': 57.1, 'body_ratio': 0.7060327636149057, 'wick_ratio': 0.1939672363850943}",3.1,"{'early_fail_enabled': True, 'invert_signal': False, 'ai_enabled': True, 'edge_threshold': 3.0, 'edge_threshold_max': None, 'edge_range_preset': 'min_only', 'ai_threshold': 44.0, 'leverage': 100, 'pullback_threshold': 0.001}","{'ema9': 62549.82373772443, 'ema21': 62856.56639693101, 'ema200': 63979.24441646662, 'ema_spread': -0.00488, 'ema9_slope_pct': -0.1091, 'ema21_slope_pct': -0.2036, 'ema9_above_ema21': False, 'ema21_above_ema200': False}",WEAK_SETUP,3.1,3.1,False,True,INV_False_EF_True,SHORT,12,8,SCENARIO_C_EARLY_12_v2_frozen,40.0,10.0,-12.0,2.0,8.0,300,1,2,-32.0,False,False,True,False,480,3,5.0,False,5,0.75,"[[12, 8], [15, 10], [25, 18], [40, 28], [60, 45], [80, 60], [100, 75], [150, 120]]","{""trail_ladder"": [[12, 8], [15, 10], [25, 18], [40, 28], [60, 45], [80, 60], [100, 75], [150, 120]], ""ladder_first_trigger_pct"": 12, ""ladder_first_lock_pct"": 8, ""exit_profile_id"": ""SCENARIO_C_EARLY_12_v2_frozen"", ""peak_never_loser_min_peak"": 40.0, ""peak_never_loser_floor"": 10.0, ""thesis_fast_exit_unreal_pct"": -12.0, ""thesis_mfe_protect_pct"": 2.0, ""thesis_exit_if_above_unreal_pct"": 8.0, ""thesis_min_age_sec"": 300, ""thesis_score_flip_margin"": 1, ""thesis_early_decay_delta"": 2, ""early_fail_pct_threshold"": -32.0, ""type_a_first_candle_enabled"": false, ""type_a_early_fail_enabled"": false, ""scenario_c_exit_profile"": true, ""type_a_stall_enabled"": false, ""type_a_stall_min_age_sec"": 480, ""type_a_stall_min_candles"": 3, ""type_a_stall_max_mfe_pct"": 5.0, ""trend_weakening_enabled"": false, ""spread_penalty_threshold"": 5, ""spread_penalty_margin_mult"": 0.75}",,,
2026-06-23T11:50:49.439585+00:00,c65c-bb83c1fee12d,SHORT,62581.97,62518.94,1.181035,10.08,15.0,6,1.51,1.51,0.0,0.0,-0.0,-0.0,PROFIT_LOCK_LADDER,100,0.34,68,44.0,True,SIM_LIMIT,AI_DIRECT_LIMIT,,,,,0,BEAR,SR,60-70,SPAWN,-1,-1,LEAN_BEAR,BEAR_ALIGNED,60.87,-2,2,8,0.02204,bitfinex,tBTCF0:USTF0,v10.3-dashboard-ultimate-gate-2026-06-23,BITFINEX_ZERO,v10.3-dashboard-ultimate-gate-2026-06-23,COMBO_65_SP5_CHASE_3PLUS,AI65+ · Spread5+ · Chase 3+,APPROVE,62591.0,0.049003,0.010366,NEAR_SUPPORT,-0.002687,1.0,115.5,1.181036,0.0,21.407124,334.946,334.946,334.946,5-15m,AI_DIRECT,AI_DIRECT_CHASE,7,,9.03,0.0,0.0465,0.0465,False,0.0,0.0,-0.000812,5e-06,0.020199,0.002269,3.340677,0.0,0.796696,62609.0,62489.630402,62675.717447,63897.668224,-0.002969,NEAR_SUPPORT,SHORT_PREFERRED,0.049003,0.010366,BEAR,3.0,44.0,0.0,100,3.9,True,True,APPROVE,68,"```json
{
  ""direction"": ""SHORT"",
  ""confidence"": 68,
  ""long_score"": 18,
  ""short_score"": 82,
  ""preferred_direction"": ""SHORT"",
  ""entry_zone_low"": 62650,
  ""entry_zone_high"": 62750,
  ""limit_price"": 62700,
  ""expected_mfe"": 350,
  ""expected_mae"": 120,
  ""reversal_probability"": 56,
  ""exit_style"": ""AGGRESSIVE"",
  ""reasons_for_trade"": [
    ""MTF agreement BEAR_ALIGNED (15m RANGING, 1h/4h BEARISH) with 2 bear vs 0 bull TFs"",
    ""EMA stack bearish (price below EMA21 and EMA200, EMA9 below EMA21, EMA21 below EMA200)"",
    ""ADX 60.87 (strong trending market, favor continuation)"",
    ""Trend health BEAR with bear_score 8 vs bull_score 3, intact bearish trend"",
    ""Market structure bias LEAN_BEAR with BEAR_CONTINUATION shift, last swing high at 62605"",
    ""Price near micro resistance (62605) with distance 0.0064%, ideal for short entry on pullback"",
    ""Funding positive (0.02137% per 8h) favoring shorts, longs pay shorts"",
    ""Edge score 3.9 above threshold 3.0, supporting trade quality""
  ],
  ""reasons_against_trade"": [
    ""Price near support (dist_to_support 1.04%) - bounce risk, though SR is context only"",
    ""Reversal risk score 56 (moderate) with higher_low detected, suggesting potential micro reversal"",
    ""Volume ratio very low (0.0023) - low participation may reduce conviction"",
    ""Candle range narrow (115.5) with compression regime - could be pre-breakout uncertainty"",
    ""Short entry near support historically shows reduced expectancy without strong continuation""
  ],
  ""bull_score"": 2,
  ""bear_score"": 8
}
```",62581.97,62518.94,MAKER,TAKER,0.023965,9.03,334.946,1.51,1.51,0.0,0.0,-0.0,-0.0,10.08,70.862258,PROFIT_LOCK_LADDER,3.340677,0.002269,5e-06,0.796696,False,True,"{'price': 62609.0, 'ret_1m': -0.00012776083172301453, 'ret_5m': -0.0010211733920508033, 'ema9': 62489.630401902046, 'ema21': 62675.71744690422, 'ema200': 63897.66822371999, 'dist_to_support': 0.010365921832324427, 'dist_to_resistance': 0.0490025395709882, 'volume': 0.020199086999999998, 'volume_ratio': 0.00226887667454629, 'delta': 3.3406773520000015, 'velocity': 4.8012116471780195e-06, 'imbalance': 0.7966960755590023, 'candle_range': 115.5, 'body_ratio': 0.6475378134619773, 'wick_ratio': 0.35246218653802275}",3.9,"{'early_fail_enabled': True, 'invert_signal': False, 'ai_enabled': True, 'edge_threshold': 3.0, 'edge_threshold_max': None, 'edge_range_preset': 'min_only', 'ai_threshold': 44.0, 'leverage': 100, 'pullback_threshold': 0.001}","{'ema9': 62489.630401902046, 'ema21': 62675.71744690422, 'ema200': 63897.66822371999, 'ema_spread': -0.002969, 'ema9_slope_pct': 0.0822, 'ema21_slope_pct': -0.0739, 'ema9_above_ema21': False, 'ema21_above_ema200': False}",MOMENTUM_LONG,3.9,3.9,False,True,INV_False_EF_True,SHORT,12,8,SCENARIO_C_EARLY_12_v2_frozen,40.0,10.0,-12.0,2.0,8.0,300,1,2,-32.0,False,False,True,False,480,3,5.0,False,5,0.75,"[[12, 8], [15, 10], [25, 18], [40, 28], [60, 45], [80, 60], [100, 75], [150, 120]]","{""trail_ladder"": [[12, 8], [15, 10], [25, 18], [40, 28], [60, 45], [80, 60], [100, 75], [150, 120]], ""ladder_first_trigger_pct"": 12, ""ladder_first_lock_pct"": 8, ""exit_profile_id"": ""SCENARIO_C_EARLY_12_v2_frozen"", ""peak_never_loser_min_peak"": 40.0, ""peak_never_loser_floor"": 10.0, ""thesis_fast_exit_unreal_pct"": -12.0, ""thesis_mfe_protect_pct"": 2.0, ""thesis_exit_if_above_unreal_pct"": 8.0, ""thesis_min_age_sec"": 300, ""thesis_score_flip_margin"": 1, ""thesis_early_decay_delta"": 2, ""early_fail_pct_threshold"": -32.0, ""type_a_first_candle_enabled"": false, ""type_a_early_fail_enabled"": false, ""scenario_c_exit_profile"": true, ""type_a_stall_enabled"": false, ""type_a_stall_min_age_sec"": 480, ""type_a_stall_min_candles"": 3, ""type_a_stall_max_mfe_pct"": 5.0, ""trend_weakening_enabled"": false, ""spread_penalty_threshold"": 5, ""spread_penalty_margin_mult"": 0.75}",,,
2026-06-23T11:54:14.822130+00:00,cont-72aa4d3db7d7,SHORT,62658.92,62556.0,7.265206,16.46,20.0,5,3.29,3.29,0.0,0.0,-0.01,-0.01,PROFIT_LOCK_LADDER,100,0.55,62,44.0,True,SIM_LIMIT,AI_DIRECT_LIMIT,,,,,0,BEAR,SR,60-70,SPAWN,-1,-1,LEAN_BEAR,BEAR_ALIGNED,60.87,-2,3,8,0.02249,bitfinex,tBTCF0:USTF0,v10.3-dashboard-ultimate-gate-2026-06-23,BITFINEX_ZERO,v10.3-dashboard-ultimate-gate-2026-06-23,CONTINUOUS,Continuous AI Research,APPROVE,62664.0,0.048082,0.011235,NEAR_SUPPORT,-0.00268,0.01279,115.5,7.265207,0.0,33.661608,364.155,364.155,364.155,5-15m,AI_DIRECT,AI_DIRECT_CHASE,8,,5.08,0.0,0.0,0.0,False,0.0,0.0,-0.006675,2e-06,0.020962,0.488052,3.390348,0.0,0.868617,62664.0,62500.630402,62680.717447,63898.215487,-0.002873,NEAR_SUPPORT,SHORT_PREFERRED,0.048082,0.011235,BEAR,3.0,44.0,0.0,100,2.9,True,True,APPROVE,62,"```json
{
  ""direction"": ""SHORT"",
  ""confidence"": 62,
  ""long_score"": 25,
  ""short_score"": 75,
  ""preferred_direction"": ""SHORT"",
  ""entry_zone_low"": 62750,
  ""entry_zone_high"": 62900,
  ""limit_price"": 62825,
  ""expected_mfe"": 180,
  ""expected_mae"": 120,
  ""reversal_probability"": 56,
  ""exit_style"": ""AGGRESSIVE"",
  ""reasons_for_trade"": [
    ""BEAR_ALIGNED multi-timeframe agreement (15m ranging, 1h/4h bearish)"",
    ""Bearish EMA stack (price below EMA21, EMA21 below EMA200, stack_bear=true)"",
    ""ADX 60.87 indicates strong trending conditions favoring continuation"",
    ""Trend health BEAR with bear_score 8 vs bull_score 3"",
    ""Market structure bias LEAN_BEAR with BEAR_CONTINUATION shift"",
    ""Price near micro resistance (62605) with liquidity sweep high suggesting potential rejection"",
    ""Funding positive (0.021%) favoring shorts, longs paying""
  ],
  ""reasons_against_trade"": [
    ""Price is near support (1.12% to support, 4.8% to resistance) - bounce risk elevated"",
    ""Reversal risk score 56 indicates moderate reversal probability"",
    ""Higher low detected on micro structure could indicate weakening bear momentum"",
    ""Edge score 2.9 just below threshold 3.0"",
    ""Volume ratio below average (0.49) suggests lack of aggressive selling""
  ],
  ""bull_score"": 3,
  ""bear_score"": 8
}
```",62658.92,62556.0,MAKER,TAKER,0.031916,5.08,364.155,3.29,3.29,0.0,0.0,-0.01,-0.01,16.46,435.912477,PROFIT_LOCK_LADDER,3.390348,0.488052,2e-06,0.868617,False,True,"{'price': 62664.0, 'ret_1m': 0.0, 'ret_5m': 0.0, 'ema9': 62500.630401902046, 'ema21': 62680.71744690422, 'ema200': 63898.21548740159, 'dist_to_support': 0.011234520617898635, 'dist_to_resistance': 0.04808183326950083, 'volume': 0.020962346, 'volume_ratio': 0.48805187640819503, 'delta': 3.3903476160000023, 'velocity': 1.598740945119389e-06, 'imbalance': 0.8686174071533632, 'candle_range': 115.5, 'body_ratio': 0.6475378134619773, 'wick_ratio': 0.35246218653802275}",2.9,"{'early_fail_enabled': True, 'invert_signal': False, 'ai_enabled': True, 'edge_threshold': 3.0, 'edge_threshold_max': None, 'edge_range_preset': 'min_only', 'ai_threshold': 44.0, 'leverage': 100, 'pullback_threshold': 0.001}","{'ema9': 62500.630401902046, 'ema21': 62680.71744690422, 'ema200': 63898.21548740159, 'ema_spread': -0.002873, 'ema9_slope_pct': 0.0998, 'ema21_slope_pct': -0.0659, 'ema9_above_ema21': False, 'ema21_above_ema200': False}",MOMENTUM_LONG,2.9,2.9,False,True,INV_False_EF_True,SHORT,12,8,SCENARIO_C_EARLY_12_v2_frozen,40.0,10.0,-12.0,2.0,8.0,300,1,2,-32.0,False,False,True,False,480,3,5.0,False,5,0.75,"[[12, 8], [15, 10], [25, 18], [40, 28], [60, 45], [80, 60], [100, 75], [150, 120]]","{""trail_ladder"": [[12, 8], [15, 10], [25, 18], [40, 28], [60, 45], [80, 60], [100, 75], [150, 120]], ""ladder_first_trigger_pct"": 12, ""ladder_first_lock_pct"": 8, ""exit_profile_id"": ""SCENARIO_C_EARLY_12_v2_frozen"", ""peak_never_loser_min_peak"": 40.0, ""peak_never_loser_floor"": 10.0, ""thesis_fast_exit_unreal_pct"": -12.0, ""thesis_mfe_protect_pct"": 2.0, ""thesis_exit_if_above_unreal_pct"": 8.0, ""thesis_min_age_sec"": 300, ""thesis_score_flip_margin"": 1, ""thesis_early_decay_delta"": 2, ""early_fail_pct_threshold"": -32.0, ""type_a_first_candle_enabled"": false, ""type_a_early_fail_enabled"": false, ""scenario_c_exit_profile"": true, ""type_a_stall_enabled"": false, ""type_a_stall_min_age_sec"": 480, ""type_a_stall_min_candles"": 3, ""type_a_stall_max_mfe_pct"": 5.0, ""trend_weakening_enabled"": false, ""spread_penalty_threshold"": 5, ""spread_penalty_margin_mult"": 0.75}",,,
2026-06-23T12:13:22.200791+00:00,cont-14d2b85f434d,SHORT,62528.77,62467.84,4.620625,9.77,20.0,5,1.95,1.95,0.0,0.0,-0.0,-0.0,PROFIT_LOCK_LADDER,100,0.32,62,44.0,True,SIM_LIMIT,AI_DIRECT_LIMIT,,,,,0,BEAR,SR,60-70,SPAWN,-1,-1,LEAN_BEAR,BEAR_ALIGNED,58.99,-2,3,8,0.02474,bitfinex,tBTCF0:USTF0,v10.3-dashboard-ultimate-gate-2026-06-23,BITFINEX_ZERO,v10.3-dashboard-ultimate-gate-2026-06-23,CONTINUOUS,Continuous AI Research,APPROVE,62500.0,0.049975,0.009448,NEAR_SUPPORT,-0.002485,1.0,98.6,4.620625,-1.156268,15.955855,535.065,535.065,535.065,5-15m,AI_DIRECT,AI_DIRECT_CHASE,7,,28.77,0.0,0.2507,0.2507,False,0.0,0.0,-0.004707,-3.4e-05,0.005013,0.003828,2.913964,0.0,0.416286,62551.0,62505.304322,62665.924952,63886.037389,-0.002563,NEAR_SUPPORT,SHORT_PREFERRED,0.049975,0.009448,BEAR,3.0,44.0,0.0,100,3.9,True,True,APPROVE,62,"```json
{
  ""direction"": ""SHORT"",
  ""confidence"": 62,
  ""long_score"": 25,
  ""short_score"": 75,
  ""preferred_direction"": ""SHORT"",
  ""entry_zone_low"": 62580,
  ""entry_zone_high"": 62650,
  ""limit_price"": 62615,
  ""expected_mfe"": 0.0045,
  ""expected_mae"": 0.0032,
  ""reversal_probability"": 51,
  ""exit_style"": ""AGGRESSIVE"",
  ""reasons_for_trade"": [
    ""MTF agreement is BEAR_ALIGNED (15m ranging, 1h/4h bearish) with 2 bear TFs vs 0 bull"",
    ""EMA stack is bearish (price below EMA21 and EMA200, EMA9 below EMA21, stack_bear=true)"",
    ""ADX at 58.99 indicates strong trending market favoring continuation"",
    ""Trend health state is BEAR with bear_score=8 vs bull_score=3, intact bearish trend"",
    ""Market structure bias is LEAN_BEAR with structure_score=-1 and BEAR_CONTINUATION shift"",
    ""Price is near micro resistance (62605) with distance_to_micro_resistance=0.0863%, offering short entry at resistance"",
    ""Liquidity sweep high detected (liquidity_sweep_high=true) suggests potential rejection from highs"",
    ""Edge_score=3.9 above threshold of 3.0, supporting trade viability""
  ],
  ""reasons_against_trade"": [
    ""Price is near support (dist_to_support=0.97%) which could provide bounce risk for shorts"",
    ""Reversal probability is 51 (moderate) with higher_low_detected=true indicating some bullish micro structure"",
    ""Delta is positive (2.91) suggesting buying pressure, conflicting with bearish direction"",
    ""Volume ratio is very low (0.0038) indicating low participation, may reduce conviction"",
    ""Current regime is COMPRESSION (duration 378s) which could precede either breakout direction""
  ],
  ""bull_score"": 3,
  ""bear_score"": 8
}
```",62528.77,62467.84,MAKER,TAKER,0.032,28.77,535.065,1.95,1.95,0.0,0.0,-0.0,-0.0,9.77,277.237577,PROFIT_LOCK_LADDER,2.913964,0.003828,-3.4e-05,0.416286,False,True,"{'price': 62551.0, 'ret_1m': -0.00027170438562843625, 'ret_5m': 6.395190816505988e-05, 'ema9': 62505.30432152164, 'ema21': 62665.92495173519, 'ema200': 63886.03738944847, 'dist_to_support': 0.009448290195200717, 'dist_to_resistance': 0.04997522022030024, 'volume': 0.005013226, 'volume_ratio': 0.0038275478768930765, 'delta': 2.913964209000002, 'velocity': -3.3562512292107025e-05, 'imbalance': 0.4162859985951717, 'candle_range': 98.6, 'body_ratio': 0.5593721329886046, 'wick_ratio': 0.34062786701139547}",3.9,"{'early_fail_enabled': True, 'invert_signal': False, 'ai_enabled': True, 'edge_threshold': 3.0, 'edge_threshold_max': None, 'edge_range_preset': 'min_only', 'ai_threshold': 44.0, 'leverage': 100, 'pullback_threshold': 0.001}","{'ema9': 62505.30432152164, 'ema21': 62665.92495173519, 'ema200': 63886.03738944847, 'ema_spread': -0.002563, 'ema9_slope_pct': 0.1138, 'ema21_slope_pct': -0.0455, 'ema9_above_ema21': False, 'ema21_above_ema200': False}",WEAK_SETUP,3.9,3.9,False,True,INV_False_EF_True,SHORT,12,8,SCENARIO_C_EARLY_12_v2_frozen,40.0,10.0,-12.0,2.0,8.0,300,1,2,-32.0,False,False,True,False,480,3,5.0,False,5,0.75,"[[12, 8], [15, 10], [25, 18], [40, 28], [60, 45], [80, 60], [100, 75], [150, 120]]","{""trail_ladder"": [[12, 8], [15, 10], [25, 18], [40, 28], [60, 45], [80, 60], [100, 75], [150, 120]], ""ladder_first_trigger_pct"": 12, ""ladder_first_lock_pct"": 8, ""exit_profile_id"": ""SCENARIO_C_EARLY_12_v2_frozen"", ""peak_never_loser_min_peak"": 40.0, ""peak_never_loser_floor"": 10.0, ""thesis_fast_exit_unreal_pct"": -12.0, ""thesis_mfe_protect_pct"": 2.0, ""thesis_exit_if_above_unreal_pct"": 8.0, ""thesis_min_age_sec"": 300, ""thesis_score_flip_margin"": 1, ""thesis_early_decay_delta"": 2, ""early_fail_pct_threshold"": -32.0, ""type_a_first_candle_enabled"": false, ""type_a_early_fail_enabled"": false, ""scenario_c_exit_profile"": true, ""type_a_stall_enabled"": false, ""type_a_stall_min_age_sec"": 480, ""type_a_stall_min_candles"": 3, ""type_a_stall_max_mfe_pct"": 5.0, ""trend_weakening_enabled"": false, ""spread_penalty_threshold"": 5, ""spread_penalty_margin_mult"": 0.75}",,,
2026-06-23T12:26:52.439200+00:00,cont-0e6a237f6c4c,SHORT,62475.35,62413.76,4.633789,9.88,20.0,5,1.98,1.97,0.0,0.0,-0.01,-0.01,PROFIT_LOCK_LADDER,100,0.33,62,44.0,True,SIM_LIMIT,AI_DIRECT_LIMIT,,,,,0,BEAR,SR,60-70,SPAWN,-1,-1,LEAN_BEAR,BEAR_ALIGNED,55.74,-2,3,8,0.02629,bitfinex,tBTCF0:USTF0,v10.3-dashboard-ultimate-gate-2026-06-23,BITFINEX_ZERO,v10.3-dashboard-ultimate-gate-2026-06-23,CONTINUOUS,Continuous AI Research,APPROVE,62432.0,0.051522,0.007989,NEAR_SUPPORT,-0.002323,0.384399,73.7,4.63379,0.0,17.34284,398.367,398.367,398.367,5-15m,AI_DIRECT,AI_DIRECT_CHASE,7,,43.35,0.0,0.4407,0.4407,False,0.0,0.0,-0.005034,4.8e-05,0.005868,0.05238,2.667499,0.0,0.342216,62459.0,62484.378766,62627.660741,63860.582091,-0.002288,NEAR_SUPPORT,SHORT_PREFERRED,0.051522,0.007989,BEAR,3.0,44.0,0.0,100,3.5,True,True,APPROVE,62,"```json
{
  ""direction"": ""SHORT"",
  ""confidence"": 62,
  ""long_score"": 25,
  ""short_score"": 75,
  ""preferred_direction"": ""SHORT"",
  ""entry_zone_low"": 62459,
  ""entry_zone_high"": 62693,
  ""limit_price"": 62576,
  ""expected_mfe"": 0.008,
  ""expected_mae"": 0.004,
  ""reversal_probability"": 71,
  ""exit_style"": ""AGGRESSIVE"",
  ""reasons_for_trade"": [
    ""Multi-timeframe agreement is BEAR_ALIGNED (15m, 1h, 4h all bearish)"",
    ""Market structure bias is LEAN_BEAR with structure_score -1 and BEAR_CONTINUATION shift"",
    ""EMA stack is bearish (price below all EMAs, ema9 below ema21, ema21 below ema200)"",
    ""ADX is 55.74 (strong trending market, favoring continuation)"",
    ""Trend health state is BEAR with bear_score 8 vs bull_score 3"",
    ""Funding rate positive (0.025% per 8h) favors shorts as longs pay"",
    ""Liquidity sweep high detected, suggesting bearish pressure above"",
    ""Edge score 3.5 above threshold 3.0, supporting bearish edge""
  ],
  ""reasons_against_trade"": [
    ""Price is near support (0.8% above recent low), increasing bounce risk"",
    ""Reversal probability is 71 (high reversal risk score)"",
    ""Higher low detected on micro structure, hinting at potential support"",
    ""Volume ratio very low (0.052), indicating low participation"",
    ""Compression regime may precede breakout in either direction""
  ],
  ""bull_score"": 3,
  ""bear_score"": 8
}
```

**Direction:** SHORT  
**Win probability:** 62%  
**Long score:** 25  
**Short score:** 75  
**Bull score:** 3  
**Bear score:** 8  
**Decision:** APPROVE  
**Reason:** Strong bearish alignment across all trend hierarchy layers (MTF, structure, EMA, ADX, trend health) dominates the near-support location. The high reversal risk (71) is noted but does not override the clear continuation bias. Entry is set above current price (pullback to micro resistance ~62693) to avoid chasing into support. Exit style AGGRESSIVE due to proximity to support and compression regime.",62475.35,62413.76,MAKER,TAKER,0.032035,43.35,398.367,1.98,1.97,0.0,0.0,-0.01,-0.01,9.88,278.027443,PROFIT_LOCK_LADDER,2.667499,0.05238,4.8e-05,0.342216,False,True,"{'price': 62459.0, 'ret_1m': 0.0, 'ret_5m': -0.00011206096116287261, 'ema9': 62484.37876577386, 'ema21': 62627.660741485146, 'ema200': 63860.58209075122, 'dist_to_support': 0.00798924094205799, 'dist_to_resistance': 0.05152179829968459, 'volume': 0.005868092, 'volume_ratio': 0.05237953298308596, 'delta': 2.6674985510000058, 'velocity': 4.8049895799278106e-05, 'imbalance': 0.34221632348121006, 'candle_range': 73.7, 'body_ratio': 0.6218260878476226, 'wick_ratio': 0.17817391215237738}",3.5,"{'early_fail_enabled': True, 'invert_signal': False, 'ai_enabled': True, 'edge_threshold': 3.0, 'edge_threshold_max': None, 'edge_range_preset': 'min_only', 'ai_threshold': 44.0, 'leverage': 100, 'pullback_threshold': 0.001}","{'ema9': 62484.37876577386, 'ema21': 62627.660741485146, 'ema200': 63860.58209075122, 'ema_spread': -0.002288, 'ema9_slope_pct': -0.0084, 'ema21_slope_pct': -0.0767, 'ema9_above_ema21': False, 'ema21_above_ema200': False}",MOMENTUM_LONG,3.5,3.5,False,True,INV_False_EF_True,SHORT,12,8,SCENARIO_C_EARLY_12_v2_frozen,40.0,10.0,-12.0,2.0,8.0,300,1,2,-32.0,False,False,True,False,480,3,5.0,False,5,0.75,"[[12, 8], [15, 10], [25, 18], [40, 28], [60, 45], [80, 60], [100, 75], [150, 120]]","{""trail_ladder"": [[12, 8], [15, 10], [25, 18], [40, 28], [60, 45], [80, 60], [100, 75], [150, 120]], ""ladder_first_trigger_pct"": 12, ""ladder_first_lock_pct"": 8, ""exit_profile_id"": ""SCENARIO_C_EARLY_12_v2_frozen"", ""peak_never_loser_min_peak"": 40.0, ""peak_never_loser_floor"": 10.0, ""thesis_fast_exit_unreal_pct"": -12.0, ""thesis_mfe_protect_pct"": 2.0, ""thesis_exit_if_above_unreal_pct"": 8.0, ""thesis_min_age_sec"": 300, ""thesis_score_flip_margin"": 1, ""thesis_early_decay_delta"": 2, ""early_fail_pct_threshold"": -32.0, ""type_a_first_candle_enabled"": false, ""type_a_early_fail_enabled"": false, ""scenario_c_exit_profile"": true, ""type_a_stall_enabled"": false, ""type_a_stall_min_age_sec"": 480, ""type_a_stall_min_candles"": 3, ""type_a_stall_max_mfe_pct"": 5.0, ""trend_weakening_enabled"": false, ""spread_penalty_threshold"": 5, ""spread_penalty_margin_mult"": 0.75}",,,
2026-06-23T13:03:57.364338+00:00,c65c-7db65a5f2d78,SHORT,62320.77,62267.92,1.264005,8.49,15.0,6,1.27,1.27,0.0,0.0,-0.0,-0.0,PROFIT_LOCK_LADDER,100,0.28,68,44.0,True,SIM_LIMIT,AI_DIRECT_LIMIT,,,,,0,BEAR,SR,60-70,SPAWN,-1,-1,LEAN_BEAR,BEAR_ALIGNED,53.53,-2,2,8,0.03073,bitfinex,tBTCF0:USTF0,v10.3-dashboard-ultimate-gate-2026-06-23,BITFINEX_ZERO,v10.3-dashboard-ultimate-gate-2026-06-23,COMBO_65_SP5_CHASE_3PLUS,AI65+ · Spread5+ · Chase 3+,APPROVE,62295.0,0.053495,0.006127,NEAR_SUPPORT,-0.002483,1.0,145.0,1.264006,0.0,12.960366,366.011,366.011,366.011,5-15m,AI_DIRECT,AI_DIRECT_CHASE,7,,25.77,0.0,0.0944,0.0944,False,0.0,0.0,-0.00121,-5.6e-05,0.001344,0.346259,-0.18911,0.0,0.63016,62307.0,62435.09841,62578.4221,63832.857827,-0.00229,NEAR_SUPPORT,SHORT_PREFERRED,0.053495,0.006127,BEAR,3.0,44.0,0.0,100,3.3,True,True,APPROVE,68,"```json
{
  ""direction"": ""SHORT"",
  ""confidence"": 68,
  ""long_score"": 18,
  ""short_score"": 82,
  ""preferred_direction"": ""SHORT"",
  ""entry_zone_low"": 62350,
  ""entry_zone_high"": 62450,
  ""limit_price"": 62400,
  ""expected_mfe"": 0.0045,
  ""expected_mae"": 0.003,
  ""reversal_probability"": 63,
  ""exit_style"": ""AGGRESSIVE"",
  ""reasons_for_trade"": [
    ""BEAR_ALIGNED multi-timeframe agreement (15m, 1h, 4h all bearish)"",
    ""Bearish EMA stack: price below EMA9, EMA21, EMA200; EMA9 below EMA21, EMA21 below EMA200"",
    ""ADX at 53.53 indicates strong trending conditions favoring continuation"",
    ""Trend health state is BEAR with bear_score 8 vs bull_score 3"",
    ""Market structure bias LEAN_BEAR with BEAR_CONTINUATION shift"",
    ""Funding positive (0.03% per 8h) favoring shorts, longs pay"",
    ""Price near support (0.6% away) but no reversal confirmation - continuation more likely"",
    ""Edge score 3.3 above threshold 3.0 supports bearish edge""
  ],
  ""reasons_against_trade"": [
    ""Price is very close to micro support (62266) - bounce risk is elevated"",
    ""Reversal probability score of 63 suggests moderate reversal risk"",
    ""Higher low detected could indicate potential bottom formation"",
    ""Volume ratio very low (0.04) - low participation may reduce conviction"",
    ""Candle wick ratio high (58%) - selling pressure may be exhausting near support""
  ],
  ""bull_score"": 2,
  ""bear_score"": 8
}
```

**Direction:** SHORT  
**Win probability:** 68%  
**Long score:** 18  
**Short score:** 82  
**Bull score:** 2  
**Bear score:** 8  
**Decision:** APPROVE  
**Reason:** Strong bearish alignment across all trend hierarchy layers (MTF, EMA stack, ADX > 25, trend health) with no reversal confirmation. Price near support is a location context only - without structure shift or momentum reversal, continuation is favored. Short entry above current price (pullback to resistance zone) with aggressive exit given proximity to support.",62320.77,62267.92,MAKER,TAKER,0.024079,25.77,366.011,1.27,1.27,0.0,0.0,-0.0,-0.0,8.49,75.84041,PROFIT_LOCK_LADDER,-0.18911,0.346259,-5.6e-05,0.63016,False,True,"{'price': 62307.0, 'ret_1m': -0.000256727051008456, 'ret_5m': -0.0005774505557961599, 'ema9': 62435.09841009527, 'ema21': 62578.422100397904, 'ema200': 63832.857826656495, 'dist_to_support': 0.00612749029546694, 'dist_to_resistance': 0.05349523595649803, 'volume': 0.001344236, 'volume_ratio': 0.34625895624330216, 'delta': -0.18910975600000002, 'velocity': -5.615265911984306e-05, 'imbalance': 0.6301600081609575, 'candle_range': 145.0, 'body_ratio': 0.41824068495844025, 'wick_ratio': 0.5817593150415598}",3.3,"{'early_fail_enabled': True, 'invert_signal': False, 'ai_enabled': True, 'edge_threshold': 3.0, 'edge_threshold_max': None, 'edge_range_preset': 'min_only', 'ai_threshold': 44.0, 'leverage': 100, 'pullback_threshold': 0.001}","{'ema9': 62435.09841009527, 'ema21': 62578.422100397904, 'ema200': 63832.857826656495, 'ema_spread': -0.00229, 'ema9_slope_pct': -0.089, 'ema21_slope_pct': -0.1055, 'ema9_above_ema21': False, 'ema21_above_ema200': False}",MOMENTUM_SHORT,3.3,3.3,False,True,INV_False_EF_True,SHORT,12,8,SCENARIO_C_EARLY_12_v2_frozen,40.0,10.0,-12.0,2.0,8.0,300,1,2,-32.0,False,False,True,False,480,3,5.0,False,5,0.75,"[[12, 8], [15, 10], [25, 18], [40, 28], [60, 45], [80, 60], [100, 75], [150, 120]]","{""trail_ladder"": [[12, 8], [15, 10], [25, 18], [40, 28], [60, 45], [80, 60], [100, 75], [150, 120]], ""ladder_first_trigger_pct"": 12, ""ladder_first_lock_pct"": 8, ""exit_profile_id"": ""SCENARIO_C_EARLY_12_v2_frozen"", ""peak_never_loser_min_peak"": 40.0, ""peak_never_loser_floor"": 10.0, ""thesis_fast_exit_unreal_pct"": -12.0, ""thesis_mfe_protect_pct"": 2.0, ""thesis_exit_if_above_unreal_pct"": 8.0, ""thesis_min_age_sec"": 300, ""thesis_score_flip_margin"": 1, ""thesis_early_decay_delta"": 2, ""early_fail_pct_threshold"": -32.0, ""type_a_first_candle_enabled"": false, ""type_a_early_fail_enabled"": false, ""scenario_c_exit_profile"": true, ""type_a_stall_enabled"": false, ""type_a_stall_min_age_sec"": 480, ""type_a_stall_min_candles"": 3, ""type_a_stall_max_mfe_pct"": 5.0, ""trend_weakening_enabled"": false, ""spread_penalty_threshold"": 5, ""spread_penalty_margin_mult"": 0.75}",,,
2026-06-23T13:03:57.595643+00:00,cont-29963a7e7d06,SHORT,62317.19,62267.92,0.979379,7.91,15.0,6,1.19,1.19,0.0,0.0,-0.0,-0.0,PROFIT_LOCK_LADDER,100,0.26,68,44.0,True,SIM_LIMIT,AI_DIRECT_LIMIT,,,,,0,BEAR,SR,60-70,SPAWN,-1,-1,LEAN_BEAR,BEAR_ALIGNED,53.53,-2,2,8,0.03073,bitfinex,tBTCF0:USTF0,v10.3-dashboard-ultimate-gate-2026-06-23,BITFINEX_ZERO,v10.3-dashboard-ultimate-gate-2026-06-23,CONTINUOUS,Continuous AI Research,APPROVE,62295.0,0.053495,0.006127,NEAR_SUPPORT,-0.002483,1.0,145.0,0.97938,0.0,12.38663,385.642,385.642,385.642,5-15m,AI_DIRECT,AI_DIRECT_CHASE,7,,22.19,0.0,0.0944,0.0944,False,0.0,0.0,-0.000938,-5.6e-05,0.001344,0.346259,-0.18911,0.0,0.63016,62307.0,62435.09841,62578.4221,63832.857827,-0.00229,NEAR_SUPPORT,SHORT_PREFERRED,0.053495,0.006127,BEAR,3.0,44.0,0.0,100,3.3,True,True,APPROVE,68,"```json
{
  ""direction"": ""SHORT"",
  ""confidence"": 68,
  ""long_score"": 18,
  ""short_score"": 82,
  ""preferred_direction"": ""SHORT"",
  ""entry_zone_low"": 62350,
  ""entry_zone_high"": 62450,
  ""limit_price"": 62400,
  ""expected_mfe"": 0.0045,
  ""expected_mae"": 0.003,
  ""reversal_probability"": 63,
  ""exit_style"": ""AGGRESSIVE"",
  ""reasons_for_trade"": [
    ""BEAR_ALIGNED multi-timeframe agreement (15m, 1h, 4h all bearish)"",
    ""Bearish EMA stack: price below EMA9, EMA21, EMA200; EMA9 below EMA21, EMA21 below EMA200"",
    ""ADX at 53.53 indicates strong trending conditions favoring continuation"",
    ""Trend health state is BEAR with bear_score 8 vs bull_score 3"",
    ""Market structure bias LEAN_BEAR with BEAR_CONTINUATION shift"",
    ""Funding positive (0.03% per 8h) favoring shorts, longs pay"",
    ""Price near support (0.6% away) but no reversal confirmation - continuation more likely"",
    ""Edge score 3.3 above threshold 3.0 supports bearish edge""
  ],
  ""reasons_against_trade"": [
    ""Price is very close to micro support (62266) - bounce risk is elevated"",
    ""Reversal probability score of 63 suggests moderate reversal risk"",
    ""Higher low detected could indicate potential bottom formation"",
    ""Volume ratio very low (0.04) - low participation may reduce conviction"",
    ""Candle wick ratio high (58%) - selling pressure may be exhausting near support""
  ],
  ""bull_score"": 2,
  ""bear_score"": 8
}
```

**Direction:** SHORT  
**Win probability:** 68%  
**Long score:** 18  
**Short score:** 82  
**Bull score:** 2  
**Bear score:** 8  
**Decision:** APPROVE  
**Reason:** Strong bearish alignment across all trend hierarchy layers (MTF, EMA stack, ADX > 25, trend health) with no reversal confirmation. Price near support is a location context only - without structure shift or momentum reversal, continuation is favored. Short entry above current price (pullback to resistance zone) with aggressive exit given proximity to support.",62317.19,62267.92,MAKER,TAKER,0.024079,22.19,385.642,1.19,1.19,0.0,0.0,-0.0,-0.0,7.91,58.762877,PROFIT_LOCK_LADDER,-0.18911,0.346259,-5.6e-05,0.63016,False,True,"{'price': 62307.0, 'ret_1m': -0.000256727051008456, 'ret_5m': -0.0005774505557961599, 'ema9': 62435.09841009527, 'ema21': 62578.422100397904, 'ema200': 63832.857826656495, 'dist_to_support': 0.00612749029546694, 'dist_to_resistance': 0.05349523595649803, 'volume': 0.001344236, 'volume_ratio': 0.34625895624330216, 'delta': -0.18910975600000002, 'velocity': -5.615265911984306e-05, 'imbalance': 0.6301600081609575, 'candle_range': 145.0, 'body_ratio': 0.41824068495844025, 'wick_ratio': 0.5817593150415598}",3.3,"{'early_fail_enabled': True, 'invert_signal': False, 'ai_enabled': True, 'edge_threshold': 3.0, 'edge_threshold_max': None, 'edge_range_preset': 'min_only', 'ai_threshold': 44.0, 'leverage': 100, 'pullback_threshold': 0.001}","{'ema9': 62435.09841009527, 'ema21': 62578.422100397904, 'ema200': 63832.857826656495, 'ema_spread': -0.00229, 'ema9_slope_pct': -0.089, 'ema21_slope_pct': -0.1055, 'ema9_above_ema21': False, 'ema21_above_ema200': False}",MOMENTUM_SHORT,3.3,3.3,False,True,INV_False_EF_True,SHORT,12,8,SCENARIO_C_EARLY_12_v2_frozen,40.0,10.0,-12.0,2.0,8.0,300,1,2,-32.0,False,False,True,False,480,3,5.0,False,5,0.75,"[[12, 8], [15, 10], [25, 18], [40, 28], [60, 45], [80, 60], [100, 75], [150, 120]]","{""trail_ladder"": [[12, 8], [15, 10], [25, 18], [40, 28], [60, 45], [80, 60], [100, 75], [150, 120]], ""ladder_first_trigger_pct"": 12, ""ladder_first_lock_pct"": 8, ""exit_profile_id"": ""SCENARIO_C_EARLY_12_v2_frozen"", ""peak_never_loser_min_peak"": 40.0, ""peak_never_loser_floor"": 10.0, ""thesis_fast_exit_unreal_pct"": -12.0, ""thesis_mfe_protect_pct"": 2.0, ""thesis_exit_if_above_unreal_pct"": 8.0, ""thesis_min_age_sec"": 300, ""thesis_score_flip_margin"": 1, ""thesis_early_decay_delta"": 2, ""early_fail_pct_threshold"": -32.0, ""type_a_first_candle_enabled"": false, ""type_a_early_fail_enabled"": false, ""scenario_c_exit_profile"": true, ""type_a_stall_enabled"": false, ""type_a_stall_min_age_sec"": 480, ""type_a_stall_min_candles"": 3, ""type_a_stall_max_mfe_pct"": 5.0, ""trend_weakening_enabled"": false, ""spread_penalty_threshold"": 5, ""spread_penalty_margin_mult"": 0.75}",,,
2026-06-23T13:18:28.045895+00:00,cont-96af46f109dd,SHORT,62230.75,62176.0,4.96804,8.83,15.0,6,1.32,1.32,0.0,0.0,-0.01,-0.01,PROFIT_LOCK_LADDER,100,0.29,72,44.0,True,SIM_LIMIT,AI_DIRECT_LIMIT,,,,,0,BEAR,SR,70+,SPAWN,-1,-1,LEAN_BEAR,BEAR_ALIGNED,52.72,-2,2,8,0.0324,bitfinex,tBTCF0:USTF0,v10.3-dashboard-ultimate-gate-2026-06-23,BITFINEX_ZERO,v10.3-dashboard-ultimate-gate-2026-06-23,CONTINUOUS,Continuous AI Research,APPROVE,62113.0,0.056274,0.003506,NEAR_SUPPORT,-0.002734,0.723729,144.3,4.968041,-3.414711,14.422131,219.823,219.823,219.823,0-5m,AI_DIRECT,AI_DIRECT_CHASE,4,,117.75,0.0,0.0,0.0,False,0.0,0.0,-0.004992,2.9e-05,0.004179,1.255552,-0.159952,0.0,0.88826,62169.0,62374.478728,62536.995298,63816.102722,-0.002599,NEAR_SUPPORT,SHORT_PREFERRED,0.056274,0.003506,BEAR,3.0,44.0,0.0,100,4.0,True,True,APPROVE,72,"```json
{
  ""direction"": ""SHORT"",
  ""confidence"": 72,
  ""long_score"": 18,
  ""short_score"": 82,
  ""preferred_direction"": ""SHORT"",
  ""entry_zone_low"": 62200,
  ""entry_zone_high"": 62350,
  ""limit_price"": 62275,
  ""expected_mfe"": 180,
  ""expected_mae"": 120,
  ""reversal_probability"": 45,
  ""exit_style"": ""AGGRESSIVE"",
  ""reasons_for_trade"": [
    ""BEAR_ALIGNED multi-timeframe agreement (15m, 1h, 4h all bearish)"",
    ""Bearish EMA stack (price below all EMAs, EMA9 below EMA21, EMA21 below EMA200)"",
    ""ADX 52.72 indicates strong trending market favoring continuation"",
    ""Trend health state is BEAR with bear_score 8 vs bull_score 3"",
    ""Market structure bias LEAN_BEAR with BEAR_CONTINUATION shift"",
    ""Negative delta (-0.16) and high imbalance (0.89) support bearish orderflow"",
    ""Price near support (0.35% away) but no reversal confirmation - continuation more likely"",
    ""Funding positive (0.031% per 8h) meaning longs pay shorts, consistent with bearish pressure""
  ],
  ""reasons_against_trade"": [
    ""Price is very close to support (0.35% away) - bounce risk is elevated"",
    ""Higher low detected on micro structure could indicate short-term buying interest"",
    ""Reversal risk score of 45 suggests moderate reversal probability"",
    ""Volume ratio slightly above average (1.26) but not extreme"",
    ""Entry near support historically reduces short expectancy without strong continuation""
  ],
  ""bull_score"": 2,
  ""bear_score"": 8
}
```

**Direction:** SHORT  
**Win probability:** 72%  
**Long score:** 18  
**Short score:** 82  
**Bull score:** 2/10  
**Bear score:** 8/10  
**Decision:** APPROVE  
**Reason:** All trend hierarchy signals (MTF agreement, structure bias, EMA stack, ADX > 25, trend health) align bearish. Price is near support but there is no reversal confirmation - no structure shift, no momentum expansion upward, delta remains negative. The bearish continuation is the default and strongly supported. Entry is set as a limit above current price (pullback to micro resistance zone) to avoid chasing into support. Exit style AGGRESSIVE given proximity to support and moderate reversal risk.",62230.75,62176.0,MAKER,TAKER,0.02415,117.75,219.823,1.32,1.32,0.0,0.0,-0.01,-0.01,8.83,298.082692,PROFIT_LOCK_LADDER,-0.159952,1.255552,2.9e-05,0.88826,False,True,"{'price': 62169.0, 'ret_1m': -0.00014474573000096497, 'ret_5m': -1.608492842206852e-05, 'ema9': 62374.47872807622, 'ema21': 62536.99529788036, 'ema200': 63816.10272180197, 'dist_to_support': 0.0035060632378011514, 'dist_to_resistance': 0.056273923252597384, 'volume': 0.00417877, 'volume_ratio': 1.25555180603387, 'delta': -0.15995194300000004, 'velocity': 2.8962703911689603e-05, 'imbalance': 0.8882601473378038, 'candle_range': 144.3, 'body_ratio': 0.5253916589844143, 'wick_ratio': 0.47460834101558563}",4.0,"{'early_fail_enabled': True, 'invert_signal': False, 'ai_enabled': True, 'edge_threshold': 3.0, 'edge_threshold_max': None, 'edge_range_preset': 'min_only', 'ai_threshold': 44.0, 'leverage': 100, 'pullback_threshold': 0.001}","{'ema9': 62374.47872807622, 'ema21': 62536.99529788036, 'ema200': 63816.10272180197, 'ema_spread': -0.002599, 'ema9_slope_pct': -0.1653, 'ema21_slope_pct': -0.14, 'ema9_above_ema21': False, 'ema21_above_ema200': False}",WEAK_SETUP,4.0,4.0,False,True,INV_False_EF_True,SHORT,12,8,SCENARIO_C_EARLY_12_v2_frozen,40.0,10.0,-12.0,2.0,8.0,300,1,2,-32.0,False,False,True,False,480,3,5.0,False,5,0.75,"[[12, 8], [15, 10], [25, 18], [40, 28], [60, 45], [80, 60], [100, 75], [150, 120]]","{""trail_ladder"": [[12, 8], [15, 10], [25, 18], [40, 28], [60, 45], [80, 60], [100, 75], [150, 120]], ""ladder_first_trigger_pct"": 12, ""ladder_first_lock_pct"": 8, ""exit_profile_id"": ""SCENARIO_C_EARLY_12_v2_frozen"", ""peak_never_loser_min_peak"": 40.0, ""peak_never_loser_floor"": 10.0, ""thesis_fast_exit_unreal_pct"": -12.0, ""thesis_mfe_protect_pct"": 2.0, ""thesis_exit_if_above_unreal_pct"": 8.0, ""thesis_min_age_sec"": 300, ""thesis_score_flip_margin"": 1, ""thesis_early_decay_delta"": 2, ""early_fail_pct_threshold"": -32.0, ""type_a_first_candle_enabled"": false, ""type_a_early_fail_enabled"": false, ""scenario_c_exit_profile"": true, ""type_a_stall_enabled"": false, ""type_a_stall_min_age_sec"": 480, ""type_a_stall_min_candles"": 3, ""type_a_stall_max_mfe_pct"": 5.0, ""trend_weakening_enabled"": false, ""spread_penalty_threshold"": 5, ""spread_penalty_margin_mult"": 0.75}",,,
2026-06-23T13:18:28.085972+00:00,c65c-eda0107d9693,SHORT,62234.5,62176.0,4.957145,9.43,15.0,6,1.41,1.41,0.0,0.0,-0.01,-0.01,PROFIT_LOCK_LADDER,100,0.31,72,44.0,True,SIM_LIMIT,AI_DIRECT_LIMIT,,,,,0,BEAR,SR,70+,SPAWN,-1,-1,LEAN_BEAR,BEAR_ALIGNED,52.72,-2,2,8,0.0324,bitfinex,tBTCF0:USTF0,v10.3-dashboard-ultimate-gate-2026-06-23,BITFINEX_ZERO,v10.3-dashboard-ultimate-gate-2026-06-23,COMBO_65_SP5_CHASE_3PLUS,AI65+ · Spread5+ · Chase 3+,APPROVE,62113.0,0.056274,0.003506,NEAR_SUPPORT,-0.002734,0.482556,144.3,4.957146,-2.811945,15.023821,218.31,218.31,218.31,0-5m,AI_DIRECT,AI_DIRECT_CHASE,4,,121.5,0.0,0.0,0.0,False,0.0,0.0,-0.004982,1.9e-05,0.00471,0.927061,-0.157822,0.0,0.856043,62163.0,62374.478728,62536.995298,63816.102722,-0.002599,NEAR_SUPPORT,SHORT_PREFERRED,0.056274,0.003506,BEAR,3.0,44.0,0.0,100,4.0,True,True,APPROVE,72,"```json
{
  ""direction"": ""SHORT"",
  ""confidence"": 72,
  ""long_score"": 18,
  ""short_score"": 82,
  ""preferred_direction"": ""SHORT"",
  ""entry_zone_low"": 62200,
  ""entry_zone_high"": 62350,
  ""limit_price"": 62275,
  ""expected_mfe"": 180,
  ""expected_mae"": 120,
  ""reversal_probability"": 45,
  ""exit_style"": ""AGGRESSIVE"",
  ""reasons_for_trade"": [
    ""BEAR_ALIGNED multi-timeframe agreement (15m, 1h, 4h all bearish)"",
    ""Bearish EMA stack (price below all EMAs, EMA9 below EMA21, EMA21 below EMA200)"",
    ""ADX 52.72 indicates strong trending market favoring continuation"",
    ""Trend health state is BEAR with bear_score 8 vs bull_score 3"",
    ""Market structure bias LEAN_BEAR with BEAR_CONTINUATION shift"",
    ""Negative delta (-0.16) and high imbalance (0.89) support bearish orderflow"",
    ""Price near support (0.35% away) but no reversal confirmation - continuation more likely"",
    ""Funding positive (0.031% per 8h) meaning longs pay shorts, consistent with bearish pressure""
  ],
  ""reasons_against_trade"": [
    ""Price is very close to support (0.35% away) - bounce risk is elevated"",
    ""Higher low detected on micro structure could indicate short-term buying interest"",
    ""Reversal risk score of 45 suggests moderate reversal probability"",
    ""Volume ratio slightly above average (1.26) but not extreme"",
    ""Entry near support historically reduces short expectancy without strong continuation""
  ],
  ""bull_score"": 2,
  ""bear_score"": 8
}
```

**Direction:** SHORT  
**Win probability:** 72%  
**Long score:** 18  
**Short score:** 82  
**Bull score:** 2/10  
**Bear score:** 8/10  
**Decision:** APPROVE  
**Reason:** All trend hierarchy signals (MTF agreement, structure bias, EMA stack, ADX > 25, trend health) align bearish. Price is near support but there is no reversal confirmation - no structure shift, no momentum expansion upward, delta remains negative. The bearish continuation is the default and strongly supported. Entry is set as a limit above current price (pullback to micro resistance zone) to avoid chasing into support. Exit style AGGRESSIVE given proximity to support and moderate reversal risk.",62234.5,62176.0,MAKER,TAKER,0.02415,121.5,218.31,1.41,1.41,0.0,0.0,-0.01,-0.01,9.43,297.428811,PROFIT_LOCK_LADDER,-0.157822,0.927061,1.9e-05,0.856043,False,True,"{'price': 62163.0, 'ret_1m': -9.651112290691502e-05, 'ret_5m': -0.00011259449895447965, 'ema9': 62374.47872807622, 'ema21': 62536.99529788036, 'ema200': 63816.10272180197, 'dist_to_support': 0.0035060632378011514, 'dist_to_resistance': 0.056273923252597384, 'volume': 0.004709780000000001, 'volume_ratio': 0.927061390547386, 'delta': -0.15782188100000002, 'velocity': 1.9311591620998097e-05, 'imbalance': 0.856042942972102, 'candle_range': 144.3, 'body_ratio': 0.5253916589844143, 'wick_ratio': 0.47460834101558563}",4.0,"{'early_fail_enabled': True, 'invert_signal': False, 'ai_enabled': True, 'edge_threshold': 3.0, 'edge_threshold_max': None, 'edge_range_preset': 'min_only', 'ai_threshold': 44.0, 'leverage': 100, 'pullback_threshold': 0.001}","{'ema9': 62374.47872807622, 'ema21': 62536.99529788036, 'ema200': 63816.10272180197, 'ema_spread': -0.002599, 'ema9_slope_pct': -0.1653, 'ema21_slope_pct': -0.14, 'ema9_above_ema21': False, 'ema21_above_ema200': False}",WEAK_SETUP,4.0,4.0,False,True,INV_False_EF_True,SHORT,12,8,SCENARIO_C_EARLY_12_v2_frozen,40.0,10.0,-12.0,2.0,8.0,300,1,2,-32.0,False,False,True,False,480,3,5.0,False,5,0.75,"[[12, 8], [15, 10], [25, 18], [40, 28], [60, 45], [80, 60], [100, 75], [150, 120]]","{""trail_ladder"": [[12, 8], [15, 10], [25, 18], [40, 28], [60, 45], [80, 60], [100, 75], [150, 120]], ""ladder_first_trigger_pct"": 12, ""ladder_first_lock_pct"": 8, ""exit_profile_id"": ""SCENARIO_C_EARLY_12_v2_frozen"", ""peak_never_loser_min_peak"": 40.0, ""peak_never_loser_floor"": 10.0, ""thesis_fast_exit_unreal_pct"": -12.0, ""thesis_mfe_protect_pct"": 2.0, ""thesis_exit_if_above_unreal_pct"": 8.0, ""thesis_min_age_sec"": 300, ""thesis_score_flip_margin"": 1, ""thesis_early_decay_delta"": 2, ""early_fail_pct_threshold"": -32.0, ""type_a_first_candle_enabled"": false, ""type_a_early_fail_enabled"": false, ""scenario_c_exit_profile"": true, ""type_a_stall_enabled"": false, ""type_a_stall_min_age_sec"": 480, ""type_a_stall_min_candles"": 3, ""type_a_stall_max_mfe_pct"": 5.0, ""trend_weakening_enabled"": false, ""spread_penalty_threshold"": 5, ""spread_penalty_margin_mult"": 0.75}",,,
2026-06-23T13:32:05.733081+00:00,cont-27c04d589abc,SHORT,62195.0,62331.81,0.209209,-22.0,15.0,6,-3.3,-3.3,0.0,0.0,-0.0,-0.0,STOP_LOSS,100,0.73,68,44.0,True,SIM_LIMIT,AI_DIRECT_LIMIT,,,,,0,BEAR,SR,60-70,SPAWN,-1,-1,LEAN_BEAR,BEAR_ALIGNED,52.75,-2,2,8,0.03395,bitfinex,tBTCF0:USTF0,v10.3-dashboard-ultimate-gate-2026-06-23,BITFINEX_ZERO,v10.3-dashboard-ultimate-gate-2026-06-23,CONTINUOUS,Continuous AI Research,APPROVE,62173.0,0.057175,0.002656,NEAR_SUPPORT,-0.002611,0.563689,156.5,0.20921,-30.54908,3.698046,126.0,126.0,126.0,0-5m,AI_DIRECT,AI_DIRECT,0,,22.0,0.0,0.502,0.502,False,0.0,0.0,-0.000222,-5.3e-05,0.000289,0.001538,-0.965413,0.0,0.153479,62098.0,62326.702982,62500.772585,63799.685517,-0.002785,NEAR_SUPPORT,SHORT_PREFERRED,0.057175,0.002656,BEAR,3.0,44.0,0.0,100,3.7,True,True,APPROVE,68,"```json
{
  ""direction"": ""SHORT"",
  ""confidence"": 68,
  ""long_score"": 18,
  ""short_score"": 82,
  ""preferred_direction"": ""SHORT"",
  ""entry_zone_low"": 62150,
  ""entry_zone_high"": 62250,
  ""limit_price"": 62200,
  ""expected_mfe"": 180,
  ""expected_mae"": 120,
  ""reversal_probability"": 43,
  ""exit_style"": ""AGGRESSIVE"",
  ""reasons_for_trade"": [
    ""BEAR_ALIGNED multi-timeframe agreement (15m/1h/4h all bearish)"",
    ""Bearish EMA stack (price below all EMAs, bearish alignment)"",
    ""ADX 52.75 indicates strong trending market favoring continuation"",
    ""Trend health BEAR with bear_score 8 vs bull_score 3"",
    ""Negative delta (-0.965) and negative velocity confirm bearish orderflow"",
    ""Market structure shift is BEAR_CONTINUATION with lean bear bias"",
    ""Price near support (0.22% away) but strong bear trend suggests breakdown risk"",
    ""Funding positive (0.034% per 8h) favors shorts, longs paying""
  ],
  ""reasons_against_trade"": [
    ""Price is very close to support (0.22% away) - bounce risk elevated"",
    ""Higher low detected on micro structure could indicate short-term base building"",
    ""Reversal risk score 43 suggests moderate reversal probability"",
    ""Volume ratio extremely low (0.0015) - low participation may reduce conviction"",
    ""Entry near support historically reduces short expectancy without strong continuation""
  ],
  ""bull_score"": 2,
  ""bear_score"": 8
}
```",62195.0,62331.81,MAKER,TAKER,0.024126,22.0,126.0,-3.3,-3.3,0.0,0.0,-0.0,-0.0,-22.0,12.552656,STOP_LOSS,-0.965413,0.001538,-5.3e-05,0.153479,False,True,"{'price': 62098.0, 'ret_1m': 0.00011273775587444234, 'ret_5m': -0.00016100985380305274, 'ema9': 62326.70298246098, 'ema21': 62500.77258484843, 'ema200': 63799.68551742704, 'dist_to_support': 0.0026559356136820924, 'dist_to_resistance': 0.057175050301810866, 'volume': 0.000288767, 'volume_ratio': 0.0015381380121903857, 'delta': -0.9654129760000005, 'velocity': -5.3117001184272407e-05, 'imbalance': 0.15347901031310351, 'candle_range': 156.5, 'body_ratio': 0.5419746571704659, 'wick_ratio': 0.4580253428295341}",3.7,"{'early_fail_enabled': True, 'invert_signal': False, 'ai_enabled': True, 'edge_threshold': 3.0, 'edge_threshold_max': None, 'edge_range_preset': 'min_only', 'ai_threshold': 44.0, 'leverage': 100, 'pullback_threshold': 0.001}","{'ema9': 62326.70298246098, 'ema21': 62500.77258484843, 'ema200': 63799.68551742704, 'ema_spread': -0.002785, 'ema9_slope_pct': -0.1984, 'ema21_slope_pct': -0.1569, 'ema9_above_ema21': False, 'ema21_above_ema200': False}",MOMENTUM_SHORT,3.7,3.7,False,True,INV_False_EF_True,SHORT,12,8,SCENARIO_C_EARLY_12_v2_frozen,40.0,10.0,-12.0,2.0,8.0,300,1,2,-32.0,False,False,True,False,480,3,5.0,False,5,0.75,"[[12, 8], [15, 10], [25, 18], [40, 28], [60, 45], [80, 60], [100, 75], [150, 120]]","{""trail_ladder"": [[12, 8], [15, 10], [25, 18], [40, 28], [60, 45], [80, 60], [100, 75], [150, 120]], ""ladder_first_trigger_pct"": 12, ""ladder_first_lock_pct"": 8, ""exit_profile_id"": ""SCENARIO_C_EARLY_12_v2_frozen"", ""peak_never_loser_min_peak"": 40.0, ""peak_never_loser_floor"": 10.0, ""thesis_fast_exit_unreal_pct"": -12.0, ""thesis_mfe_protect_pct"": 2.0, ""thesis_exit_if_above_unreal_pct"": 8.0, ""thesis_min_age_sec"": 300, ""thesis_score_flip_margin"": 1, ""thesis_early_decay_delta"": 2, ""early_fail_pct_threshold"": -32.0, ""type_a_first_candle_enabled"": false, ""type_a_early_fail_enabled"": false, ""scenario_c_exit_profile"": true, ""type_a_stall_enabled"": false, ""type_a_stall_min_age_sec"": 480, ""type_a_stall_min_candles"": 3, ""type_a_stall_max_mfe_pct"": 5.0, ""trend_weakening_enabled"": false, ""spread_penalty_threshold"": 5, ""spread_penalty_margin_mult"": 0.75}",,,
2026-06-23T13:32:06.799333+00:00,c65c-b9c9d8aa44b7,SHORT,62200.0,62397.0,0.208403,-31.67,15.0,6,-4.75,-4.75,0.0,0.0,-0.0,-0.0,STOP_LOSS,100,1.06,68,44.0,True,SIM_LIMIT,AI_DIRECT_LIMIT,,,,,0,BEAR,SR,60-70,SPAWN,-1,-1,LEAN_BEAR,BEAR_ALIGNED,52.75,-2,2,8,0.03395,bitfinex,tBTCF0:USTF0,v10.3-dashboard-ultimate-gate-2026-06-23,BITFINEX_ZERO,v10.3-dashboard-ultimate-gate-2026-06-23,COMBO_65_SP5_CHASE_3PLUS,AI65+ · Spread5+ · Chase 3+,APPROVE,62173.0,0.057175,0.002656,NEAR_SUPPORT,-0.002611,0.334756,156.5,0.208404,-30.22508,4.501608,119.569,119.569,119.569,0-5m,AI_DIRECT,AI_DIRECT,0,,27.0,0.0,0.2171,0.2171,False,0.0,0.0,-0.000221,-4.2e-05,0.009857,0.839683,-0.97984,0.0,0.155385,62105.0,62326.702982,62500.772585,63799.685517,-0.002785,NEAR_SUPPORT,SHORT_PREFERRED,0.057175,0.002656,BEAR,3.0,44.0,0.0,100,3.7,True,True,APPROVE,68,"```json
{
  ""direction"": ""SHORT"",
  ""confidence"": 68,
  ""long_score"": 18,
  ""short_score"": 82,
  ""preferred_direction"": ""SHORT"",
  ""entry_zone_low"": 62150,
  ""entry_zone_high"": 62250,
  ""limit_price"": 62200,
  ""expected_mfe"": 180,
  ""expected_mae"": 120,
  ""reversal_probability"": 43,
  ""exit_style"": ""AGGRESSIVE"",
  ""reasons_for_trade"": [
    ""BEAR_ALIGNED multi-timeframe agreement (15m/1h/4h all bearish)"",
    ""Bearish EMA stack (price below all EMAs, bearish alignment)"",
    ""ADX 52.75 indicates strong trending market favoring continuation"",
    ""Trend health BEAR with bear_score 8 vs bull_score 3"",
    ""Negative delta (-0.965) and negative velocity confirm bearish orderflow"",
    ""Market structure shift is BEAR_CONTINUATION with lean bear bias"",
    ""Price near support (0.22% away) but strong bear trend suggests breakdown risk"",
    ""Funding positive (0.034% per 8h) favors shorts, longs paying""
  ],
  ""reasons_against_trade"": [
    ""Price is very close to support (0.22% away) - bounce risk elevated"",
    ""Higher low detected on micro structure could indicate short-term base building"",
    ""Reversal risk score 43 suggests moderate reversal probability"",
    ""Volume ratio extremely low (0.0015) - low participation may reduce conviction"",
    ""Entry near support historically reduces short expectancy without strong continuation""
  ],
  ""bull_score"": 2,
  ""bear_score"": 8
}
```",62200.0,62397.0,MAKER,TAKER,0.024126,27.0,119.569,-4.75,-4.75,0.0,0.0,-0.0,-0.0,-31.67,12.504328,STOP_LOSS,-0.97984,0.839683,-4.2e-05,0.155385,False,True,"{'price': 62105.0, 'ret_1m': 0.0, 'ret_5m': 8.051529790660226e-05, 'ema9': 62326.70298246098, 'ema21': 62500.77258484843, 'ema200': 63799.68551742704, 'dist_to_support': 0.0026559356136820924, 'dist_to_resistance': 0.057175050301810866, 'volume': 0.009856567, 'volume_ratio': 0.8396826764519897, 'delta': -0.9798402540000006, 'velocity': -4.184449643371683e-05, 'imbalance': 0.1553846473180344, 'candle_range': 156.5, 'body_ratio': 0.5419746571704659, 'wick_ratio': 0.4580253428295341}",3.7,"{'early_fail_enabled': True, 'invert_signal': False, 'ai_enabled': True, 'edge_threshold': 3.0, 'edge_threshold_max': None, 'edge_range_preset': 'min_only', 'ai_threshold': 44.0, 'leverage': 100, 'pullback_threshold': 0.001}","{'ema9': 62326.70298246098, 'ema21': 62500.77258484843, 'ema200': 63799.68551742704, 'ema_spread': -0.002785, 'ema9_slope_pct': -0.1984, 'ema21_slope_pct': -0.1569, 'ema9_above_ema21': False, 'ema21_above_ema200': False}",MOMENTUM_SHORT,3.7,3.7,False,True,INV_False_EF_True,SHORT,12,8,SCENARIO_C_EARLY_12_v2_frozen,40.0,10.0,-12.0,2.0,8.0,300,1,2,-32.0,False,False,True,False,480,3,5.0,False,5,0.75,"[[12, 8], [15, 10], [25, 18], [40, 28], [60, 45], [80, 60], [100, 75], [150, 120]]","{""trail_ladder"": [[12, 8], [15, 10], [25, 18], [40, 28], [60, 45], [80, 60], [100, 75], [150, 120]], ""ladder_first_trigger_pct"": 12, ""ladder_first_lock_pct"": 8, ""exit_profile_id"": ""SCENARIO_C_EARLY_12_v2_frozen"", ""peak_never_loser_min_peak"": 40.0, ""peak_never_loser_floor"": 10.0, ""thesis_fast_exit_unreal_pct"": -12.0, ""thesis_mfe_protect_pct"": 2.0, ""thesis_exit_if_above_unreal_pct"": 8.0, ""thesis_min_age_sec"": 300, ""thesis_score_flip_margin"": 1, ""thesis_early_decay_delta"": 2, ""early_fail_pct_threshold"": -32.0, ""type_a_first_candle_enabled"": false, ""type_a_early_fail_enabled"": false, ""scenario_c_exit_profile"": true, ""type_a_stall_enabled"": false, ""type_a_stall_min_age_sec"": 480, ""type_a_stall_min_candles"": 3, ""type_a_stall_max_mfe_pct"": 5.0, ""trend_weakening_enabled"": false, ""spread_penalty_threshold"": 5, ""spread_penalty_margin_mult"": 0.75}",,,
2026-06-23T13:38:07.416767+00:00,cont-faf2191b3df5,SHORT,62405.0,62365.82,0.406885,6.28,15.0,6,0.94,0.94,0.0,0.0,-0.0,-0.0,PROFIT_LOCK_LADDER,100,0.21,68,44.0,True,SIM_LIMIT,AI_DIRECT_LIMIT,,,,,0,BEAR,SR,60-70,SPAWN,-1,-1,LEAN_BEAR,BEAR_ALIGNED,50.45,-2,2,8,0.03495,bitfinex,tBTCF0:USTF0,v10.3-dashboard-ultimate-gate-2026-06-23,BITFINEX_ZERO,v10.3-dashboard-ultimate-gate-2026-06-23,CONTINUOUS,Continuous AI Research,APPROVE,62371.0,0.053005,0.00659,NEAR_SUPPORT,-0.002592,1.0,226.5,0.406886,-1.922923,14.261678,13.353,13.353,13.353,0-5m,AI_DIRECT,AI_DIRECT,0,,34.0,0.0,0.1881,0.1881,False,0.0,0.0,-0.000445,-1.8e-05,8e-05,0.438925,-0.000183,0.0,0.415678,62371.0,62319.722386,62481.685821,63784.797646,-0.002592,NEAR_SUPPORT,SHORT_PREFERRED,0.053005,0.00659,BEAR,3.0,44.0,0.0,100,3.4,True,True,APPROVE,68,"```json
{
  ""direction"": ""SHORT"",
  ""confidence"": 68,
  ""long_score"": 18,
  ""short_score"": 82,
  ""preferred_direction"": ""SHORT"",
  ""entry_zone_low"": 62371,
  ""entry_zone_high"": 62450,
  ""limit_price"": 62410,
  ""expected_mfe"": 180,
  ""expected_mae"": 90,
  ""reversal_probability"": 43,
  ""exit_style"": ""AGGRESSIVE"",
  ""reasons_for_trade"": [
    ""BEAR_ALIGNED multi-timeframe agreement (15m, 1h, 4h all bearish)"",
    ""Bearish EMA stack (price below EMA21 and EMA200, EMA9 below EMA21)"",
    ""ADX at 50.45 indicating strong trending market favoring continuation"",
    ""Trend health state BEAR with bear_score 8 vs bull_score 3"",
    ""Market structure bias LEAN_BEAR with BEAR_CONTINUATION shift"",
    ""Negative delta and velocity confirming bearish orderflow"",
    ""Funding rate positive (0.03495% per 8h) favoring shorts"",
    ""Price near micro support (62266) but no reversal confirmation - continuation more likely""
  ],
  ""reasons_against_trade"": [
    ""Price is very close to support (0.58% away), bounce risk elevated"",
    ""Higher low detected on micro structure could indicate short-term buying pressure"",
    ""Reversal risk score at 43 suggests some probability of mean reversion"",
    ""Volume ratio below 0.5 indicates low participation, potential for false break""
  ],
  ""bull_score"": 2,
  ""bear_score"": 8
}
```",62405.0,62365.82,MAKER,TAKER,0.02405,34.0,13.353,0.94,0.94,0.0,0.0,-0.0,-0.0,6.28,24.413245,PROFIT_LOCK_LADDER,-0.000183,0.438925,-1.8e-05,0.415678,False,True,"{'price': 62371.0, 'ret_1m': 0.00051332231829192, 'ret_5m': 0.0, 'ema9': 62319.72238596879, 'ema21': 62481.6858209333, 'ema200': 63784.79764560826, 'dist_to_support': 0.006589600936332591, 'dist_to_resistance': 0.053005403152105945, 'volume': 8.0245e-05, 'volume_ratio': 0.4389246346451195, 'delta': -0.00018331300000000005, 'velocity': -1.755954943918795e-05, 'imbalance': 0.41567842027426954, 'candle_range': 226.5, 'body_ratio': 0.47317953476666724, 'wick_ratio': 0.5268204652333328}",3.4,"{'early_fail_enabled': True, 'invert_signal': False, 'ai_enabled': True, 'edge_threshold': 3.0, 'edge_threshold_max': None, 'edge_range_preset': 'min_only', 'ai_threshold': 44.0, 'leverage': 100, 'pullback_threshold': 0.001}","{'ema9': 62319.72238596879, 'ema21': 62481.6858209333, 'ema200': 63784.79764560826, 'ema_spread': -0.002592, 'ema9_slope_pct': -0.1576, 'ema21_slope_pct': -0.1423, 'ema9_above_ema21': False, 'ema21_above_ema200': False}",MOMENTUM_SHORT,3.4,3.4,False,True,INV_False_EF_True,SHORT,12,8,SCENARIO_C_EARLY_12_v2_frozen,40.0,10.0,-12.0,2.0,8.0,300,1,2,-32.0,False,False,True,False,480,3,5.0,False,5,0.75,"[[12, 8], [15, 10], [25, 18], [40, 28], [60, 45], [80, 60], [100, 75], [150, 120]]","{""trail_ladder"": [[12, 8], [15, 10], [25, 18], [40, 28], [60, 45], [80, 60], [100, 75], [150, 120]], ""ladder_first_trigger_pct"": 12, ""ladder_first_lock_pct"": 8, ""exit_profile_id"": ""SCENARIO_C_EARLY_12_v2_frozen"", ""peak_never_loser_min_peak"": 40.0, ""peak_never_loser_floor"": 10.0, ""thesis_fast_exit_unreal_pct"": -12.0, ""thesis_mfe_protect_pct"": 2.0, ""thesis_exit_if_above_unreal_pct"": 8.0, ""thesis_min_age_sec"": 300, ""thesis_score_flip_margin"": 1, ""thesis_early_decay_delta"": 2, ""early_fail_pct_threshold"": -32.0, ""type_a_first_candle_enabled"": false, ""type_a_early_fail_enabled"": false, ""scenario_c_exit_profile"": true, ""type_a_stall_enabled"": false, ""type_a_stall_min_age_sec"": 480, ""type_a_stall_min_candles"": 3, ""type_a_stall_max_mfe_pct"": 5.0, ""trend_weakening_enabled"": false, ""spread_penalty_threshold"": 5, ""spread_penalty_margin_mult"": 0.75}",,,
2026-06-23T13:38:07.491450+00:00,c65c-e83107cc14fb,SHORT,62410.0,62365.82,0.401374,7.08,15.0,6,1.06,1.06,0.0,0.0,-0.0,-0.0,PROFIT_LOCK_LADDER,100,0.24,68,44.0,True,SIM_LIMIT,AI_DIRECT_LIMIT,,,,,0,BEAR,SR,60-70,SPAWN,-1,-1,LEAN_BEAR,BEAR_ALIGNED,50.45,-2,2,8,0.03495,bitfinex,tBTCF0:USTF0,v10.3-dashboard-ultimate-gate-2026-06-23,BITFINEX_ZERO,v10.3-dashboard-ultimate-gate-2026-06-23,COMBO_65_SP5_CHASE_3PLUS,AI65+ · Spread5+ · Chase 3+,APPROVE,62371.0,0.053005,0.00659,NEAR_SUPPORT,-0.002592,1.0,226.5,0.401375,-1.121615,15.061689,11.618,11.618,11.618,0-5m,AI_DIRECT,AI_DIRECT,0,,39.0,0.0,0.1881,0.1881,False,0.0,0.0,-0.000439,-1.8e-05,8e-05,0.438925,-0.000183,0.0,0.415678,62371.0,62319.722386,62481.685821,63784.797646,-0.002592,NEAR_SUPPORT,SHORT_PREFERRED,0.053005,0.00659,BEAR,3.0,44.0,0.0,100,3.4,True,True,APPROVE,68,"```json
{
  ""direction"": ""SHORT"",
  ""confidence"": 68,
  ""long_score"": 18,
  ""short_score"": 82,
  ""preferred_direction"": ""SHORT"",
  ""entry_zone_low"": 62371,
  ""entry_zone_high"": 62450,
  ""limit_price"": 62410,
  ""expected_mfe"": 180,
  ""expected_mae"": 90,
  ""reversal_probability"": 43,
  ""exit_style"": ""AGGRESSIVE"",
  ""reasons_for_trade"": [
    ""BEAR_ALIGNED multi-timeframe agreement (15m, 1h, 4h all bearish)"",
    ""Bearish EMA stack (price below EMA21 and EMA200, EMA9 below EMA21)"",
    ""ADX at 50.45 indicating strong trending market favoring continuation"",
    ""Trend health state BEAR with bear_score 8 vs bull_score 3"",
    ""Market structure bias LEAN_BEAR with BEAR_CONTINUATION shift"",
    ""Negative delta and velocity confirming bearish orderflow"",
    ""Funding rate positive (0.03495% per 8h) favoring shorts"",
    ""Price near micro support (62266) but no reversal confirmation - continuation more likely""
  ],
  ""reasons_against_trade"": [
    ""Price is very close to support (0.58% away), bounce risk elevated"",
    ""Higher low detected on micro structure could indicate short-term buying pressure"",
    ""Reversal risk score at 43 suggests some probability of mean reversion"",
    ""Volume ratio below 0.5 indicates low participation, potential for false break""
  ],
  ""bull_score"": 2,
  ""bear_score"": 8
}
```",62410.0,62365.82,MAKER,TAKER,0.02405,39.0,11.618,1.06,1.06,0.0,0.0,-0.0,-0.0,7.08,24.08257,PROFIT_LOCK_LADDER,-0.000183,0.438925,-1.8e-05,0.415678,False,True,"{'price': 62371.0, 'ret_1m': 0.00051332231829192, 'ret_5m': 0.0, 'ema9': 62319.72238596879, 'ema21': 62481.6858209333, 'ema200': 63784.79764560826, 'dist_to_support': 0.006589600936332591, 'dist_to_resistance': 0.053005403152105945, 'volume': 8.0245e-05, 'volume_ratio': 0.4389246346451195, 'delta': -0.00018331300000000005, 'velocity': -1.755954943918795e-05, 'imbalance': 0.41567842027426954, 'candle_range': 226.5, 'body_ratio': 0.47317953476666724, 'wick_ratio': 0.5268204652333328}",3.4,"{'early_fail_enabled': True, 'invert_signal': False, 'ai_enabled': True, 'edge_threshold': 3.0, 'edge_threshold_max': None, 'edge_range_preset': 'min_only', 'ai_threshold': 44.0, 'leverage': 100, 'pullback_threshold': 0.001}","{'ema9': 62319.72238596879, 'ema21': 62481.6858209333, 'ema200': 63784.79764560826, 'ema_spread': -0.002592, 'ema9_slope_pct': -0.1576, 'ema21_slope_pct': -0.1423, 'ema9_above_ema21': False, 'ema21_above_ema200': False}",MOMENTUM_SHORT,3.4,3.4,False,True,INV_False_EF_True,SHORT,12,8,SCENARIO_C_EARLY_12_v2_frozen,40.0,10.0,-12.0,2.0,8.0,300,1,2,-32.0,False,False,True,False,480,3,5.0,False,5,0.75,"[[12, 8], [15, 10], [25, 18], [40, 28], [60, 45], [80, 60], [100, 75], [150, 120]]","{""trail_ladder"": [[12, 8], [15, 10], [25, 18], [40, 28], [60, 45], [80, 60], [100, 75], [150, 120]], ""ladder_first_trigger_pct"": 12, ""ladder_first_lock_pct"": 8, ""exit_profile_id"": ""SCENARIO_C_EARLY_12_v2_frozen"", ""peak_never_loser_min_peak"": 40.0, ""peak_never_loser_floor"": 10.0, ""thesis_fast_exit_unreal_pct"": -12.0, ""thesis_mfe_protect_pct"": 2.0, ""thesis_exit_if_above_unreal_pct"": 8.0, ""thesis_min_age_sec"": 300, ""thesis_score_flip_margin"": 1, ""thesis_early_decay_delta"": 2, ""early_fail_pct_threshold"": -32.0, ""type_a_first_candle_enabled"": false, ""type_a_early_fail_enabled"": false, ""scenario_c_exit_profile"": true, ""type_a_stall_enabled"": false, ""type_a_stall_min_age_sec"": 480, ""type_a_stall_min_candles"": 3, ""type_a_stall_max_mfe_pct"": 5.0, ""trend_weakening_enabled"": false, ""spread_penalty_threshold"": 5, ""spread_penalty_margin_mult"": 0.75}",,,
2026-06-23T13:47:09.664988+00:00,cont-5bb9e42763ef,SHORT,62410.0,62371.98,3.959427,6.12,20.0,5,1.22,1.22,0.0,0.0,-0.01,-0.01,PROFIT_LOCK_LADDER,100,0.2,62,44.0,True,SIM_LIMIT,AI_DIRECT_LIMIT,,,,,0,BEAR,SR,60-70,SPAWN,-1,-1,LEAN_BEAR,BEAR_ALIGNED,50.45,-2,3,8,0.03608,bitfinex,tBTCF0:USTF0,v10.3-dashboard-ultimate-gate-2026-06-23,BITFINEX_ZERO,v10.3-dashboard-ultimate-gate-2026-06-23,CONTINUOUS,Continuous AI Research,APPROVE,62372.0,0.053292,0.006319,NEAR_SUPPORT,-0.002076,1.0,226.5,3.959428,-12.978689,14.420766,147.632,147.632,147.632,0-5m,AI_DIRECT,AI_DIRECT,0,,38.0,0.0,0.352,0.352,False,0.0,0.0,-0.005922,5e-06,0.013405,4.126008,0.65732,0.0,0.538798,62377.0,62324.722386,62483.958548,63785.046402,-0.002548,NEAR_SUPPORT,SHORT_PREFERRED,0.053292,0.006319,BEAR,3.0,44.0,0.0,100,3.7,True,True,APPROVE,62,"```json
{
  ""direction"": ""SHORT"",
  ""confidence"": 62,
  ""long_score"": 25,
  ""short_score"": 75,
  ""preferred_direction"": ""SHORT"",
  ""entry_zone_low"": 62380,
  ""entry_zone_high"": 62450,
  ""limit_price"": 62415,
  ""expected_mfe"": 180,
  ""expected_mae"": 120,
  ""reversal_probability"": 33,
  ""exit_style"": ""AGGRESSIVE"",
  ""reasons_for_trade"": [
    ""BEAR_ALIGNED multi-timeframe agreement (15m, 1h, 4h all bearish)"",
    ""EMA stack bearish (price below EMA21, EMA9 below EMA21, EMA21 below EMA200)"",
    ""ADX at 50.45 indicating strong trending conditions favoring continuation"",
    ""Trend health bear_score (8) significantly outweighs bull_score (3)"",
    ""Market structure bias LEAN_BEAR with BEAR_CONTINUATION shift"",
    ""Volume ratio elevated (5.6) supporting bearish momentum"",
    ""Funding positive (0.0353% per 8h) meaning longs pay shorts, favorable for shorts"",
    ""Price near support (0.68% away) but no reversal confirmation - continuation more likely""
  ],
  ""reasons_against_trade"": [
    ""Price is near micro support (62266) and macro support zone, bounce risk elevated"",
    ""Higher low detected on micro structure could indicate short-term buying pressure"",
    ""Reversal risk score at 33 (moderate) suggests some caution"",
    ""Edge score (3.7) above threshold but not extremely high"",
    ""Short entries near support historically show reduced expectancy without strong continuation""
  ],
  ""bull_score"": 3,
  ""bear_score"": 8
}
```",62410.0,62371.98,MAKER,TAKER,0.032066,38.0,147.632,1.22,1.22,0.0,0.0,-0.01,-0.01,6.12,237.565722,PROFIT_LOCK_LADDER,0.65732,4.126008,5e-06,0.538798,False,True,"{'price': 62377.0, 'ret_1m': -0.00028848465421908807, 'ret_5m': -0.000144263135959991, 'ema9': 62324.72238596879, 'ema21': 62483.95854820603, 'ema200': 63785.04640182717, 'dist_to_support': 0.0063187606248195785, 'dist_to_resistance': 0.05329249125958239, 'volume': 0.01340494, 'volume_ratio': 4.126007863107298, 'delta': 0.6573204500000007, 'velocity': 4.850740518566956e-06, 'imbalance': 0.5387980849383422, 'candle_range': 226.5, 'body_ratio': 0.47317953476666724, 'wick_ratio': 0.5268204652333328}",3.7,"{'early_fail_enabled': True, 'invert_signal': False, 'ai_enabled': True, 'edge_threshold': 3.0, 'edge_threshold_max': None, 'edge_range_preset': 'min_only', 'ai_threshold': 44.0, 'leverage': 100, 'pullback_threshold': 0.001}","{'ema9': 62324.72238596879, 'ema21': 62483.95854820603, 'ema200': 63785.04640182717, 'ema_spread': -0.002548, 'ema9_slope_pct': -0.1496, 'ema21_slope_pct': -0.1386, 'ema9_above_ema21': False, 'ema21_above_ema200': False}",MOMENTUM_LONG,3.7,3.7,False,True,INV_False_EF_True,SHORT,12,8,SCENARIO_C_EARLY_12_v2_frozen,40.0,10.0,-12.0,2.0,8.0,300,1,2,-32.0,False,False,True,False,480,3,5.0,False,5,0.75,"[[12, 8], [15, 10], [25, 18], [40, 28], [60, 45], [80, 60], [100, 75], [150, 120]]","{""trail_ladder"": [[12, 8], [15, 10], [25, 18], [40, 28], [60, 45], [80, 60], [100, 75], [150, 120]], ""ladder_first_trigger_pct"": 12, ""ladder_first_lock_pct"": 8, ""exit_profile_id"": ""SCENARIO_C_EARLY_12_v2_frozen"", ""peak_never_loser_min_peak"": 40.0, ""peak_never_loser_floor"": 10.0, ""thesis_fast_exit_unreal_pct"": -12.0, ""thesis_mfe_protect_pct"": 2.0, ""thesis_exit_if_above_unreal_pct"": 8.0, ""thesis_min_age_sec"": 300, ""thesis_score_flip_margin"": 1, ""thesis_early_decay_delta"": 2, ""early_fail_pct_threshold"": -32.0, ""type_a_first_candle_enabled"": false, ""type_a_early_fail_enabled"": false, ""scenario_c_exit_profile"": true, ""type_a_stall_enabled"": false, ""type_a_stall_min_age_sec"": 480, ""type_a_stall_min_candles"": 3, ""type_a_stall_max_mfe_pct"": 5.0, ""trend_weakening_enabled"": false, ""spread_penalty_threshold"": 5, ""spread_penalty_margin_mult"": 0.75}",,,
2026-06-23T13:48:13.220352+00:00,c65c-b41b33351ffd,SHORT,62400.0,62468.92,0.330212,-11.04,15.0,6,-1.66,-1.66,0.0,0.0,-0.0,-0.0,THESIS_FAST_CUT,100,0.37,68,44.0,True,SIM_LIMIT,AI_DIRECT_LIMIT,,,,,0,BEAR,SR,60-70,SPAWN,-1,-1,LEAN_BEAR,BEAR_ALIGNED,48.31,-2,2,8,0.03621,bitfinex,tBTCF0:USTF0,v10.3-dashboard-ultimate-gate-2026-06-23,BITFINEX_ZERO,v10.3-dashboard-ultimate-gate-2026-06-23,COMBO_65_SP5_CHASE_3PLUS,AI65+ · Spread5+ · Chase 3+,APPROVE,62361.0,0.05385,0.005793,NEAR_SUPPORT,-0.002095,0.930233,217.6,0.330213,-15.544872,1.923077,45.258,45.258,45.258,0-5m,AI_DIRECT,AI_DIRECT,0,,39.0,0.0,0.2867,0.2867,False,0.0,0.0,-0.000374,-3e-05,0.00535,0.004505,0.578225,0.0,0.309964,62321.0,62354.657909,62484.359011,63772.540926,-0.002076,NEAR_SUPPORT,SHORT_PREFERRED,0.05385,0.005793,BEAR,3.0,44.0,0.0,100,3.8,True,True,APPROVE,68,"```json
{
  ""direction"": ""SHORT"",
  ""confidence"": 68,
  ""long_score"": 18,
  ""short_score"": 82,
  ""preferred_direction"": ""SHORT"",
  ""entry_zone_low"": 62350,
  ""entry_zone_high"": 62450,
  ""limit_price"": 62400,
  ""expected_mfe"": 180,
  ""expected_mae"": 120,
  ""reversal_probability"": 51,
  ""exit_style"": ""AGGRESSIVE"",
  ""reasons_for_trade"": [
    ""BEAR_ALIGNED multi-timeframe agreement (15m ranging, 1h/4h bearish)"",
    ""Bearish EMA stack (price below all EMAs, ema9 below ema21, ema21 below ema200)"",
    ""ADX 48.31 indicates strong trending market favoring continuation"",
    ""Trend health state BEAR with bear_score 8 vs bull_score 3"",
    ""Market structure bias LEAN_BEAR with BEAR_CONTINUATION shift"",
    ""Velocity negative and price near support suggests potential breakdown"",
    ""Edge score 3.8 above threshold 3.0 supports trade viability""
  ],
  ""reasons_against_trade"": [
    ""Price is very close to support (0.58% above recent low) - bounce risk elevated"",
    ""Reversal probability 51% indicates non-trivial chance of mean reversion"",
    ""Micro structure shows higher_low_detected (1.0) - possible local bottom forming"",
    ""Volume ratio extremely low (0.0045) - lack of conviction in current move"",
    ""Entry near support historically reduces short expectancy without strong continuation""
  ],
  ""bull_score"": 2,
  ""bear_score"": 8
}
```",62400.0,62468.92,MAKER,TAKER,0.024053,39.0,45.258,-1.66,-1.66,0.0,0.0,-0.0,-0.0,-11.04,19.812796,THESIS_FAST_CUT,0.578225,0.004505,-3e-05,0.309964,False,True,"{'price': 62321.0, 'ret_1m': 0.0, 'ret_5m': -0.00046511627906976747, 'ema9': 62354.657908775036, 'ema21': 62484.35901076353, 'ema200': 63772.54092611114, 'dist_to_support': 0.005792589977696122, 'dist_to_resistance': 0.05385022705027198, 'volume': 0.005349939999999999, 'volume_ratio': 0.004504649688146481, 'delta': 0.5782250100000004, 'velocity': -3.0477328579818105e-05, 'imbalance': 0.30996411373338817, 'candle_range': 217.6, 'body_ratio': 0.5431795347666672, 'wick_ratio': 0.45682046523333275}",3.8,"{'early_fail_enabled': True, 'invert_signal': False, 'ai_enabled': True, 'edge_threshold': 3.0, 'edge_threshold_max': None, 'edge_range_preset': 'min_only', 'ai_threshold': 44.0, 'leverage': 100, 'pullback_threshold': 0.001}","{'ema9': 62354.657908775036, 'ema21': 62484.35901076353, 'ema200': 63772.54092611114, 'ema_spread': -0.002076, 'ema9_slope_pct': -0.0404, 'ema21_slope_pct': -0.0881, 'ema9_above_ema21': False, 'ema21_above_ema200': False}",WEAK_SETUP,3.8,3.8,False,True,INV_False_EF_True,SHORT,12,8,SCENARIO_C_EARLY_12_v2_frozen,40.0,10.0,-12.0,2.0,8.0,300,1,2,-32.0,False,False,True,False,480,3,5.0,False,5,0.75,"[[12, 8], [15, 10], [25, 18], [40, 28], [60, 45], [80, 60], [100, 75], [150, 120]]","{""trail_ladder"": [[12, 8], [15, 10], [25, 18], [40, 28], [60, 45], [80, 60], [100, 75], [150, 120]], ""ladder_first_trigger_pct"": 12, ""ladder_first_lock_pct"": 8, ""exit_profile_id"": ""SCENARIO_C_EARLY_12_v2_frozen"", ""peak_never_loser_min_peak"": 40.0, ""peak_never_loser_floor"": 10.0, ""thesis_fast_exit_unreal_pct"": -12.0, ""thesis_mfe_protect_pct"": 2.0, ""thesis_exit_if_above_unreal_pct"": 8.0, ""thesis_min_age_sec"": 300, ""thesis_score_flip_margin"": 1, ""thesis_early_decay_delta"": 2, ""early_fail_pct_threshold"": -32.0, ""type_a_first_candle_enabled"": false, ""type_a_early_fail_enabled"": false, ""scenario_c_exit_profile"": true, ""type_a_stall_enabled"": false, ""type_a_stall_min_age_sec"": 480, ""type_a_stall_min_candles"": 3, ""type_a_stall_max_mfe_pct"": 5.0, ""trend_weakening_enabled"": false, ""spread_penalty_threshold"": 5, ""spread_penalty_margin_mult"": 0.75}",,,
2026-06-23T13:55:27.037054+00:00,cont-31b21da5e298,SHORT,62510.0,62457.92,2.864488,8.35,15.0,6,1.25,1.25,0.0,0.0,-0.0,-0.0,PROFIT_LOCK_LADDER,100,0.28,68,44.0,True,SIM_LIMIT,AI_DIRECT_LIMIT,,,,,0,BEAR,SR,60-70,SPAWN,-1,-1,LEAN_BEAR,BEAR_ALIGNED,48.01,-2,2,8,0.03722,bitfinex,tBTCF0:USTF0,v10.3-dashboard-ultimate-gate-2026-06-23,BITFINEX_ZERO,v10.3-dashboard-ultimate-gate-2026-06-23,CONTINUOUS,Continuous AI Research,APPROVE,62478.0,0.051286,0.008212,NEAR_SUPPORT,-0.001864,1.0,217.6,2.864488,-12.478004,12.318029,139.825,139.825,139.825,0-5m,AI_DIRECT,AI_DIRECT,0,,32.0,0.0,0.0701,0.0701,False,0.0,0.0,-0.003312,3.5e-05,0.000896,0.120874,1.072263,0.0,0.444394,62473.0,62368.657909,62490.722647,63773.237444,-0.001953,NEAR_SUPPORT,SHORT_PREFERRED,0.051286,0.008212,BEAR,3.0,44.0,0.0,100,3.7,True,True,APPROVE,68,"```json
{
  ""direction"": ""SHORT"",
  ""confidence"": 68,
  ""long_score"": 18,
  ""short_score"": 82,
  ""preferred_direction"": ""SHORT"",
  ""entry_zone_low"": 62480,
  ""entry_zone_high"": 62550,
  ""limit_price"": 62515,
  ""expected_mfe"": 180,
  ""expected_mae"": 120,
  ""reversal_probability"": 51,
  ""exit_style"": ""AGGRESSIVE"",
  ""reasons_for_trade"": [
    ""BEAR_ALIGNED multi-timeframe agreement (15m ranging, 1h/4h bearish)"",
    ""Bearish EMA stack (ema9 below ema21, both below ema200, bear stack true)"",
    ""ADX 48.01 indicates strong trending market favoring continuation"",
    ""Trend health state BEAR with bear_score 8 vs bull_score 3"",
    ""Market structure bias LEAN_BEAR with BEAR_CONTINUATION shift"",
    ""Price near support (0.77% away) but no reversal confirmation - continuation expected"",
    ""Funding positive (0.036% per 8h) favors shorts, longs pay"",
    ""Velocity negative and volume ratio low (0.10) suggests weak buying pressure""
  ],
  ""reasons_against_trade"": [
    ""Price near micro support (62266) could cause bounce"",
    ""Reversal risk score 51 indicates moderate reversal probability"",
    ""Higher low detected suggests some buying interest"",
    ""Compression regime may precede expansion in either direction""
  ],
  ""bull_score"": 2,
  ""bear_score"": 8
}
```",62510.0,62457.92,MAKER,TAKER,0.024008,32.0,139.825,1.25,1.25,0.0,0.0,-0.0,-0.0,8.35,171.869348,PROFIT_LOCK_LADDER,1.072263,0.120874,3.5e-05,0.444394,False,True,"{'price': 62473.0, 'ret_1m': 0.0, 'ret_5m': 0.0007368606532429878, 'ema9': 62368.657908775036, 'ema21': 62490.72264712717, 'ema200': 63773.23744352408, 'dist_to_support': 0.00821154738847182, 'dist_to_resistance': 0.05128615561922751, 'volume': 0.0008957360000000001, 'volume_ratio': 0.12087439376052184, 'delta': 1.0722633279999978, 'velocity': 3.5252812035835404e-05, 'imbalance': 0.44439448976713186, 'candle_range': 217.6, 'body_ratio': 0.5431795347666672, 'wick_ratio': 0.45682046523333275}",3.7,"{'early_fail_enabled': True, 'invert_signal': False, 'ai_enabled': True, 'edge_threshold': 3.0, 'edge_threshold_max': None, 'edge_range_preset': 'min_only', 'ai_threshold': 44.0, 'leverage': 100, 'pullback_threshold': 0.001}","{'ema9': 62368.657908775036, 'ema21': 62490.72264712717, 'ema200': 63773.23744352408, 'ema_spread': -0.001953, 'ema9_slope_pct': -0.018, 'ema21_slope_pct': -0.0779, 'ema9_above_ema21': False, 'ema21_above_ema200': False}",MOMENTUM_LONG,3.7,3.7,False,True,INV_False_EF_True,SHORT,12,8,SCENARIO_C_EARLY_12_v2_frozen,40.0,10.0,-12.0,2.0,8.0,300,1,2,-32.0,False,False,True,False,480,3,5.0,False,5,0.75,"[[12, 8], [15, 10], [25, 18], [40, 28], [60, 45], [80, 60], [100, 75], [150, 120]]","{""trail_ladder"": [[12, 8], [15, 10], [25, 18], [40, 28], [60, 45], [80, 60], [100, 75], [150, 120]], ""ladder_first_trigger_pct"": 12, ""ladder_first_lock_pct"": 8, ""exit_profile_id"": ""SCENARIO_C_EARLY_12_v2_frozen"", ""peak_never_loser_min_peak"": 40.0, ""peak_never_loser_floor"": 10.0, ""thesis_fast_exit_unreal_pct"": -12.0, ""thesis_mfe_protect_pct"": 2.0, ""thesis_exit_if_above_unreal_pct"": 8.0, ""thesis_min_age_sec"": 300, ""thesis_score_flip_margin"": 1, ""thesis_early_decay_delta"": 2, ""early_fail_pct_threshold"": -32.0, ""type_a_first_candle_enabled"": false, ""type_a_early_fail_enabled"": false, ""scenario_c_exit_profile"": true, ""type_a_stall_enabled"": false, ""type_a_stall_min_age_sec"": 480, ""type_a_stall_min_candles"": 3, ""type_a_stall_max_mfe_pct"": 5.0, ""trend_weakening_enabled"": false, ""spread_penalty_threshold"": 5, ""spread_penalty_margin_mult"": 0.75}",,,
2026-06-23T13:56:07.207030+00:00,c65c-97c8365cf6ff,SHORT,62515.0,62448.79,3.53069,10.62,15.0,6,1.59,1.59,0.0,0.0,-0.0,-0.0,PROFIT_LOCK_LADDER,100,0.35,68,44.0,True,SIM_LIMIT,AI_DIRECT_LIMIT,,,,,0,BEAR,SR,60-70,SPAWN,-1,-1,LEAN_BEAR,BEAR_ALIGNED,48.01,-2,2,8,0.03722,bitfinex,tBTCF0:USTF0,v10.3-dashboard-ultimate-gate-2026-06-23,BITFINEX_ZERO,v10.3-dashboard-ultimate-gate-2026-06-23,COMBO_65_SP5_CHASE_3PLUS,AI65+ · Spread5+ · Chase 3+,APPROVE,62478.0,0.051286,0.008212,NEAR_SUPPORT,-0.001969,1.0,217.6,3.530691,-11.677197,17.9157,139.149,139.149,139.149,0-5m,AI_DIRECT,AI_DIRECT,0,,37.0,0.0,0.115,0.115,False,0.0,0.0,-0.004087,8.2e-05,0.000948,0.120933,1.072715,0.0,0.444407,62473.0,62368.657909,62490.722647,63773.237444,-0.001953,NEAR_SUPPORT,SHORT_PREFERRED,0.051286,0.008212,BEAR,3.0,44.0,0.0,100,3.7,True,True,APPROVE,68,"```json
{
  ""direction"": ""SHORT"",
  ""confidence"": 68,
  ""long_score"": 18,
  ""short_score"": 82,
  ""preferred_direction"": ""SHORT"",
  ""entry_zone_low"": 62480,
  ""entry_zone_high"": 62550,
  ""limit_price"": 62515,
  ""expected_mfe"": 180,
  ""expected_mae"": 120,
  ""reversal_probability"": 51,
  ""exit_style"": ""AGGRESSIVE"",
  ""reasons_for_trade"": [
    ""BEAR_ALIGNED multi-timeframe agreement (15m ranging, 1h/4h bearish)"",
    ""Bearish EMA stack (ema9 below ema21, both below ema200, bear stack true)"",
    ""ADX 48.01 indicates strong trending market favoring continuation"",
    ""Trend health state BEAR with bear_score 8 vs bull_score 3"",
    ""Market structure bias LEAN_BEAR with BEAR_CONTINUATION shift"",
    ""Price near support (0.77% away) but no reversal confirmation - continuation expected"",
    ""Funding positive (0.036% per 8h) favors shorts, longs pay"",
    ""Velocity negative and volume ratio low (0.10) suggests weak buying pressure""
  ],
  ""reasons_against_trade"": [
    ""Price near micro support (62266) could cause bounce"",
    ""Reversal risk score 51 indicates moderate reversal probability"",
    ""Higher low detected suggests some buying interest"",
    ""Compression regime may precede expansion in either direction""
  ],
  ""bull_score"": 2,
  ""bear_score"": 8
}
```",62515.0,62448.79,MAKER,TAKER,0.024008,37.0,139.149,1.59,1.59,0.0,0.0,-0.0,-0.0,10.62,211.841482,PROFIT_LOCK_LADDER,1.072715,0.120933,8.2e-05,0.444407,False,True,"{'price': 62473.0, 'ret_1m': 0.0, 'ret_5m': 0.0007368606532429878, 'ema9': 62368.657908775036, 'ema21': 62490.72264712717, 'ema200': 63773.23744352408, 'dist_to_support': 0.00821154738847182, 'dist_to_resistance': 0.05128615561922751, 'volume': 0.0009478679999999999, 'volume_ratio': 0.1209328615823025, 'delta': 1.072715459999998, 'velocity': 8.168921817825107e-05, 'imbalance': 0.44440700525052773, 'candle_range': 217.6, 'body_ratio': 0.5431795347666672, 'wick_ratio': 0.45682046523333275}",3.7,"{'early_fail_enabled': True, 'invert_signal': False, 'ai_enabled': True, 'edge_threshold': 3.0, 'edge_threshold_max': None, 'edge_range_preset': 'min_only', 'ai_threshold': 44.0, 'leverage': 100, 'pullback_threshold': 0.001}","{'ema9': 62368.657908775036, 'ema21': 62490.72264712717, 'ema200': 63773.23744352408, 'ema_spread': -0.001953, 'ema9_slope_pct': -0.018, 'ema21_slope_pct': -0.0779, 'ema9_above_ema21': False, 'ema21_above_ema200': False}",MOMENTUM_LONG,3.7,3.7,False,True,INV_False_EF_True,SHORT,12,8,SCENARIO_C_EARLY_12_v2_frozen,40.0,10.0,-12.0,2.0,8.0,300,1,2,-32.0,False,False,True,False,480,3,5.0,False,5,0.75,"[[12, 8], [15, 10], [25, 18], [40, 28], [60, 45], [80, 60], [100, 75], [150, 120]]","{""trail_ladder"": [[12, 8], [15, 10], [25, 18], [40, 28], [60, 45], [80, 60], [100, 75], [150, 120]], ""ladder_first_trigger_pct"": 12, ""ladder_first_lock_pct"": 8, ""exit_profile_id"": ""SCENARIO_C_EARLY_12_v2_frozen"", ""peak_never_loser_min_peak"": 40.0, ""peak_never_loser_floor"": 10.0, ""thesis_fast_exit_unreal_pct"": -12.0, ""thesis_mfe_protect_pct"": 2.0, ""thesis_exit_if_above_unreal_pct"": 8.0, ""thesis_min_age_sec"": 300, ""thesis_score_flip_margin"": 1, ""thesis_early_decay_delta"": 2, ""early_fail_pct_threshold"": -32.0, ""type_a_first_candle_enabled"": false, ""type_a_early_fail_enabled"": false, ""scenario_c_exit_profile"": true, ""type_a_stall_enabled"": false, ""type_a_stall_min_age_sec"": 480, ""type_a_stall_min_candles"": 3, ""type_a_stall_max_mfe_pct"": 5.0, ""trend_weakening_enabled"": false, ""spread_penalty_threshold"": 5, ""spread_penalty_margin_mult"": 0.75}",,,
2026-06-23T14:04:14.346323+00:00,cont-d78681cb059c,SHORT,62495.0,62645.0,6.572448,-23.95,20.0,5,-4.79,-4.8,0.0,0.0,-0.01,-0.01,STOP_LOSS,100,0.8,62,44.0,True,SIM_LIMIT,AI_DIRECT_LIMIT,,,,,0,BEAR,SR,60-70,SPAWN,-1,-1,LEAN_BEAR,BEAR_ALIGNED,47.81,-2,3,8,0.03828,bitfinex,tBTCF0:USTF0,v10.3-dashboard-ultimate-gate-2026-06-23,BITFINEX_ZERO,v10.3-dashboard-ultimate-gate-2026-06-23,CONTINUOUS,Continuous AI Research,APPROVE,62475.0,0.052634,0.00694,NEAR_SUPPORT,-0.001307,1.0,217.6,6.572451,-30.562445,2.561805,73.965,73.965,73.965,0-5m,AI_DIRECT,AI_DIRECT,0,,20.0,0.0,0.0,0.0,False,0.0,0.0,-0.010382,-4.2e-05,0.020721,4.171865,1.801286,0.0,0.416551,62393.0,62366.857909,62489.904465,63773.147891,-0.001969,NEAR_SUPPORT,SHORT_PREFERRED,0.052634,0.00694,BEAR,3.0,44.0,0.0,100,3.9,True,True,APPROVE,62,"```json
{
  ""direction"": ""SHORT"",
  ""confidence"": 62,
  ""long_score"": 25,
  ""short_score"": 75,
  ""preferred_direction"": ""SHORT"",
  ""entry_zone_low"": 62450,
  ""entry_zone_high"": 62550,
  ""limit_price"": 62500,
  ""expected_mfe"": 180,
  ""expected_mae"": 120,
  ""reversal_probability"": 33,
  ""exit_style"": ""AGGRESSIVE"",
  ""reasons_for_trade"": [
    ""Multi-timeframe agreement is BEAR_ALIGNED (15m ranging, 1h/4h bearish)"",
    ""Market structure bias is LEAN_BEAR with structure_score -1"",
    ""EMA stack is bearish (ema9 below ema21, ema21 below ema200)"",
    ""ADX at 47.81 indicates strong trending conditions favoring continuation"",
    ""Trend health state is BEAR with bear_score 8 vs bull_score 3"",
    ""Volume ratio elevated at 4.17 supporting bearish momentum"",
    ""Price is near micro resistance (62693) with low distance to micro resistance (0.48%)"",
    ""Funding rate positive (0.037% per 8h) favors shorts as longs pay""
  ],
  ""reasons_against_trade"": [
    ""Price is very close to support (0.69% distance) increasing bounce risk"",
    ""Higher low detected suggests potential micro structure support"",
    ""Reversal risk score is 33 indicating some reversal probability"",
    ""Delta is positive (1.80) showing some buying pressure"",
    ""Entry near support historically reduces short expectancy without strong continuation""
  ],
  ""bull_score"": 3,
  ""bear_score"": 8
}
```",62495.0,62645.0,MAKER,TAKER,0.032013,20.0,73.965,-4.79,-4.8,0.0,0.0,-0.01,-0.01,-23.95,394.347115,STOP_LOSS,1.801286,4.171865,-4.2e-05,0.416551,False,True,"{'price': 62393.0, 'ret_1m': -0.00011217948717948718, 'ret_5m': -0.0007047103480308151, 'ema9': 62366.85790877503, 'ema21': 62489.90446530899, 'ema200': 63773.14789128527, 'dist_to_support': 0.006939881076402802, 'dist_to_resistance': 0.05263410959562771, 'volume': 0.020720614000000002, 'volume_ratio': 4.171865101246738, 'delta': 1.8012863719999956, 'velocity': -4.162401340477075e-05, 'imbalance': 0.41655132210677354, 'candle_range': 217.6, 'body_ratio': 0.5431795347666672, 'wick_ratio': 0.45682046523333275}",3.9,"{'early_fail_enabled': True, 'invert_signal': False, 'ai_enabled': True, 'edge_threshold': 3.0, 'edge_threshold_max': None, 'edge_range_preset': 'min_only', 'ai_threshold': 44.0, 'leverage': 100, 'pullback_threshold': 0.001}","{'ema9': 62366.85790877503, 'ema21': 62489.90446530899, 'ema200': 63773.14789128527, 'ema_spread': -0.001969, 'ema9_slope_pct': -0.0209, 'ema21_slope_pct': -0.0792, 'ema9_above_ema21': False, 'ema21_above_ema200': False}",WEAK_SETUP,3.9,3.9,False,True,INV_False_EF_True,SHORT,12,8,SCENARIO_C_EARLY_12_v2_frozen,40.0,10.0,-12.0,2.0,8.0,300,1,2,-32.0,False,False,True,False,480,3,5.0,False,5,0.75,"[[12, 8], [15, 10], [25, 18], [40, 28], [60, 45], [80, 60], [100, 75], [150, 120]]","{""trail_ladder"": [[12, 8], [15, 10], [25, 18], [40, 28], [60, 45], [80, 60], [100, 75], [150, 120]], ""ladder_first_trigger_pct"": 12, ""ladder_first_lock_pct"": 8, ""exit_profile_id"": ""SCENARIO_C_EARLY_12_v2_frozen"", ""peak_never_loser_min_peak"": 40.0, ""peak_never_loser_floor"": 10.0, ""thesis_fast_exit_unreal_pct"": -12.0, ""thesis_mfe_protect_pct"": 2.0, ""thesis_exit_if_above_unreal_pct"": 8.0, ""thesis_min_age_sec"": 300, ""thesis_score_flip_margin"": 1, ""thesis_early_decay_delta"": 2, ""early_fail_pct_threshold"": -32.0, ""type_a_first_candle_enabled"": false, ""type_a_early_fail_enabled"": false, ""scenario_c_exit_profile"": true, ""type_a_stall_enabled"": false, ""type_a_stall_min_age_sec"": 480, ""type_a_stall_min_candles"": 3, ""type_a_stall_max_mfe_pct"": 5.0, ""trend_weakening_enabled"": false, ""spread_penalty_threshold"": 5, ""spread_penalty_margin_mult"": 0.75}",,,
2026-06-23T14:10:14.230817+00:00,cont-db4102594c30,SHORT,62595.0,62676.0,0.722195,-12.93,15.0,6,-1.94,-1.94,0.0,0.0,-0.0,-0.0,THESIS_FAST_CUT,100,0.43,68,44.0,True,SIM_LIMIT,AI_DIRECT_LIMIT,,,,,0,BEAR,SR,60-70,SPAWN,-4,-4,BEARISH_STRUCTURE,BEAR_ALIGNED,44.65,-5,2,8,0.03908,bitfinex,tBTCF0:USTF0,v10.3-dashboard-ultimate-gate-2026-06-23,BITFINEX_ZERO,v10.3-dashboard-ultimate-gate-2026-06-23,CONTINUOUS,Continuous AI Research,APPROVE,62542.0,0.045646,0.008339,NEAR_SUPPORT,-0.001263,1.0,207.8,0.722196,-12.940331,0.0,214.552,214.552,214.552,0-5m,AI_DIRECT,AI_DIRECT,0,,53.0,0.0,0.0,0.0,False,0.0,0.0,-0.000882,-2.6e-05,0.000734,0.588637,2.628789,0.0,0.377813,62481.0,62402.646327,62495.789183,63761.618531,-0.00149,NEAR_SUPPORT,SHORT_PREFERRED,0.045646,0.008339,BEAR,3.0,44.0,0.0,100,4.7,True,True,APPROVE,68,"```json
{
  ""direction"": ""SHORT"",
  ""confidence"": 68,
  ""long_score"": 18,
  ""short_score"": 82,
  ""preferred_direction"": ""SHORT"",
  ""entry_zone_low"": 62550,
  ""entry_zone_high"": 62650,
  ""limit_price"": 62600,
  ""expected_mfe"": 350,
  ""expected_mae"": 150,
  ""reversal_probability"": 33,
  ""exit_style"": ""AGGRESSIVE"",
  ""reasons_for_trade"": [
    ""BEAR_ALIGNED multi-timeframe agreement (15m ranging, 1h/4h bearish)"",
    ""Bearish structure bias with structure_score -4 and BEAR_CONTINUATION shift"",
    ""Bearish EMA stack (ema9 below ema21, both below ema200) with bearish slopes"",
    ""ADX 44.65 indicates strong trending market favoring continuation"",
    ""Trend health state BEAR with bear_score 11 vs bull_score 3"",
    ""Price near micro resistance (62693) with short distance (0.3%) offering favorable risk/reward for continuation short"",
    ""Edge score 4.7 above threshold 3.0 supporting trade viability"",
    ""Funding positive (0.0385% per 8h) favoring shorts, longs pay""
  ],
  ""reasons_against_trade"": [
    ""Price near support zone (dist_to_support 0.83%) - bounce risk exists"",
    ""Higher low detected (micro structure) could indicate weakening bear momentum"",
    ""Weaken_signals = 1 suggests slight bear exhaustion"",
    ""Volume ratio below 1 (0.59) - low participation may reduce conviction"",
    ""Reversal probability 33% - non-trivial chance of mean reversion""
  ],
  ""bull_score"": 2,
  ""bear_score"": 8
}
```",62595.0,62676.0,MAKER,TAKER,0.023984,53.0,214.552,-1.94,-1.94,0.0,0.0,-0.0,-0.0,-12.93,43.331786,THESIS_FAST_CUT,2.628789,0.588637,-2.6e-05,0.377813,False,True,"{'price': 62481.0, 'ret_1m': 0.0, 'ret_5m': -0.0005756592097478293, 'ema9': 62402.64632702003, 'ema21': 62495.789183339766, 'ema200': 63761.6185311718, 'dist_to_support': 0.008338534914614042, 'dist_to_resistance': 0.045645876346409306, 'volume': 0.000734485, 'volume_ratio': 0.5886370215720164, 'delta': 2.6287885450000097, 'velocity': -2.5580773119197766e-05, 'imbalance': 0.3778134176470983, 'candle_range': 207.8, 'body_ratio': 0.5552075067946394, 'wick_ratio': 0.44479249320536074}",4.7,"{'early_fail_enabled': True, 'invert_signal': False, 'ai_enabled': True, 'edge_threshold': 3.0, 'edge_threshold_max': None, 'edge_range_preset': 'min_only', 'ai_threshold': 44.0, 'leverage': 100, 'pullback_threshold': 0.001}","{'ema9': 62402.64632702003, 'ema21': 62495.789183339766, 'ema200': 63761.6185311718, 'ema_spread': -0.00149, 'ema9_slope_pct': 0.1247, 'ema21_slope_pct': -0.0067, 'ema9_above_ema21': False, 'ema21_above_ema200': False}",WEAK_SETUP,4.7,4.7,False,True,INV_False_EF_True,SHORT,12,8,SCENARIO_C_EARLY_12_v2_frozen,40.0,10.0,-12.0,2.0,8.0,300,1,2,-32.0,False,False,True,False,480,3,5.0,False,5,0.75,"[[12, 8], [15, 10], [25, 18], [40, 28], [60, 45], [80, 60], [100, 75], [150, 120]]","{""trail_ladder"": [[12, 8], [15, 10], [25, 18], [40, 28], [60, 45], [80, 60], [100, 75], [150, 120]], ""ladder_first_trigger_pct"": 12, ""ladder_first_lock_pct"": 8, ""exit_profile_id"": ""SCENARIO_C_EARLY_12_v2_frozen"", ""peak_never_loser_min_peak"": 40.0, ""peak_never_loser_floor"": 10.0, ""thesis_fast_exit_unreal_pct"": -12.0, ""thesis_mfe_protect_pct"": 2.0, ""thesis_exit_if_above_unreal_pct"": 8.0, ""thesis_min_age_sec"": 300, ""thesis_score_flip_margin"": 1, ""thesis_early_decay_delta"": 2, ""early_fail_pct_threshold"": -32.0, ""type_a_first_candle_enabled"": false, ""type_a_early_fail_enabled"": false, ""scenario_c_exit_profile"": true, ""type_a_stall_enabled"": false, ""type_a_stall_min_age_sec"": 480, ""type_a_stall_min_candles"": 3, ""type_a_stall_max_mfe_pct"": 5.0, ""trend_weakening_enabled"": false, ""spread_penalty_threshold"": 5, ""spread_penalty_margin_mult"": 0.75}",,,
2026-06-23T14:10:14.306779+00:00,c65c-7e2d3c5fe9c2,SHORT,62600.0,62676.0,0.716279,-12.13,15.0,6,-1.82,-1.82,0.0,0.0,-0.0,-0.0,THESIS_FAST_CUT,100,0.4,68,44.0,True,SIM_LIMIT,AI_DIRECT_LIMIT,,,,,0,BEAR,SR,60-70,SPAWN,-4,-4,BEARISH_STRUCTURE,BEAR_ALIGNED,44.65,-5,2,8,0.03908,bitfinex,tBTCF0:USTF0,v10.3-dashboard-ultimate-gate-2026-06-23,BITFINEX_ZERO,v10.3-dashboard-ultimate-gate-2026-06-23,COMBO_65_SP5_CHASE_3PLUS,AI65+ · Spread5+ · Chase 3+,APPROVE,62542.0,0.045646,0.008339,NEAR_SUPPORT,-0.001263,1.0,207.8,0.71628,-12.140575,0.0,214.109,214.109,214.109,0-5m,AI_DIRECT,AI_DIRECT,0,,58.0,0.0,0.0,0.0,False,0.0,0.0,-0.000875,-2.6e-05,0.000734,0.588637,2.628789,0.0,0.377813,62481.0,62402.646327,62495.789183,63761.618531,-0.00149,NEAR_SUPPORT,SHORT_PREFERRED,0.045646,0.008339,BEAR,3.0,44.0,0.0,100,4.7,True,True,APPROVE,68,"```json
{
  ""direction"": ""SHORT"",
  ""confidence"": 68,
  ""long_score"": 18,
  ""short_score"": 82,
  ""preferred_direction"": ""SHORT"",
  ""entry_zone_low"": 62550,
  ""entry_zone_high"": 62650,
  ""limit_price"": 62600,
  ""expected_mfe"": 350,
  ""expected_mae"": 150,
  ""reversal_probability"": 33,
  ""exit_style"": ""AGGRESSIVE"",
  ""reasons_for_trade"": [
    ""BEAR_ALIGNED multi-timeframe agreement (15m ranging, 1h/4h bearish)"",
    ""Bearish structure bias with structure_score -4 and BEAR_CONTINUATION shift"",
    ""Bearish EMA stack (ema9 below ema21, both below ema200) with bearish slopes"",
    ""ADX 44.65 indicates strong trending market favoring continuation"",
    ""Trend health state BEAR with bear_score 11 vs bull_score 3"",
    ""Price near micro resistance (62693) with short distance (0.3%) offering favorable risk/reward for continuation short"",
    ""Edge score 4.7 above threshold 3.0 supporting trade viability"",
    ""Funding positive (0.0385% per 8h) favoring shorts, longs pay""
  ],
  ""reasons_against_trade"": [
    ""Price near support zone (dist_to_support 0.83%) - bounce risk exists"",
    ""Higher low detected (micro structure) could indicate weakening bear momentum"",
    ""Weaken_signals = 1 suggests slight bear exhaustion"",
    ""Volume ratio below 1 (0.59) - low participation may reduce conviction"",
    ""Reversal probability 33% - non-trivial chance of mean reversion""
  ],
  ""bull_score"": 2,
  ""bear_score"": 8
}
```",62600.0,62676.0,MAKER,TAKER,0.023984,58.0,214.109,-1.82,-1.82,0.0,0.0,-0.0,-0.0,-12.13,42.976862,THESIS_FAST_CUT,2.628789,0.588637,-2.6e-05,0.377813,False,True,"{'price': 62481.0, 'ret_1m': 0.0, 'ret_5m': -0.0005756592097478293, 'ema9': 62402.64632702003, 'ema21': 62495.789183339766, 'ema200': 63761.6185311718, 'dist_to_support': 0.008338534914614042, 'dist_to_resistance': 0.045645876346409306, 'volume': 0.000734485, 'volume_ratio': 0.5886370215720164, 'delta': 2.6287885450000097, 'velocity': -2.5580773119197766e-05, 'imbalance': 0.3778134176470983, 'candle_range': 207.8, 'body_ratio': 0.5552075067946394, 'wick_ratio': 0.44479249320536074}",4.7,"{'early_fail_enabled': True, 'invert_signal': False, 'ai_enabled': True, 'edge_threshold': 3.0, 'edge_threshold_max': None, 'edge_range_preset': 'min_only', 'ai_threshold': 44.0, 'leverage': 100, 'pullback_threshold': 0.001}","{'ema9': 62402.64632702003, 'ema21': 62495.789183339766, 'ema200': 63761.6185311718, 'ema_spread': -0.00149, 'ema9_slope_pct': 0.1247, 'ema21_slope_pct': -0.0067, 'ema9_above_ema21': False, 'ema21_above_ema200': False}",WEAK_SETUP,4.7,4.7,False,True,INV_False_EF_True,SHORT,12,8,SCENARIO_C_EARLY_12_v2_frozen,40.0,10.0,-12.0,2.0,8.0,300,1,2,-32.0,False,False,True,False,480,3,5.0,False,5,0.75,"[[12, 8], [15, 10], [25, 18], [40, 28], [60, 45], [80, 60], [100, 75], [150, 120]]","{""trail_ladder"": [[12, 8], [15, 10], [25, 18], [40, 28], [60, 45], [80, 60], [100, 75], [150, 120]], ""ladder_first_trigger_pct"": 12, ""ladder_first_lock_pct"": 8, ""exit_profile_id"": ""SCENARIO_C_EARLY_12_v2_frozen"", ""peak_never_loser_min_peak"": 40.0, ""peak_never_loser_floor"": 10.0, ""thesis_fast_exit_unreal_pct"": -12.0, ""thesis_mfe_protect_pct"": 2.0, ""thesis_exit_if_above_unreal_pct"": 8.0, ""thesis_min_age_sec"": 300, ""thesis_score_flip_margin"": 1, ""thesis_early_decay_delta"": 2, ""early_fail_pct_threshold"": -32.0, ""type_a_first_candle_enabled"": false, ""type_a_early_fail_enabled"": false, ""scenario_c_exit_profile"": true, ""type_a_stall_enabled"": false, ""type_a_stall_min_age_sec"": 480, ""type_a_stall_min_candles"": 3, ""type_a_stall_max_mfe_pct"": 5.0, ""trend_weakening_enabled"": false, ""spread_penalty_threshold"": 5, ""spread_penalty_margin_mult"": 0.75}",,,
2026-06-23T14:14:49.992798+00:00,cont-b40b093fda4a,SHORT,62644.0,62683.94,0.069531,-6.38,15.0,5,-0.96,-0.96,0.0,0.0,-0.0,-0.0,THESIS_FAST_CUT,100,0.21,62,44.0,True,SIM_LIMIT,AI_DIRECT_LIMIT,,,,,0,BEAR,SR,60-70,SPAWN,-4,-4,BEARISH_STRUCTURE,BEAR_ALIGNED,44.65,-5,3,8,0.03974,bitfinex,tBTCF0:USTF0,v10.3-dashboard-ultimate-gate-2026-06-23,BITFINEX_ZERO,v10.3-dashboard-ultimate-gate-2026-06-23,CONTINUOUS,Continuous AI Research,APPROVE,62587.0,0.044826,0.009116,NEAR_SUPPORT,-0.001286,1.0,207.8,0.069532,-14.047634,0.0,142.065,142.065,142.065,0-5m,AI_DIRECT,AI_DIRECT,0,,57.0,0.0,0.2862,0.2862,False,0.0,0.0,-8.6e-05,6e-06,0.000661,0.110247,2.941528,0.0,0.372523,62568.0,62423.246327,62505.15282,63762.643407,-0.00131,NEAR_SUPPORT,SHORT_PREFERRED,0.044826,0.009116,BEAR,3.0,44.0,0.0,100,4.7,True,True,APPROVE,62,"```json
{
  ""direction"": ""SHORT"",
  ""confidence"": 62,
  ""long_score"": 25,
  ""short_score"": 75,
  ""preferred_direction"": ""SHORT"",
  ""entry_zone_low"": 62580,
  ""entry_zone_high"": 62700,
  ""limit_price"": 62640,
  ""expected_mfe"": 180,
  ""expected_mae"": 80,
  ""reversal_probability"": 51,
  ""exit_style"": ""AGGRESSIVE"",
  ""reasons_for_trade"": [
    ""BEAR_ALIGNED multi-timeframe agreement (15m ranging, 1h/4h bearish)"",
    ""Bearish structure score -4 with BEAR_CONTINUATION market structure shift"",
    ""Bearish EMA stack (price below ema200, ema9 below ema21, ema21 below ema200)"",
    ""ADX 44.65 (>25) confirms strong trending environment favoring continuation"",
    ""Trend health state BEAR with bear_score 11 vs bull_score 3"",
    ""Price near micro resistance (62693) with liquidity sweep high already triggered"",
    ""Funding positive (0.039% per 8h) favors shorts"",
    ""Edge score 4.7 above threshold 3.0 supports trade quality""
  ],
  ""reasons_against_trade"": [
    ""Price near support (0.9% away) increases bounce risk for short entries"",
    ""Reversal probability 51% suggests non-trivial reversal chance"",
    ""Volume ratio low (0.11) may indicate weak conviction in current move"",
    ""Micro structure shows higher low detected, hinting at potential support forming"",
    ""Compression regime may precede volatile expansion in either direction""
  ],
  ""bull_score"": 3,
  ""bear_score"": 8
}
```

**Direction:** SHORT  
**Win probability:** 62%  
**Long score:** 25  
**Short score:** 75  
**Bull score:** 3  
**Bear score:** 8  
**Decision:** APPROVE  
**Reason:** Strong bearish alignment across all trend hierarchy layers (MTF, structure, EMA, ADX) with clear continuation bias. Short entry near micro resistance (62693) with limit above current price. The proximity to support (0.9%) is a risk factor but does not override the dominant bearish trend - continuation is favored over reversal given weak reversal evidence (no structure shift, no momentum expansion in bullish direction). Entry zone targets a pullback to the micro resistance area for optimal risk/reward.",62644.0,62683.94,MAKER,TAKER,0.023967,57.0,142.065,-0.96,-0.96,0.0,0.0,-0.0,-0.0,-6.38,4.171992,THESIS_FAST_CUT,2.941528,0.110247,6e-06,0.372523,False,True,"{'price': 62568.0, 'ret_1m': 0.0006077083000159923, 'ret_5m': -0.000351493848857645, 'ema9': 62423.24632702004, 'ema21': 62505.1528197034, 'ema200': 63762.643406793686, 'dist_to_support': 0.009115624500239885, 'dist_to_resistance': 0.04482648328802175, 'volume': 0.0006606590000000001, 'volume_ratio': 0.1102467131816659, 'delta': 2.9415284810000175, 'velocity': 6.444403935844075e-06, 'imbalance': 0.3725226336363129, 'candle_range': 207.8, 'body_ratio': 0.5552075067946394, 'wick_ratio': 0.44479249320536074}",4.7,"{'early_fail_enabled': True, 'invert_signal': False, 'ai_enabled': True, 'edge_threshold': 3.0, 'edge_threshold_max': None, 'edge_range_preset': 'min_only', 'ai_threshold': 44.0, 'leverage': 100, 'pullback_threshold': 0.001}","{'ema9': 62423.24632702004, 'ema21': 62505.1528197034, 'ema200': 63762.643406793686, 'ema_spread': -0.00131, 'ema9_slope_pct': 0.1578, 'ema21_slope_pct': 0.0083, 'ema9_above_ema21': False, 'ema21_above_ema200': False}",MOMENTUM_LONG,4.7,4.7,False,True,INV_False_EF_True,SHORT,12,8,SCENARIO_C_EARLY_12_v2_frozen,40.0,10.0,-12.0,2.0,8.0,300,1,2,-32.0,False,False,True,False,480,3,5.0,False,5,0.75,"[[12, 8], [15, 10], [25, 18], [40, 28], [60, 45], [80, 60], [100, 75], [150, 120]]","{""trail_ladder"": [[12, 8], [15, 10], [25, 18], [40, 28], [60, 45], [80, 60], [100, 75], [150, 120]], ""ladder_first_trigger_pct"": 12, ""ladder_first_lock_pct"": 8, ""exit_profile_id"": ""SCENARIO_C_EARLY_12_v2_frozen"", ""peak_never_loser_min_peak"": 40.0, ""peak_never_loser_floor"": 10.0, ""thesis_fast_exit_unreal_pct"": -12.0, ""thesis_mfe_protect_pct"": 2.0, ""thesis_exit_if_above_unreal_pct"": 8.0, ""thesis_min_age_sec"": 300, ""thesis_score_flip_margin"": 1, ""thesis_early_decay_delta"": 2, ""early_fail_pct_threshold"": -32.0, ""type_a_first_candle_enabled"": false, ""type_a_early_fail_enabled"": false, ""scenario_c_exit_profile"": true, ""type_a_stall_enabled"": false, ""type_a_stall_min_age_sec"": 480, ""type_a_stall_min_candles"": 3, ""type_a_stall_max_mfe_pct"": 5.0, ""trend_weakening_enabled"": false, ""spread_penalty_threshold"": 5, ""spread_penalty_margin_mult"": 0.75}",,,
2026-06-23T14:30:10.812545+00:00,cont-f1e4ffc87f81,SHORT,62595.0,62672.0,0.538492,-12.3,15.0,8,-1.84,-1.85,0.0,0.0,-0.0,-0.0,THESIS_FAST_CUT,100,0.41,62,44.0,True,SIM_LIMIT,AI_DIRECT_LIMIT,,,,,0,BEAR,SR,60-70,SPAWN,-4,-4,BEARISH_STRUCTURE,BEAR_ALIGNED,42.09,-5,3,11,0.04167,bitfinex,tBTCF0:USTF0,v10.3-dashboard-ultimate-gate-2026-06-23,BITFINEX_ZERO,v10.3-dashboard-ultimate-gate-2026-06-23,CONTINUOUS,Continuous AI Research,APPROVE,62570.0,0.04283,0.008688,NEAR_SUPPORT,-0.000668,0.613675,197.2,0.538493,-12.301302,0.159757,84.181,84.181,84.181,0-5m,AI_DIRECT,AI_DIRECT,0,,25.0,0.0,0.0,0.0,False,0.0,0.0,-0.000701,-7.7e-05,0.020272,0.057391,3.084626,0.0,0.270193,62503.0,62474.717062,62522.907522,63752.455319,-0.000771,NEAR_SUPPORT,SHORT_PREFERRED,0.04283,0.008688,BEAR,3.0,44.0,0.0,100,4.3,True,True,APPROVE,62,"```json
{
  ""direction"": ""SHORT"",
  ""confidence"": 62,
  ""long_score"": 25,
  ""short_score"": 72,
  ""preferred_direction"": ""SHORT"",
  ""entry_zone_low"": 62550,
  ""entry_zone_high"": 62650,
  ""limit_price"": 62600,
  ""expected_mfe"": 0.0045,
  ""expected_mae"": 0.003,
  ""reversal_probability"": 59,
  ""exit_style"": ""AGGRESSIVE"",
  ""reasons_for_trade"": [
    ""MTF agreement is BEAR_ALIGNED (15m ranging, 1h/4h bearish) - strong bearish hierarchy"",
    ""Market structure bias is BEARISH_STRUCTURE with structure_score -4 and BEAR_CONTINUATION shift"",
    ""EMA stack is bearish (price below ema21, ema9 below ema21, ema21 below ema200) - bear alignment"",
    ""ADX at 42.09 (>25) confirms trending market, favoring continuation"",
    ""Trend health state is BEAR with bear_score 11 vs bull_score 3 - intact bearish momentum"",
    ""Velocity negative (-7.67e-5) and volume_ratio low (0.057) suggest weak buying pressure"",
    ""Funding rate positive (0.0414% per 8h) favors shorts - longs paying shorts"",
    ""Liquidity sweep high detected - potential for rejection from micro resistance (62693)""
  ],
  ""reasons_against_trade"": [
    ""Price is near micro support (61988) - bounce risk is elevated (reversal_probability 59)"",
    ""Higher low detected - micro structure shows some bullish resilience"",
    ""Edge_score is 4.3 (above threshold) but not directional - could indicate mean reversion"",
    ""Candle body ratio > wick ratio suggests some buying absorption near support"",
    ""Reversal risk score 59 - higher score indicates increased reversal probability""
  ],
  ""bull_score"": 3,
  ""bear_score"": 11
}
```",62595.0,62672.0,MAKER,TAKER,0.023973,25.0,84.181,-1.84,-1.85,0.0,0.0,-0.0,-0.0,-12.3,32.309638,THESIS_FAST_CUT,3.084626,0.057391,-7.7e-05,0.270193,False,True,"{'price': 62503.0, 'ret_1m': 0.0, 'ret_5m': -0.00030389302965356195, 'ema9': 62474.71706161603, 'ema21': 62522.907522045905, 'ema200': 63752.455318587876, 'dist_to_support': 0.00868758299601619, 'dist_to_resistance': 0.04282994416268019, 'volume': 0.020272042, 'volume_ratio': 0.05739097439463799, 'delta': 3.084625704000079, 'velocity': -7.670934109484435e-05, 'imbalance': 0.2701928117418714, 'candle_range': 197.2, 'body_ratio': 0.5149559344675952, 'wick_ratio': 0.48504406553240464}",4.3,"{'early_fail_enabled': True, 'invert_signal': False, 'ai_enabled': True, 'edge_threshold': 3.0, 'edge_threshold_max': None, 'edge_range_preset': 'min_only', 'ai_threshold': 44.0, 'leverage': 100, 'pullback_threshold': 0.001}","{'ema9': 62474.71706161603, 'ema21': 62522.907522045905, 'ema200': 63752.455318587876, 'ema_spread': -0.000771, 'ema9_slope_pct': 0.1995, 'ema21_slope_pct': 0.0437, 'ema9_above_ema21': False, 'ema21_above_ema200': False}",WEAK_SETUP,4.3,4.3,False,True,INV_False_EF_True,SHORT,12,8,SCENARIO_C_EARLY_12_v2_frozen,40.0,10.0,-12.0,2.0,8.0,300,1,2,-32.0,False,False,True,False,480,3,5.0,False,5,0.75,"[[12, 8], [15, 10], [25, 18], [40, 28], [60, 45], [80, 60], [100, 75], [150, 120]]","{""trail_ladder"": [[12, 8], [15, 10], [25, 18], [40, 28], [60, 45], [80, 60], [100, 75], [150, 120]], ""ladder_first_trigger_pct"": 12, ""ladder_first_lock_pct"": 8, ""exit_profile_id"": ""SCENARIO_C_EARLY_12_v2_frozen"", ""peak_never_loser_min_peak"": 40.0, ""peak_never_loser_floor"": 10.0, ""thesis_fast_exit_unreal_pct"": -12.0, ""thesis_mfe_protect_pct"": 2.0, ""thesis_exit_if_above_unreal_pct"": 8.0, ""thesis_min_age_sec"": 300, ""thesis_score_flip_margin"": 1, ""thesis_early_decay_delta"": 2, ""early_fail_pct_threshold"": -32.0, ""type_a_first_candle_enabled"": false, ""type_a_early_fail_enabled"": false, ""scenario_c_exit_profile"": true, ""type_a_stall_enabled"": false, ""type_a_stall_min_age_sec"": 480, ""type_a_stall_min_candles"": 3, ""type_a_stall_max_mfe_pct"": 5.0, ""trend_weakening_enabled"": false, ""spread_penalty_threshold"": 5, ""spread_penalty_margin_mult"": 0.75}",,,
2026-06-23T14:36:30.897717+00:00,cont-58fec9d2801f,SHORT,62695.0,62783.84,0.33828,-14.17,15.0,5,-2.13,-2.13,0.0,0.0,-0.0,-0.0,THESIS_FAST_CUT,100,0.47,62,44.0,True,SIM_LIMIT,AI_DIRECT_LIMIT,,,,,0,BEAR,SR,60-70,SPAWN,-4,-4,BEARISH_STRUCTURE,BEAR_ALIGNED,39.76,-5,3,8,0.04244,bitfinex,tBTCF0:USTF0,v10.3-dashboard-ultimate-gate-2026-06-23,BITFINEX_ZERO,v10.3-dashboard-ultimate-gate-2026-06-23,CONTINUOUS,Continuous AI Research,APPROVE,62639.0,0.041514,0.009939,NEAR_SUPPORT,-0.000276,1.0,188.8,0.338281,-14.170189,1.276019,283.614,283.614,283.614,0-5m,AI_DIRECT,AI_DIRECT,0,,56.0,0.0,0.3553,0.3553,False,0.0,0.0,-0.000449,-9.6e-05,0.001016,0.360455,3.065952,0.0,0.259243,62582.0,62518.813649,62539.155599,63742.454985,-0.000325,NEAR_SUPPORT,SHORT_PREFERRED,0.041514,0.009939,BEAR,3.0,44.0,0.0,100,4.7,True,True,APPROVE,62,"```json
{
  ""direction"": ""SHORT"",
  ""confidence"": 62,
  ""long_score"": 28,
  ""short_score"": 72,
  ""preferred_direction"": ""SHORT"",
  ""entry_zone_low"": 62650,
  ""entry_zone_high"": 62750,
  ""limit_price"": 62700,
  ""expected_mfe"": 180,
  ""expected_mae"": 120,
  ""reversal_probability"": 51,
  ""exit_style"": ""AGGRESSIVE"",
  ""reasons_for_trade"": [
    ""MTF agreement is BEAR_ALIGNED (15m ranging, 1h/4h bearish)"",
    ""Market structure bias is BEARISH_STRUCTURE with structure_score -4"",
    ""EMA stack is bearish (ema9 below ema21, both below ema200)"",
    ""ADX at 39.76 indicates strong trending conditions favoring continuation"",
    ""Trend health state is BEAR with bear_score 11 vs bull_score 3"",
    ""Price is near micro resistance (62693) with low distance (0.118%)"",
    ""Liquidity sweep low detected, suggesting bearish pressure"",
    ""Regime is BEAR with consistent last 3 signals all bearish"",
    ""Funding rate positive (0.0418% per 8h) favors shorts"",
    ""Edge score 4.7 above threshold 3.0 supports trade quality""
  ],
  ""reasons_against_trade"": [
    ""Price is near support (1.05% to support, 4.09% to resistance) - bounce risk elevated"",
    ""Reversal probability at 51% suggests non-trivial reversal risk"",
    ""Micro structure shows higher low detected, potential for short-term bounce"",
    ""Volume ratio very low (0.011) indicating low participation"",
    ""Compression regime may precede breakout in either direction"",
    ""Distance to micro support (61988) is only 1.0% - limited downside room""
  ],
  ""bull_score"": 3,
  ""bear_score"": 8
}
```

Direction: SHORT
Win probability: 62%
Long score: 28
Short score: 72
Bull score: 3
Bear score: 8
Decision: APPROVE
Reason: Strong bearish alignment across all trend hierarchy layers (MTF, structure, EMA, ADX) supports continuation. Price near micro resistance (62693) provides a favorable short entry with tight stop. While near support introduces bounce risk, the bearish conviction from trend strength and consistent regime outweighs this. Entry above current price (62700 limit) targets a pullback to resistance before continuation. Exit aggressive due to proximity to support limiting downside.",62695.0,62783.84,MAKER,TAKER,0.023947,56.0,283.614,-2.13,-2.13,0.0,0.0,-0.0,-0.0,-14.17,20.296866,THESIS_FAST_CUT,3.065952,0.360455,-9.6e-05,0.259243,False,True,"{'price': 62582.0, 'ret_1m': 0.0, 'ret_5m': -0.001069450430174464, 'ema9': 62518.813649292824, 'ema21': 62539.155598555524, 'ema200': 63742.45498525544, 'dist_to_support': 0.009938960084369307, 'dist_to_resistance': 0.04151353424307309, 'volume': 0.001016187, 'volume_ratio': 0.3604547726945364, 'delta': 3.065951926000082, 'velocity': -9.580736536494559e-05, 'imbalance': 0.25924336395445674, 'candle_range': 188.8, 'body_ratio': 0.560656180167841, 'wick_ratio': 0.439343819832159}",4.7,"{'early_fail_enabled': True, 'invert_signal': False, 'ai_enabled': True, 'edge_threshold': 3.0, 'edge_threshold_max': None, 'edge_range_preset': 'min_only', 'ai_threshold': 44.0, 'leverage': 100, 'pullback_threshold': 0.001}","{'ema9': 62518.813649292824, 'ema21': 62539.155598555524, 'ema200': 63742.45498525544, 'ema_spread': -0.000325, 'ema9_slope_pct': 0.2176, 'ema21_slope_pct': 0.067, 'ema9_above_ema21': False, 'ema21_above_ema200': False}",WEAK_SETUP,4.7,4.7,False,True,INV_False_EF_True,SHORT,12,8,SCENARIO_C_EARLY_12_v2_frozen,40.0,10.0,-12.0,2.0,8.0,300,1,2,-32.0,False,False,True,False,480,3,5.0,False,5,0.75,"[[12, 8], [15, 10], [25, 18], [40, 28], [60, 45], [80, 60], [100, 75], [150, 120]]","{""trail_ladder"": [[12, 8], [15, 10], [25, 18], [40, 28], [60, 45], [80, 60], [100, 75], [150, 120]], ""ladder_first_trigger_pct"": 12, ""ladder_first_lock_pct"": 8, ""exit_profile_id"": ""SCENARIO_C_EARLY_12_v2_frozen"", ""peak_never_loser_min_peak"": 40.0, ""peak_never_loser_floor"": 10.0, ""thesis_fast_exit_unreal_pct"": -12.0, ""thesis_mfe_protect_pct"": 2.0, ""thesis_exit_if_above_unreal_pct"": 8.0, ""thesis_min_age_sec"": 300, ""thesis_score_flip_margin"": 1, ""thesis_early_decay_delta"": 2, ""early_fail_pct_threshold"": -32.0, ""type_a_first_candle_enabled"": false, ""type_a_early_fail_enabled"": false, ""scenario_c_exit_profile"": true, ""type_a_stall_enabled"": false, ""type_a_stall_min_age_sec"": 480, ""type_a_stall_min_candles"": 3, ""type_a_stall_max_mfe_pct"": 5.0, ""trend_weakening_enabled"": false, ""spread_penalty_threshold"": 5, ""spread_penalty_margin_mult"": 0.75}",,,
2026-06-23T14:45:04.511373+00:00,cont-e6a69328a098,SHORT,62629.0,62562.0,1.70933,10.71,15.0,6,1.61,1.6,0.0,0.0,-0.0,-0.0,PROFIT_LOCK_LADDER,100,0.36,62,44.0,True,SIM_LIMIT,AI_DIRECT_LIMIT,,,,,0,BEAR,SR,60-70,SPAWN,-4,-4,BEARISH_STRUCTURE,MIXED,39.76,-3,3,9,0.04353,bitfinex,tBTCF0:USTF0,v10.3-dashboard-ultimate-gate-2026-06-23,BITFINEX_ZERO,v10.3-dashboard-ultimate-gate-2026-06-23,CONTINUOUS,Continuous AI Research,APPROVE,62582.0,0.04163,0.009828,NEAR_SUPPORT,-0.000308,1.0,188.8,1.709331,-5.109454,12.773635,148.253,148.253,148.253,0-5m,AI_DIRECT,AI_DIRECT,0,,47.0,0.0,0.0,0.0,False,0.0,0.0,-0.00232,-3.4e-05,0.000559,0.004896,2.727945,0.0,0.213168,62575.0,62511.413649,62535.791962,63742.086826,-0.00039,NEAR_SUPPORT,SHORT_PREFERRED,0.04163,0.009828,BEAR,3.0,44.0,0.0,100,4.3,True,True,APPROVE,62,"```json
{
  ""direction"": ""SHORT"",
  ""confidence"": 62,
  ""long_score"": 25,
  ""short_score"": 75,
  ""preferred_direction"": ""SHORT"",
  ""entry_zone_low"": 62575,
  ""entry_zone_high"": 62693,
  ""limit_price"": 62634,
  ""expected_mfe"": 0.008,
  ""expected_mae"": 0.004,
  ""reversal_probability"": 51,
  ""exit_style"": ""AGGRESSIVE"",
  ""reasons_for_trade"": [
    ""MTF agreement is BEARISH on 4h, RANGING on lower TFs - no bullish alignment to counter bearish structure"",
    ""EMA stack is bearish (ema9 below ema21, both below ema200) with bearish alignment confirmed"",
    ""Trend health state is BEAR with bear_score=9 vs bull_score=3, indicating strong bearish momentum"",
    ""ADX at 39.76 (>25) confirms trending conditions favoring continuation of the bear trend"",
    ""Market structure shows BEAR_CONTINUATION with recent lower lows and lower highs"",
    ""Price is near micro resistance (62693) and has rejected it, providing a short entry zone"",
    ""Funding rate positive (0.04294% per 8h) favors shorts, as longs are paying""
  ],
  ""reasons_against_trade"": [
    ""Price is near support (dist_to_support=0.98%), increasing bounce risk for short entries"",
    ""Reversal probability is 51%, indicating moderate risk of a reversal from support"",
    ""Volume ratio is very low (0.0049), suggesting lack of conviction in current move"",
    ""Higher low detected on micro structure could signal potential bottom formation"",
    ""Compression regime may precede a breakout in either direction, adding uncertainty""
  ],
  ""bull_score"": 3,
  ""bear_score"": 9
}
```",62629.0,62562.0,MAKER,TAKER,0.023969,47.0,148.253,1.61,1.6,0.0,0.0,-0.0,-0.0,10.71,102.559989,PROFIT_LOCK_LADDER,2.727945,0.004896,-3.4e-05,0.213168,False,True,"{'price': 62575.0, 'ret_1m': 0.0, 'ret_5m': -0.0007505349557663441, 'ema9': 62511.41364929282, 'ema21': 62535.791962191885, 'ema200': 63742.08682605146, 'dist_to_support': 0.00982820615261686, 'dist_to_resistance': 0.04163004394726329, 'volume': 0.000559131, 'volume_ratio': 0.004896278775070729, 'delta': 2.727944752000076, 'velocity': -3.3548340551530726e-05, 'imbalance': 0.21316782385603789, 'candle_range': 188.8, 'body_ratio': 0.560656180167841, 'wick_ratio': 0.439343819832159}",4.3,"{'early_fail_enabled': True, 'invert_signal': False, 'ai_enabled': True, 'edge_threshold': 3.0, 'edge_threshold_max': None, 'edge_range_preset': 'min_only', 'ai_threshold': 44.0, 'leverage': 100, 'pullback_threshold': 0.001}","{'ema9': 62511.41364929282, 'ema21': 62535.791962191885, 'ema200': 63742.08682605146, 'ema_spread': -0.00039, 'ema9_slope_pct': 0.2058, 'ema21_slope_pct': 0.0616, 'ema9_above_ema21': False, 'ema21_above_ema200': False}",WEAK_SETUP,4.3,4.3,False,True,INV_False_EF_True,SHORT,12,8,SCENARIO_C_EARLY_12_v2_frozen,40.0,10.0,-12.0,2.0,8.0,300,1,2,-32.0,False,False,True,False,480,3,5.0,False,5,0.75,"[[12, 8], [15, 10], [25, 18], [40, 28], [60, 45], [80, 60], [100, 75], [150, 120]]","{""trail_ladder"": [[12, 8], [15, 10], [25, 18], [40, 28], [60, 45], [80, 60], [100, 75], [150, 120]], ""ladder_first_trigger_pct"": 12, ""ladder_first_lock_pct"": 8, ""exit_profile_id"": ""SCENARIO_C_EARLY_12_v2_frozen"", ""peak_never_loser_min_peak"": 40.0, ""peak_never_loser_floor"": 10.0, ""thesis_fast_exit_unreal_pct"": -12.0, ""thesis_mfe_protect_pct"": 2.0, ""thesis_exit_if_above_unreal_pct"": 8.0, ""thesis_min_age_sec"": 300, ""thesis_score_flip_margin"": 1, ""thesis_early_decay_delta"": 2, ""early_fail_pct_threshold"": -32.0, ""type_a_first_candle_enabled"": false, ""type_a_early_fail_enabled"": false, ""scenario_c_exit_profile"": true, ""type_a_stall_enabled"": false, ""type_a_stall_min_age_sec"": 480, ""type_a_stall_min_candles"": 3, ""type_a_stall_max_mfe_pct"": 5.0, ""trend_weakening_enabled"": false, ""spread_penalty_threshold"": 5, ""spread_penalty_margin_mult"": 0.75}",,,
2026-06-23T14:53:42.150978+00:00,cont-16f814fce739,SHORT,62635.0,62579.64,2.578709,8.86,15.0,6,1.33,1.33,0.0,0.0,-0.0,-0.0,PROFIT_LOCK_LADDER,100,0.29,68,44.0,True,SIM_LIMIT,AI_DIRECT_LIMIT,,,,,0,BEAR,SR,60-70,SPAWN,-4,-4,BEARISH_STRUCTURE,BEAR_ALIGNED,37.59,-5,2,8,0.04457,bitfinex,tBTCF0:USTF0,v10.3-dashboard-ultimate-gate-2026-06-23,BITFINEX_ZERO,v10.3-dashboard-ultimate-gate-2026-06-23,CONTINUOUS,Continuous AI Research,APPROVE,62619.0,0.042113,0.009369,NEAR_SUPPORT,-0.000322,0.895083,172.5,2.578709,-3.831723,12.612756,235.165,235.165,235.165,0-5m,AI_DIRECT,AI_DIRECT,0,,16.0,0.0,0.2788,0.2788,False,0.0,0.0,-0.003582,-1.4e-05,0.006959,0.114207,2.638966,0.0,0.190165,62536.0,62509.810919,62532.232362,63729.886121,-0.000359,NEAR_SUPPORT,SHORT_PREFERRED,0.042113,0.009369,BEAR,3.0,44.0,0.0,100,4.2,True,True,APPROVE,68,"```json
{
  ""direction"": ""SHORT"",
  ""confidence"": 68,
  ""long_score"": 18,
  ""short_score"": 82,
  ""preferred_direction"": ""SHORT"",
  ""entry_zone_low"": 62580,
  ""entry_zone_high"": 62700,
  ""limit_price"": 62640,
  ""expected_mfe"": 0.0045,
  ""expected_mae"": 0.0032,
  ""reversal_probability"": 29,
  ""exit_style"": ""AGGRESSIVE"",
  ""reasons_for_trade"": [
    ""MTF agreement is BEAR_ALIGNED (15m ranging, 1h/4h bearish) - strong bearish hierarchy"",
    ""Market structure bias is BEARISH with structure_score -4 and BEAR_CONTINUATION shift"",
    ""EMA stack is bearish (price below ema200, ema9 below ema21, ema21 below ema200)"",
    ""ADX at 37.59 (>25) confirms trending bearish environment favoring continuation"",
    ""Trend health state is BEAR with bear_score 11 vs bull_score 3 - intact bearish momentum"",
    ""Funding positive (0.044% per 8h) favors shorts, longs paying - adds bearish pressure"",
    ""Price near support (0.94% away) but no reversal confirmation - continuation more likely"",
    ""Liquidity sweeps both sides suggest potential stop-run before further downside"",
    ""Edge_score 4.2 above threshold 3.0 supports trade quality""
  ],
  ""reasons_against_trade"": [
    ""Price is very close to micro support at 61988 - bounce risk if support holds"",
    ""Reversal risk score is 71 (high) indicating potential for mean reversion"",
    ""Volume ratio low (0.39) - lack of aggressive selling volume on recent move"",
    ""Higher low detected suggests some buying interest near support zone"",
    ""Compression regime may precede expansion in either direction""
  ],
  ""bull_score"": 2,
  ""bear_score"": 8
}
```",62635.0,62579.64,MAKER,TAKER,0.023954,16.0,235.165,1.33,1.33,0.0,0.0,-0.0,-0.0,8.86,154.722615,PROFIT_LOCK_LADDER,2.638966,0.114207,-1.4e-05,0.190165,False,True,"{'price': 62536.0, 'ret_1m': 0.0, 'ret_5m': -0.00044754171728150375, 'ema9': 62509.81091943426, 'ema21': 62532.232362323746, 'ema200': 63729.88612080449, 'dist_to_support': 0.009369104339206345, 'dist_to_resistance': 0.042113004828446265, 'volume': 0.006959118, 'volume_ratio': 0.11420665978320287, 'delta': 2.6389660380000683, 'velocity': -1.438933270474945e-05, 'imbalance': 0.19016467846582602, 'candle_range': 172.5, 'body_ratio': 0.5993302133170122, 'wick_ratio': 0.4006697866829877}",4.2,"{'early_fail_enabled': True, 'invert_signal': False, 'ai_enabled': True, 'edge_threshold': 3.0, 'edge_threshold_max': None, 'edge_range_preset': 'min_only', 'ai_threshold': 44.0, 'leverage': 100, 'pullback_threshold': 0.001}","{'ema9': 62509.81091943426, 'ema21': 62532.232362323746, 'ema200': 63729.88612080449, 'ema_spread': -0.000359, 'ema9_slope_pct': 0.0803, 'ema21_slope_pct': 0.0168, 'ema9_above_ema21': False, 'ema21_above_ema200': False}",WEAK_SETUP,4.2,4.2,False,True,INV_False_EF_True,SHORT,12,8,SCENARIO_C_EARLY_12_v2_frozen,40.0,10.0,-12.0,2.0,8.0,300,1,2,-32.0,False,False,True,False,480,3,5.0,False,5,0.75,"[[12, 8], [15, 10], [25, 18], [40, 28], [60, 45], [80, 60], [100, 75], [150, 120]]","{""trail_ladder"": [[12, 8], [15, 10], [25, 18], [40, 28], [60, 45], [80, 60], [100, 75], [150, 120]], ""ladder_first_trigger_pct"": 12, ""ladder_first_lock_pct"": 8, ""exit_profile_id"": ""SCENARIO_C_EARLY_12_v2_frozen"", ""peak_never_loser_min_peak"": 40.0, ""peak_never_loser_floor"": 10.0, ""thesis_fast_exit_unreal_pct"": -12.0, ""thesis_mfe_protect_pct"": 2.0, ""thesis_exit_if_above_unreal_pct"": 8.0, ""thesis_min_age_sec"": 300, ""thesis_score_flip_margin"": 1, ""thesis_early_decay_delta"": 2, ""early_fail_pct_threshold"": -32.0, ""type_a_first_candle_enabled"": false, ""type_a_early_fail_enabled"": false, ""scenario_c_exit_profile"": true, ""type_a_stall_enabled"": false, ""type_a_stall_min_age_sec"": 480, ""type_a_stall_min_candles"": 3, ""type_a_stall_max_mfe_pct"": 5.0, ""trend_weakening_enabled"": false, ""spread_penalty_threshold"": 5, ""spread_penalty_margin_mult"": 0.75}",,,
2026-06-23T14:53:52.424327+00:00,c65c-02e7dcc27bfd,SHORT,62640.0,62587.84,2.744421,8.35,15.0,6,1.25,1.25,0.0,0.0,-0.0,-0.0,PROFIT_LOCK_LADDER,100,0.28,68,44.0,True,SIM_LIMIT,AI_DIRECT_LIMIT,,,,,0,BEAR,SR,60-70,SPAWN,-4,-4,BEARISH_STRUCTURE,BEAR_ALIGNED,37.59,-5,2,8,0.04457,bitfinex,tBTCF0:USTF0,v10.3-dashboard-ultimate-gate-2026-06-23,BITFINEX_ZERO,v10.3-dashboard-ultimate-gate-2026-06-23,COMBO_65_SP5_CHASE_3PLUS,AI65+ · Spread5+ · Chase 3+,APPROVE,62619.0,0.042113,0.009369,NEAR_SUPPORT,-0.000322,0.895083,172.5,2.744421,-3.033206,13.409962,233.494,233.494,233.494,0-5m,AI_DIRECT,AI_DIRECT,0,,21.0,0.0,0.1878,0.1878,False,0.0,0.0,-0.003813,-1.4e-05,0.006959,0.114207,2.638966,0.0,0.190165,62536.0,62509.810919,62532.232362,63729.886121,-0.000359,NEAR_SUPPORT,SHORT_PREFERRED,0.042113,0.009369,BEAR,3.0,44.0,0.0,100,4.2,True,True,APPROVE,68,"```json
{
  ""direction"": ""SHORT"",
  ""confidence"": 68,
  ""long_score"": 18,
  ""short_score"": 82,
  ""preferred_direction"": ""SHORT"",
  ""entry_zone_low"": 62580,
  ""entry_zone_high"": 62700,
  ""limit_price"": 62640,
  ""expected_mfe"": 0.0045,
  ""expected_mae"": 0.0032,
  ""reversal_probability"": 29,
  ""exit_style"": ""AGGRESSIVE"",
  ""reasons_for_trade"": [
    ""MTF agreement is BEAR_ALIGNED (15m ranging, 1h/4h bearish) - strong bearish hierarchy"",
    ""Market structure bias is BEARISH with structure_score -4 and BEAR_CONTINUATION shift"",
    ""EMA stack is bearish (price below ema200, ema9 below ema21, ema21 below ema200)"",
    ""ADX at 37.59 (>25) confirms trending bearish environment favoring continuation"",
    ""Trend health state is BEAR with bear_score 11 vs bull_score 3 - intact bearish momentum"",
    ""Funding positive (0.044% per 8h) favors shorts, longs paying - adds bearish pressure"",
    ""Price near support (0.94% away) but no reversal confirmation - continuation more likely"",
    ""Liquidity sweeps both sides suggest potential stop-run before further downside"",
    ""Edge_score 4.2 above threshold 3.0 supports trade quality""
  ],
  ""reasons_against_trade"": [
    ""Price is very close to micro support at 61988 - bounce risk if support holds"",
    ""Reversal risk score is 71 (high) indicating potential for mean reversion"",
    ""Volume ratio low (0.39) - lack of aggressive selling volume on recent move"",
    ""Higher low detected suggests some buying interest near support zone"",
    ""Compression regime may precede expansion in either direction""
  ],
  ""bull_score"": 2,
  ""bear_score"": 8
}
```",62640.0,62587.84,MAKER,TAKER,0.023954,21.0,233.494,1.25,1.25,0.0,0.0,-0.0,-0.0,8.35,164.66532,PROFIT_LOCK_LADDER,2.638966,0.114207,-1.4e-05,0.190165,False,True,"{'price': 62536.0, 'ret_1m': 0.0, 'ret_5m': -0.00044754171728150375, 'ema9': 62509.81091943426, 'ema21': 62532.232362323746, 'ema200': 63729.88612080449, 'dist_to_support': 0.009369104339206345, 'dist_to_resistance': 0.042113004828446265, 'volume': 0.006959118, 'volume_ratio': 0.11420665978320287, 'delta': 2.6389660380000683, 'velocity': -1.438933270474945e-05, 'imbalance': 0.19016467846582602, 'candle_range': 172.5, 'body_ratio': 0.5993302133170122, 'wick_ratio': 0.4006697866829877}",4.2,"{'early_fail_enabled': True, 'invert_signal': False, 'ai_enabled': True, 'edge_threshold': 3.0, 'edge_threshold_max': None, 'edge_range_preset': 'min_only', 'ai_threshold': 44.0, 'leverage': 100, 'pullback_threshold': 0.001}","{'ema9': 62509.81091943426, 'ema21': 62532.232362323746, 'ema200': 63729.88612080449, 'ema_spread': -0.000359, 'ema9_slope_pct': 0.0803, 'ema21_slope_pct': 0.0168, 'ema9_above_ema21': False, 'ema21_above_ema200': False}",WEAK_SETUP,4.2,4.2,False,True,INV_False_EF_True,SHORT,12,8,SCENARIO_C_EARLY_12_v2_frozen,40.0,10.0,-12.0,2.0,8.0,300,1,2,-32.0,False,False,True,False,480,3,5.0,False,5,0.75,"[[12, 8], [15, 10], [25, 18], [40, 28], [60, 45], [80, 60], [100, 75], [150, 120]]","{""trail_ladder"": [[12, 8], [15, 10], [25, 18], [40, 28], [60, 45], [80, 60], [100, 75], [150, 120]], ""ladder_first_trigger_pct"": 12, ""ladder_first_lock_pct"": 8, ""exit_profile_id"": ""SCENARIO_C_EARLY_12_v2_frozen"", ""peak_never_loser_min_peak"": 40.0, ""peak_never_loser_floor"": 10.0, ""thesis_fast_exit_unreal_pct"": -12.0, ""thesis_mfe_protect_pct"": 2.0, ""thesis_exit_if_above_unreal_pct"": 8.0, ""thesis_min_age_sec"": 300, ""thesis_score_flip_margin"": 1, ""thesis_early_decay_delta"": 2, ""early_fail_pct_threshold"": -32.0, ""type_a_first_candle_enabled"": false, ""type_a_early_fail_enabled"": false, ""scenario_c_exit_profile"": true, ""type_a_stall_enabled"": false, ""type_a_stall_min_age_sec"": 480, ""type_a_stall_min_candles"": 3, ""type_a_stall_max_mfe_pct"": 5.0, ""trend_weakening_enabled"": false, ""spread_penalty_threshold"": 5, ""spread_penalty_margin_mult"": 0.75}",,,
2026-06-23T15:18:11.110685+00:00,cont-582988c15653,SHORT,62405.0,62346.94,1.607754,9.32,15.0,6,1.4,1.4,0.0,0.0,-0.0,-0.0,PROFIT_LOCK_LADDER,100,0.31,68,44.0,True,SIM_LIMIT,AI_DIRECT_LIMIT,,,,,0,BEAR,SR,60-70,SPAWN,-4,-4,BEARISH_STRUCTURE,BEAR_ALIGNED,32.39,-5,2,8,0.04748,bitfinex,tBTCF0:USTF0,v10.3-dashboard-ultimate-gate-2026-06-23,BITFINEX_ZERO,v10.3-dashboard-ultimate-gate-2026-06-23,CONTINUOUS,Continuous AI Research,APPROVE,62358.0,0.044652,0.00659,NEAR_SUPPORT,-0.000657,1.0,144.2,1.607755,-2.24341,15.543626,41.339,41.339,41.339,0-5m,AI_DIRECT,AI_DIRECT,0,,47.0,0.0,0.0707,0.0707,False,0.0,0.0,-0.002384,2e-06,0.02246,0.036303,-22.963278,0.0,0.400215,62371.0,62464.478988,62506.511344,63703.228296,-0.000672,NEAR_SUPPORT,SHORT_PREFERRED,0.044652,0.00659,BEAR,3.0,44.0,0.0,100,5.1,True,True,APPROVE,68,"```json
{
  ""direction"": ""SHORT"",
  ""confidence"": 68,
  ""long_score"": 18,
  ""short_score"": 82,
  ""preferred_direction"": ""SHORT"",
  ""entry_zone_low"": 62371.0,
  ""entry_zone_high"": 62450.0,
  ""limit_price"": 62410.0,
  ""expected_mfe"": 180,
  ""expected_mae"": 120,
  ""reversal_probability"": 37,
  ""exit_style"": ""AGGRESSIVE"",
  ""reasons_for_trade"": [
    ""BEAR_ALIGNED multi-timeframe agreement (15m, 1h, 4h all bearish)"",
    ""Bearish EMA stack (price below EMA9, EMA21, EMA200; EMA9 below EMA21)"",
    ""ADX 32.39 > 25 indicating strong trending conditions favoring continuation"",
    ""Bearish structure score -4 with LL sequence and no HH/HL sequence"",
    ""Trend health bear score 11 vs bull score 3, intact bearish momentum"",
    ""Negative delta (-22.96) and low volume ratio (0.036) suggesting weak buying pressure"",
    ""Funding positive (0.047% per 8h) favoring shorts, longs paying"",
    ""Price near support (0.66% away) but no reversal confirmation - continuation risk high"",
    ""Market regime recently transitioned from TRENDING to COMPRESSION, potential breakout lower""
  ],
  ""reasons_against_trade"": [
    ""Price is near micro support (61988) and macro support (61960) - bounce risk elevated"",
    ""Reversal risk score 63 suggests some probability of mean reversion"",
    ""Higher low detected on micro structure could indicate short-term stabilization"",
    ""Low volume ratio may precede a squeeze or false breakdown"",
    ""Entry near support historically reduces short expectancy without strong continuation""
  ],
  ""bull_score"": 2,
  ""bear_score"": 8
}
```",62405.0,62346.94,MAKER,TAKER,0.024055,47.0,41.339,1.4,1.4,0.0,0.0,-0.0,-0.0,9.32,96.465336,PROFIT_LOCK_LADDER,-22.963278,0.036303,2e-06,0.400215,False,True,"{'price': 62371.0, 'ret_1m': 0.0, 'ret_5m': -0.0005768583652474883, 'ema9': 62464.47898843793, 'ema21': 62506.51134377154, 'ema200': 63703.22829613735, 'dist_to_support': 0.006589600936332591, 'dist_to_resistance': 0.044652162062496996, 'volume': 0.0224598, 'volume_ratio': 0.036303292370997435, 'delta': -22.96327820999999, 'velocity': 1.6047228895029004e-06, 'imbalance': 0.40021506580512634, 'candle_range': 144.2, 'body_ratio': 0.6314144548165763, 'wick_ratio': 0.36858554518342374}",5.1,"{'early_fail_enabled': True, 'invert_signal': False, 'ai_enabled': True, 'edge_threshold': 3.0, 'edge_threshold_max': None, 'edge_range_preset': 'min_only', 'ai_threshold': 44.0, 'leverage': 100, 'pullback_threshold': 0.001}","{'ema9': 62464.47898843793, 'ema21': 62506.51134377154, 'ema200': 63703.22829613735, 'ema_spread': -0.000672, 'ema9_slope_pct': -0.0553, 'ema21_slope_pct': -0.0378, 'ema9_above_ema21': False, 'ema21_above_ema200': False}",WEAK_SETUP,5.1,5.1,False,True,INV_False_EF_True,SHORT,12,8,SCENARIO_C_EARLY_12_v2_frozen,40.0,10.0,-12.0,2.0,8.0,300,1,2,-32.0,False,False,True,False,480,3,5.0,False,5,0.75,"[[12, 8], [15, 10], [25, 18], [40, 28], [60, 45], [80, 60], [100, 75], [150, 120]]","{""trail_ladder"": [[12, 8], [15, 10], [25, 18], [40, 28], [60, 45], [80, 60], [100, 75], [150, 120]], ""ladder_first_trigger_pct"": 12, ""ladder_first_lock_pct"": 8, ""exit_profile_id"": ""SCENARIO_C_EARLY_12_v2_frozen"", ""peak_never_loser_min_peak"": 40.0, ""peak_never_loser_floor"": 10.0, ""thesis_fast_exit_unreal_pct"": -12.0, ""thesis_mfe_protect_pct"": 2.0, ""thesis_exit_if_above_unreal_pct"": 8.0, ""thesis_min_age_sec"": 300, ""thesis_score_flip_margin"": 1, ""thesis_early_decay_delta"": 2, ""early_fail_pct_threshold"": -32.0, ""type_a_first_candle_enabled"": false, ""type_a_early_fail_enabled"": false, ""scenario_c_exit_profile"": true, ""type_a_stall_enabled"": false, ""type_a_stall_min_age_sec"": 480, ""type_a_stall_min_candles"": 3, ""type_a_stall_max_mfe_pct"": 5.0, ""trend_weakening_enabled"": false, ""spread_penalty_threshold"": 5, ""spread_penalty_margin_mult"": 0.75}",,,
2026-06-23T15:34:05.989851+00:00,cont-c031c00d1a36,SHORT,62395.0,62475.0,3.392472,-12.79,15.0,6,-1.92,-1.92,0.0,0.0,-0.01,-0.01,THESIS_FAST_CUT,100,0.43,62,44.0,True,SIM_LIMIT,AI_DIRECT_LIMIT,,,,,0,BEAR,SR,60-70,SPAWN,-4,-4,BEARISH_STRUCTURE,BEAR_ALIGNED,33.07,-5,2,8,0.04944,bitfinex,tBTCF0:USTF0,v10.3-dashboard-ultimate-gate-2026-06-23,BITFINEX_ZERO,v10.3-dashboard-ultimate-gate-2026-06-23,CONTINUOUS,Continuous AI Research,APPROVE,62355.0,0.045373,0.005904,NEAR_SUPPORT,-0.000732,0.962603,144.2,3.392472,-12.82154,1.442423,124.192,124.192,124.192,0-5m,AI_DIRECT,AI_DIRECT,0,,40.0,0.0,0.0,0.0,False,0.0,0.0,-0.005225,-1.6e-05,0.00043,0.008559,-24.701843,0.0,0.393357,62328.0,62452.478988,62501.056798,63702.631281,-0.000777,NEAR_SUPPORT,SHORT_PREFERRED,0.045373,0.005904,BEAR,3.0,44.0,0.0,100,5.0,True,True,APPROVE,62,"```json
{
  ""direction"": ""SHORT"",
  ""confidence"": 62,
  ""long_score"": 18,
  ""short_score"": 82,
  ""preferred_direction"": ""SHORT"",
  ""entry_zone_low"": 62350,
  ""entry_zone_high"": 62450,
  ""limit_price"": 62400,
  ""expected_mfe"": 180,
  ""expected_mae"": 120,
  ""reversal_probability"": 43,
  ""exit_style"": ""AGGRESSIVE"",
  ""reasons_for_trade"": [
    ""BEAR_ALIGNED multi-timeframe agreement (15m, 1h, 4h all bearish)"",
    ""Bearish EMA stack (price below EMA9, EMA21, EMA200; EMA9 below EMA21 below EMA200)"",
    ""ADX 33.07 > 25 confirming strong trending bear market, favoring continuation"",
    ""Trend health state BEAR with bear_score 11 vs bull_score 3"",
    ""Market structure bias BEARISH with structure_score -4 and BEAR_CONTINUATION shift"",
    ""Negative delta (-24.7) and negative velocity confirm bearish orderflow"",
    ""Funding positive (0.0488% per 8h) meaning longs pay shorts, consistent with bearish sentiment"",
    ""Price near support (0.55% away) but no reversal confirmation - continuation more likely"",
    ""Liquidity sweeps both sides suggest potential stop-run before further downside""
  ],
  ""reasons_against_trade"": [
    ""Price is very close to support (0.55% dist_to_support) - bounce risk elevated"",
    ""Reversal risk score 43 indicates moderate probability of mean reversion"",
    ""Volume ratio extremely low (0.0086) - low participation could lead to erratic moves"",
    ""Higher low detected on micro structure suggests some buying interest near support"",
    ""Compression regime may precede expansion in either direction""
  ],
  ""bull_score"": 2,
  ""bear_score"": 8
}
```",62395.0,62475.0,MAKER,TAKER,0.024056,40.0,124.192,-1.92,-1.92,0.0,0.0,-0.01,-0.01,-12.79,203.548363,THESIS_FAST_CUT,-24.701843,0.008559,-1.6e-05,0.393357,False,True,"{'price': 62328.0, 'ret_1m': 8.026197508668293e-05, 'ret_5m': -0.0004813014390913029, 'ema9': 62452.47898843793, 'ema21': 62501.05679831699, 'ema200': 63702.63128121198, 'dist_to_support': 0.00590424849184957, 'dist_to_resistance': 0.04537286612758311, 'volume': 0.000429914, 'volume_ratio': 0.008558997889206265, 'delta': -24.701842560999832, 'velocity': -1.6032591437890594e-05, 'imbalance': 0.3933572504894943, 'candle_range': 144.2, 'body_ratio': 0.6314144548165763, 'wick_ratio': 0.36858554518342374}",5.0,"{'early_fail_enabled': True, 'invert_signal': False, 'ai_enabled': True, 'edge_threshold': 3.0, 'edge_threshold_max': None, 'edge_range_preset': 'min_only', 'ai_threshold': 44.0, 'leverage': 100, 'pullback_threshold': 0.001}","{'ema9': 62452.47898843793, 'ema21': 62501.05679831699, 'ema200': 63702.63128121198, 'ema_spread': -0.000777, 'ema9_slope_pct': -0.0745, 'ema21_slope_pct': -0.0465, 'ema9_above_ema21': False, 'ema21_above_ema200': False}",MOMENTUM_SHORT,5.0,5.0,False,True,INV_False_EF_True,SHORT,12,8,SCENARIO_C_EARLY_12_v2_frozen,40.0,10.0,-12.0,2.0,8.0,300,1,2,-32.0,False,False,True,False,480,3,5.0,False,5,0.75,"[[12, 8], [15, 10], [25, 18], [40, 28], [60, 45], [80, 60], [100, 75], [150, 120]]","{""trail_ladder"": [[12, 8], [15, 10], [25, 18], [40, 28], [60, 45], [80, 60], [100, 75], [150, 120]], ""ladder_first_trigger_pct"": 12, ""ladder_first_lock_pct"": 8, ""exit_profile_id"": ""SCENARIO_C_EARLY_12_v2_frozen"", ""peak_never_loser_min_peak"": 40.0, ""peak_never_loser_floor"": 10.0, ""thesis_fast_exit_unreal_pct"": -12.0, ""thesis_mfe_protect_pct"": 2.0, ""thesis_exit_if_above_unreal_pct"": 8.0, ""thesis_min_age_sec"": 300, ""thesis_score_flip_margin"": 1, ""thesis_early_decay_delta"": 2, ""early_fail_pct_threshold"": -32.0, ""type_a_first_candle_enabled"": false, ""type_a_early_fail_enabled"": false, ""scenario_c_exit_profile"": true, ""type_a_stall_enabled"": false, ""type_a_stall_min_age_sec"": 480, ""type_a_stall_min_candles"": 3, ""type_a_stall_max_mfe_pct"": 5.0, ""trend_weakening_enabled"": false, ""spread_penalty_threshold"": 5, ""spread_penalty_margin_mult"": 0.75}",,,
2026-06-23T15:37:22.072223+00:00,cont-293546b98195,SHORT,62512.5,62460.98,1.978753,8.26,15.0,6,1.24,1.24,0.0,0.0,-0.0,-0.0,PROFIT_LOCK_LADDER,100,0.27,62,44.0,True,SIM_LIMIT,AI_DIRECT_LIMIT,,,,,0,BEAR,SR,60-70,SPAWN,-4,-4,BEARISH_STRUCTURE,BEAR_ALIGNED,31.35,-5,2,8,0.04981,bitfinex,tBTCF0:USTF0,v10.3-dashboard-ultimate-gate-2026-06-23,BITFINEX_ZERO,v10.3-dashboard-ultimate-gate-2026-06-23,CONTINUOUS,Continuous AI Research,APPROVE,62472.0,0.041994,0.008402,NEAR_SUPPORT,-0.000703,1.0,140.0,1.978754,-7.438512,12.877425,25.367,25.367,25.367,0-5m,AI_DIRECT,AI_DIRECT,0,,40.5,0.0,0.0235,0.0235,False,0.0,0.0,-0.003079,-3.7e-05,0.002798,0.106795,-24.315971,0.0,0.384184,62472.0,62449.623191,62495.382213,63690.884521,-0.000732,NEAR_SUPPORT,SHORT_PREFERRED,0.041994,0.008402,BEAR,3.0,44.0,0.0,100,4.2,True,True,APPROVE,62,"```json
{
  ""direction"": ""SHORT"",
  ""confidence"": 62,
  ""long_score"": 18,
  ""short_score"": 72,
  ""preferred_direction"": ""SHORT"",
  ""entry_zone_low"": 62485.0,
  ""entry_zone_high"": 62550.0,
  ""limit_price"": 62517.5,
  ""expected_mfe"": 0.0045,
  ""expected_mae"": 0.0035,
  ""reversal_probability"": 43,
  ""exit_style"": ""AGGRESSIVE"",
  ""reasons_for_trade"": [
    ""MTF agreement BEAR_ALIGNED across 15m/1h/4h"",
    ""Bearish structure with structure_score -4 and BEAR_CONTINUATION shift"",
    ""EMA stack bearish (ema9 below ema21, both below ema200)"",
    ""ADX 31.35 > 25 indicating strong trending conditions favoring continuation"",
    ""Trend health BEAR with bear_score 11 vs bull_score 3"",
    ""Negative delta (-24.3) and negative velocity confirm selling pressure"",
    ""Funding positive (0.0496% per 8h) favoring shorts, longs paying"",
    ""Price near support (0.86% away) but no reversal confirmation - continuation more likely""
  ],
  ""reasons_against_trade"": [
    ""Price near micro support (61988) with only 0.8% distance - bounce risk elevated"",
    ""Higher low detected (HL) could indicate micro base forming"",
    ""Reversal risk score 43 suggests moderate reversal probability"",
    ""Volume ratio very low (0.05) - lack of conviction in current move"",
    ""Entry near support historically reduces short expectancy without strong continuation""
  ],
  ""bull_score"": 2,
  ""bear_score"": 8
}
```",62512.5,62460.98,MAKER,TAKER,0.024011,40.5,25.367,1.24,1.24,0.0,0.0,-0.0,-0.0,8.26,118.725258,PROFIT_LOCK_LADDER,-24.315971,0.106795,-3.7e-05,0.384184,False,True,"{'price': 62472.0, 'ret_1m': -0.00020804993198367608, 'ret_5m': -0.00019204916458613405, 'ema9': 62449.623190750346, 'ema21': 62495.38221334749, 'ema200': 63690.88452067175, 'dist_to_support': 0.00840201648395615, 'dist_to_resistance': 0.04199407857885892, 'volume': 0.0027977749999999997, 'volume_ratio': 0.10679536790043084, 'delta': -24.31597063999981, 'velocity': -3.6790712136553494e-05, 'imbalance': 0.38418357327290764, 'candle_range': 140.0, 'body_ratio': 0.6685402033195703, 'wick_ratio': 0.3314597966804297}",4.2,"{'early_fail_enabled': True, 'invert_signal': False, 'ai_enabled': True, 'edge_threshold': 3.0, 'edge_threshold_max': None, 'edge_range_preset': 'min_only', 'ai_threshold': 44.0, 'leverage': 100, 'pullback_threshold': 0.001}","{'ema9': 62449.623190750346, 'ema21': 62495.38221334749, 'ema200': 63690.88452067175, 'ema_spread': -0.000732, 'ema9_slope_pct': -0.0915, 'ema21_slope_pct': -0.0568, 'ema9_above_ema21': False, 'ema21_above_ema200': False}",MOMENTUM_SHORT,4.2,4.2,False,True,INV_False_EF_True,SHORT,12,8,SCENARIO_C_EARLY_12_v2_frozen,40.0,10.0,-12.0,2.0,8.0,300,1,2,-32.0,False,False,True,False,480,3,5.0,False,5,0.75,"[[12, 8], [15, 10], [25, 18], [40, 28], [60, 45], [80, 60], [100, 75], [150, 120]]","{""trail_ladder"": [[12, 8], [15, 10], [25, 18], [40, 28], [60, 45], [80, 60], [100, 75], [150, 120]], ""ladder_first_trigger_pct"": 12, ""ladder_first_lock_pct"": 8, ""exit_profile_id"": ""SCENARIO_C_EARLY_12_v2_frozen"", ""peak_never_loser_min_peak"": 40.0, ""peak_never_loser_floor"": 10.0, ""thesis_fast_exit_unreal_pct"": -12.0, ""thesis_mfe_protect_pct"": 2.0, ""thesis_exit_if_above_unreal_pct"": 8.0, ""thesis_min_age_sec"": 300, ""thesis_score_flip_margin"": 1, ""thesis_early_decay_delta"": 2, ""early_fail_pct_threshold"": -32.0, ""type_a_first_candle_enabled"": false, ""type_a_early_fail_enabled"": false, ""scenario_c_exit_profile"": true, ""type_a_stall_enabled"": false, ""type_a_stall_min_age_sec"": 480, ""type_a_stall_min_candles"": 3, ""type_a_stall_max_mfe_pct"": 5.0, ""trend_weakening_enabled"": false, ""spread_penalty_threshold"": 5, ""spread_penalty_margin_mult"": 0.75}",,,
2026-06-23T15:42:32.466949+00:00,c65c-17b499c140e5,SHORT,62400.0,62344.0,11.839241,9.1,15.0,6,1.36,1.35,0.0,0.0,-0.02,-0.02,PROFIT_LOCK_LADDER,100,0.3,72,44.0,True,SIM_LIMIT,AI_DIRECT_LIMIT,,,,,0,BEAR,SR,70+,SPAWN,-4,-4,BEARISH_STRUCTURE,BEAR_ALIGNED,32.71,-5,2,8,0.05048,bitfinex,tBTCF0:USTF0,v10.3-dashboard-ultimate-gate-2026-06-23,BITFINEX_ZERO,v10.3-dashboard-ultimate-gate-2026-06-23,COMBO_65_SP5_CHASE_3PLUS,AI65+ · Spread5+ · Chase 3+,APPROVE,62355.0,0.045591,0.005697,NEAR_SUPPORT,-0.000893,1.0,144.2,11.839242,-25.480769,13.301282,504.433,504.433,504.433,5-15m,AI_DIRECT,AI_DIRECT,0,,45.0,0.0,0.0,0.0,False,0.0,0.0,-0.018423,4.5e-05,0.025579,0.011026,-24.251997,0.0,0.397098,62315.0,62453.878988,62501.693162,63702.700933,-0.000765,NEAR_SUPPORT,SHORT_PREFERRED,0.045591,0.005697,BEAR,3.0,44.0,0.0,100,5.5,True,True,APPROVE,72,"```json
{
  ""direction"": ""SHORT"",
  ""confidence"": 72,
  ""long_score"": 18,
  ""short_score"": 82,
  ""preferred_direction"": ""SHORT"",
  ""entry_zone_low"": 62350,
  ""entry_zone_high"": 62450,
  ""limit_price"": 62400,
  ""expected_mfe"": 350,
  ""expected_mae"": 150,
  ""reversal_probability"": 37,
  ""exit_style"": ""AGGRESSIVE"",
  ""reasons_for_trade"": [
    ""BEAR_ALIGNED multi-timeframe agreement (15m, 1h, 4h all bearish)"",
    ""Bearish EMA stack (price below EMA9, EMA21, EMA200; EMA9 below EMA21 below EMA200)"",
    ""ADX 32.71 (>25) confirms trending bear market, favoring continuation"",
    ""Trend health state BEAR with bear_score 11 vs bull_score 3"",
    ""Market structure bias BEARISH with structure_score -4 and BEAR_CONTINUATION shift"",
    ""Negative delta (-24.23) and imbalance (0.40) support bearish orderflow"",
    ""Volume ratio elevated (5.43) suggests selling pressure"",
    ""Price near support (0.55% away) but no reversal confirmation - bounce risk is secondary to strong bear trend"",
    ""Funding positive (0.048% per 8h) favors shorts, longs paying""
  ],
  ""reasons_against_trade"": [
    ""Price is very close to support (0.55% dist), increasing bounce risk"",
    ""Higher low detected (micro structure) could indicate short-term buying interest"",
    ""Reversal risk score 37 suggests some probability of reversal"",
    ""Liquidity sweeps both high and low - potential for whipsaw"",
    ""Entry near support historically reduces short expectancy without strong continuation""
  ],
  ""bull_score"": 2,
  ""bear_score"": 8
}
```

**Direction:** SHORT  
**Win probability:** 72%  
**Long score:** 18  
**Short score:** 82  
**Bull score:** 2/10  
**Bear score:** 8/10  
**Decision:** STRONG_APPROVE  

**Reason:** The trend hierarchy is unequivocally bearish: BEAR_ALIGNED across all timeframes, bearish EMA stack, ADX > 25 confirming trending conditions, and bearish market structure with no reversal evidence. The short score (82) far exceeds the long score (18) by more than the required 5-point threshold. Although price is near support (0.55% away), the rules explicitly state that support alone is not a reversal signal - and no reversal confirmations (structure shift, momentum expansion, MTF disagreement) are present. The elevated volume ratio and negative delta further support continuation. The entry is set slightly above current price (pullback entry) to avoid chasing into support. Exit style is AGGRESSIVE given proximity to support and potential for a bounce.",62400.0,62344.0,MAKER,TAKER,0.024056,45.0,504.433,1.36,1.35,0.0,0.0,-0.02,-0.02,9.1,710.354575,PROFIT_LOCK_LADDER,-24.251997,0.011026,4.5e-05,0.397098,False,True,"{'price': 62315.0, 'ret_1m': 0.0003852884044243952, 'ret_5m': -0.00022461454539620402, 'ema9': 62453.87898843793, 'ema21': 62501.69316195336, 'ema200': 63702.700932953274, 'dist_to_support': 0.005696862713632352, 'dist_to_resistance': 0.04559094920966059, 'volume': 0.025578830999999996, 'volume_ratio': 0.011025860809145638, 'delta': -24.251997342999882, 'velocity': 4.495819950405847e-05, 'imbalance': 0.3970975359344018, 'candle_range': 144.2, 'body_ratio': 0.6314144548165763, 'wick_ratio': 0.36858554518342374}",5.5,"{'early_fail_enabled': True, 'invert_signal': False, 'ai_enabled': True, 'edge_threshold': 3.0, 'edge_threshold_max': None, 'edge_range_preset': 'min_only', 'ai_threshold': 44.0, 'leverage': 100, 'pullback_threshold': 0.001}","{'ema9': 62453.87898843793, 'ema21': 62501.69316195336, 'ema200': 63702.700932953274, 'ema_spread': -0.000765, 'ema9_slope_pct': -0.0722, 'ema21_slope_pct': -0.0455, 'ema9_above_ema21': False, 'ema21_above_ema200': False}",WEAK_SETUP,5.5,5.5,False,True,INV_False_EF_True,SHORT,12,8,SCENARIO_C_EARLY_12_v2_frozen,40.0,10.0,-12.0,2.0,8.0,300,1,2,-32.0,False,False,True,False,480,3,5.0,False,5,0.75,"[[12, 8], [15, 10], [25, 18], [40, 28], [60, 45], [80, 60], [100, 75], [150, 120]]","{""trail_ladder"": [[12, 8], [15, 10], [25, 18], [40, 28], [60, 45], [80, 60], [100, 75], [150, 120]], ""ladder_first_trigger_pct"": 12, ""ladder_first_lock_pct"": 8, ""exit_profile_id"": ""SCENARIO_C_EARLY_12_v2_frozen"", ""peak_never_loser_min_peak"": 40.0, ""peak_never_loser_floor"": 10.0, ""thesis_fast_exit_unreal_pct"": -12.0, ""thesis_mfe_protect_pct"": 2.0, ""thesis_exit_if_above_unreal_pct"": 8.0, ""thesis_min_age_sec"": 300, ""thesis_score_flip_margin"": 1, ""thesis_early_decay_delta"": 2, ""early_fail_pct_threshold"": -32.0, ""type_a_first_candle_enabled"": false, ""type_a_early_fail_enabled"": false, ""scenario_c_exit_profile"": true, ""type_a_stall_enabled"": false, ""type_a_stall_min_age_sec"": 480, ""type_a_stall_min_candles"": 3, ""type_a_stall_max_mfe_pct"": 5.0, ""trend_weakening_enabled"": false, ""spread_penalty_threshold"": 5, ""spread_penalty_margin_mult"": 0.75}",,,
2026-06-23T15:47:19.899929+00:00,cont-0df65cd0814a,SHORT,62370.0,62316.0,5.913531,8.72,15.0,6,1.31,1.3,0.0,0.0,-0.01,-0.01,PROFIT_LOCK_LADDER,100,0.29,68,44.0,True,SIM_LIMIT,AI_DIRECT_LIMIT,,,,,0,BEAR,SR,60-70,SPAWN,-4,-4,BEARISH_STRUCTURE,BEAR_ALIGNED,30.89,-5,2,8,0.05096,bitfinex,tBTCF0:USTF0,v10.3-dashboard-ultimate-gate-2026-06-23,BITFINEX_ZERO,v10.3-dashboard-ultimate-gate-2026-06-23,CONTINUOUS,Continuous AI Research,APPROVE,62344.0,0.044351,0.006159,NEAR_SUPPORT,-0.001015,0.513001,140.0,5.913531,-6.253006,14.590348,6.403,6.403,6.403,0-5m,AI_DIRECT,AI_DIRECT,0,,26.0,0.0,0.0,0.0,False,0.0,0.0,-0.009363,0.0,0.00304,0.198345,-24.677029,0.0,0.387012,62344.0,62435.023191,62488.74585,63690.158153,-0.00086,NEAR_SUPPORT,SHORT_PREFERRED,0.044351,0.006159,BEAR,3.0,44.0,0.0,100,4.6,True,True,APPROVE,68,"```json
{
  ""direction"": ""SHORT"",
  ""confidence"": 68,
  ""long_score"": 18,
  ""short_score"": 82,
  ""preferred_direction"": ""SHORT"",
  ""entry_zone_low"": 62300,
  ""entry_zone_high"": 62450,
  ""limit_price"": 62375,
  ""expected_mfe"": 180,
  ""expected_mae"": 120,
  ""reversal_probability"": 55,
  ""exit_style"": ""AGGRESSIVE"",
  ""reasons_for_trade"": [
    ""BEAR_ALIGNED multi-timeframe agreement (15m, 1h, 4h all bearish)"",
    ""Bearish EMA stack (price below EMA9, EMA21, EMA200; EMA9 below EMA21)"",
    ""ADX at 30.89 (>25) indicating strong trending conditions favoring continuation"",
    ""Bearish structure score (-4) with BEAR_CONTINUATION market structure shift"",
    ""Negative delta (-24.68) and bearish orderflow imbalance (0.387)"",
    ""Funding positive (0.05026% per 8h) favoring shorts, longs paying"",
    ""Price near support (0.645% away) but no reversal confirmation - continuation more likely"",
    ""Trend health bear score (11) significantly outweighs bull score (3)""
  ],
  ""reasons_against_trade"": [
    ""Price is near micro support (61988) with only 0.57% distance - bounce risk elevated"",
    ""Reversal risk score at 55 (moderate) with higher low detected, suggesting potential exhaustion"",
    ""Volume ratio low (0.198) indicating lack of aggressive selling at current levels"",
    ""Compression regime detected - could precede sharp reversal if support holds""
  ],
  ""bull_score"": 2,
  ""bear_score"": 8
}
```",62370.0,62316.0,MAKER,TAKER,0.02406,26.0,6.403,1.31,1.3,0.0,0.0,-0.01,-0.01,8.72,354.811925,PROFIT_LOCK_LADDER,-24.677029,0.198345,0.0,0.387012,False,True,"{'price': 62344.0, 'ret_1m': 0.0, 'ret_5m': -0.00025650068934560263, 'ema9': 62435.02319075035, 'ema21': 62488.74584971113, 'ema200': 63690.15815251255, 'dist_to_support': 0.006159373796997305, 'dist_to_resistance': 0.044350699345566534, 'volume': 0.003040222000000001, 'volume_ratio': 0.19834529249662933, 'delta': -24.677029110999722, 'velocity': 9.027093887740674e-09, 'imbalance': 0.38701164738235216, 'candle_range': 140.0, 'body_ratio': 0.6685402033195703, 'wick_ratio': 0.3314597966804297}",4.6,"{'early_fail_enabled': True, 'invert_signal': False, 'ai_enabled': True, 'edge_threshold': 3.0, 'edge_threshold_max': None, 'edge_range_preset': 'min_only', 'ai_threshold': 44.0, 'leverage': 100, 'pullback_threshold': 0.001}","{'ema9': 62435.02319075035, 'ema21': 62488.74584971113, 'ema200': 63690.15815251255, 'ema_spread': -0.00086, 'ema9_slope_pct': -0.1148, 'ema21_slope_pct': -0.0674, 'ema9_above_ema21': False, 'ema21_above_ema200': False}",WEAK_SETUP,4.6,4.6,False,True,INV_False_EF_True,SHORT,12,8,SCENARIO_C_EARLY_12_v2_frozen,40.0,10.0,-12.0,2.0,8.0,300,1,2,-32.0,False,False,True,False,480,3,5.0,False,5,0.75,"[[12, 8], [15, 10], [25, 18], [40, 28], [60, 45], [80, 60], [100, 75], [150, 120]]","{""trail_ladder"": [[12, 8], [15, 10], [25, 18], [40, 28], [60, 45], [80, 60], [100, 75], [150, 120]], ""ladder_first_trigger_pct"": 12, ""ladder_first_lock_pct"": 8, ""exit_profile_id"": ""SCENARIO_C_EARLY_12_v2_frozen"", ""peak_never_loser_min_peak"": 40.0, ""peak_never_loser_floor"": 10.0, ""thesis_fast_exit_unreal_pct"": -12.0, ""thesis_mfe_protect_pct"": 2.0, ""thesis_exit_if_above_unreal_pct"": 8.0, ""thesis_min_age_sec"": 300, ""thesis_score_flip_margin"": 1, ""thesis_early_decay_delta"": 2, ""early_fail_pct_threshold"": -32.0, ""type_a_first_candle_enabled"": false, ""type_a_early_fail_enabled"": false, ""scenario_c_exit_profile"": true, ""type_a_stall_enabled"": false, ""type_a_stall_min_age_sec"": 480, ""type_a_stall_min_candles"": 3, ""type_a_stall_max_mfe_pct"": 5.0, ""trend_weakening_enabled"": false, ""spread_penalty_threshold"": 5, ""spread_penalty_margin_mult"": 0.75}",,,
2026-06-23T15:53:20.169037+00:00,cont-11550e933903,SHORT,62308.0,62385.0,1.297006,-12.34,15.0,6,-1.85,-1.85,0.0,0.0,-0.0,-0.0,THESIS_FAST_CUT,100,0.41,68,44.0,True,SIM_LIMIT,AI_DIRECT_LIMIT,,,,,0,BEAR,SR,60-70,SPAWN,-4,-4,BEARISH_STRUCTURE,BEAR_ALIGNED,29.13,-5,2,8,0.05168,bitfinex,tBTCF0:USTF0,v10.3-dashboard-ultimate-gate-2026-06-23,BITFINEX_ZERO,v10.3-dashboard-ultimate-gate-2026-06-23,CONTINUOUS,Continuous AI Research,APPROVE,62264.0,0.042207,0.004882,NEAR_SUPPORT,-0.000933,0.449799,92.0,1.297006,-12.357964,0.0,74.624,74.624,74.624,0-5m,AI_DIRECT,AI_DIRECT,0,,44.0,0.0,0.0,0.0,False,0.0,0.0,-0.002094,-3.7e-05,0.00433,0.342358,-24.864067,0.0,0.387344,62264.0,62404.458553,62469.711103,63676.660988,-0.001045,NEAR_SUPPORT,SHORT_PREFERRED,0.042207,0.004882,BEAR,3.0,44.0,0.0,100,4.4,True,True,APPROVE,68,"```json
{
  ""direction"": ""SHORT"",
  ""confidence"": 68,
  ""long_score"": 18,
  ""short_score"": 82,
  ""preferred_direction"": ""SHORT"",
  ""entry_zone_low"": 62264.0,
  ""entry_zone_high"": 62350.0,
  ""limit_price"": 62307.0,
  ""expected_mfe"": 0.0045,
  ""expected_mae"": 0.0030,
  ""reversal_probability"": 43,
  ""exit_style"": ""AGGRESSIVE"",
  ""reasons_for_trade"": [
    ""BEAR_ALIGNED multi-timeframe agreement (15m, 1h, 4h all bearish)"",
    ""Bearish structure with structure_score -4 and BEAR_CONTINUATION market structure shift"",
    ""EMA stack bearish (price below EMA9, EMA21, EMA200; EMA9 below EMA21; EMA21 below EMA200)"",
    ""ADX 29.13 > 25 indicating strong trending conditions favoring continuation"",
    ""Trend health BEAR with bear_score 11 vs bull_score 3"",
    ""Negative delta (-24.86) and negative velocity confirming bearish orderflow"",
    ""Funding rate positive (0.05144% per 8h) meaning longs pay shorts, supportive of short bias"",
    ""Price near support (0.488% away) but no reversal confirmation - continuation expected"",
    ""Liquidity sweep high detected (likely stop hunt before further downside)""
  ],
  ""reasons_against_trade"": [
    ""Price is very close to micro support at 62219 (0.0723% away) - bounce risk elevated"",
    ""Reversal probability 43% suggests non-trivial chance of mean reversion"",
    ""Volume ratio low (0.34) indicating lack of aggressive selling at current levels"",
    ""Higher low detected on micro structure could indicate short-term basing"",
    ""Compression regime may precede expansion in either direction""
  ],
  ""bull_score"": 2,
  ""bear_score"": 8
}
```",62308.0,62385.0,MAKER,TAKER,0.024091,44.0,74.624,-1.85,-1.85,0.0,0.0,-0.0,-0.0,-12.34,77.820421,THESIS_FAST_CUT,-24.864067,0.342358,-3.7e-05,0.387344,False,True,"{'price': 62264.0, 'ret_1m': 0.0, 'ret_5m': 0.0002248995983935743, 'ema9': 62404.458552600285, 'ema21': 62469.71110304422, 'ema200': 63676.66098797563, 'dist_to_support': 0.004882436078632918, 'dist_to_resistance': 0.042207375048181936, 'volume': 0.004330433, 'volume_ratio': 0.34235826230997063, 'delta': -24.86406743199969, 'velocity': -3.690517555743185e-05, 'imbalance': 0.38734357903199973, 'candle_range': 92.0, 'body_ratio': 0.6235805259002156, 'wick_ratio': 0.3764194740997845}",4.4,"{'early_fail_enabled': True, 'invert_signal': False, 'ai_enabled': True, 'edge_threshold': 3.0, 'edge_threshold_max': None, 'edge_range_preset': 'min_only', 'ai_threshold': 44.0, 'leverage': 100, 'pullback_threshold': 0.001}","{'ema9': 62404.458552600285, 'ema21': 62469.71110304422, 'ema200': 63676.66098797563, 'ema_spread': -0.001045, 'ema9_slope_pct': -0.1335, 'ema21_slope_pct': -0.0805, 'ema9_above_ema21': False, 'ema21_above_ema200': False}",MOMENTUM_SHORT,4.4,4.4,False,True,INV_False_EF_True,SHORT,12,8,SCENARIO_C_EARLY_12_v2_frozen,40.0,10.0,-12.0,2.0,8.0,300,1,2,-32.0,False,False,True,False,480,3,5.0,False,5,0.75,"[[12, 8], [15, 10], [25, 18], [40, 28], [60, 45], [80, 60], [100, 75], [150, 120]]","{""trail_ladder"": [[12, 8], [15, 10], [25, 18], [40, 28], [60, 45], [80, 60], [100, 75], [150, 120]], ""ladder_first_trigger_pct"": 12, ""ladder_first_lock_pct"": 8, ""exit_profile_id"": ""SCENARIO_C_EARLY_12_v2_frozen"", ""peak_never_loser_min_peak"": 40.0, ""peak_never_loser_floor"": 10.0, ""thesis_fast_exit_unreal_pct"": -12.0, ""thesis_mfe_protect_pct"": 2.0, ""thesis_exit_if_above_unreal_pct"": 8.0, ""thesis_min_age_sec"": 300, ""thesis_score_flip_margin"": 1, ""thesis_early_decay_delta"": 2, ""early_fail_pct_threshold"": -32.0, ""type_a_first_candle_enabled"": false, ""type_a_early_fail_enabled"": false, ""scenario_c_exit_profile"": true, ""type_a_stall_enabled"": false, ""type_a_stall_min_age_sec"": 480, ""type_a_stall_min_candles"": 3, ""type_a_stall_max_mfe_pct"": 5.0, ""trend_weakening_enabled"": false, ""spread_penalty_threshold"": 5, ""spread_penalty_margin_mult"": 0.75}",,,
2026-06-23T15:53:20.211673+00:00,c65c-9d99b0ecb9d4,SHORT,62308.0,62385.0,1.294263,-12.34,15.0,6,-1.85,-1.85,0.0,0.0,-0.0,-0.0,THESIS_FAST_CUT,100,0.41,68,44.0,True,SIM_LIMIT,AI_DIRECT_LIMIT,,,,,0,BEAR,SR,60-70,SPAWN,-4,-4,BEARISH_STRUCTURE,BEAR_ALIGNED,29.13,-5,2,8,0.05168,bitfinex,tBTCF0:USTF0,v10.3-dashboard-ultimate-gate-2026-06-23,BITFINEX_ZERO,v10.3-dashboard-ultimate-gate-2026-06-23,COMBO_65_SP5_CHASE_3PLUS,AI65+ · Spread5+ · Chase 3+,APPROVE,62264.0,0.042207,0.004882,NEAR_SUPPORT,-0.000933,0.449799,92.0,1.294264,-12.357964,0.0,73.769,73.769,73.769,0-5m,AI_DIRECT,AI_DIRECT,0,,44.0,0.0,0.0,0.0,False,0.0,0.0,-0.00209,-3.7e-05,0.00433,0.342358,-24.864067,0.0,0.387344,62264.0,62404.458553,62469.711103,63676.660988,-0.001045,NEAR_SUPPORT,SHORT_PREFERRED,0.042207,0.004882,BEAR,3.0,44.0,0.0,100,4.4,True,True,APPROVE,68,"```json
{
  ""direction"": ""SHORT"",
  ""confidence"": 68,
  ""long_score"": 18,
  ""short_score"": 82,
  ""preferred_direction"": ""SHORT"",
  ""entry_zone_low"": 62264.0,
  ""entry_zone_high"": 62350.0,
  ""limit_price"": 62307.0,
  ""expected_mfe"": 0.0045,
  ""expected_mae"": 0.0030,
  ""reversal_probability"": 43,
  ""exit_style"": ""AGGRESSIVE"",
  ""reasons_for_trade"": [
    ""BEAR_ALIGNED multi-timeframe agreement (15m, 1h, 4h all bearish)"",
    ""Bearish structure with structure_score -4 and BEAR_CONTINUATION market structure shift"",
    ""EMA stack bearish (price below EMA9, EMA21, EMA200; EMA9 below EMA21; EMA21 below EMA200)"",
    ""ADX 29.13 > 25 indicating strong trending conditions favoring continuation"",
    ""Trend health BEAR with bear_score 11 vs bull_score 3"",
    ""Negative delta (-24.86) and negative velocity confirming bearish orderflow"",
    ""Funding rate positive (0.05144% per 8h) meaning longs pay shorts, supportive of short bias"",
    ""Price near support (0.488% away) but no reversal confirmation - continuation expected"",
    ""Liquidity sweep high detected (likely stop hunt before further downside)""
  ],
  ""reasons_against_trade"": [
    ""Price is very close to micro support at 62219 (0.0723% away) - bounce risk elevated"",
    ""Reversal probability 43% suggests non-trivial chance of mean reversion"",
    ""Volume ratio low (0.34) indicating lack of aggressive selling at current levels"",
    ""Higher low detected on micro structure could indicate short-term basing"",
    ""Compression regime may precede expansion in either direction""
  ],
  ""bull_score"": 2,
  ""bear_score"": 8
}
```",62308.0,62385.0,MAKER,TAKER,0.024091,44.0,73.769,-1.85,-1.85,0.0,0.0,-0.0,-0.0,-12.34,77.655901,THESIS_FAST_CUT,-24.864067,0.342358,-3.7e-05,0.387344,False,True,"{'price': 62264.0, 'ret_1m': 0.0, 'ret_5m': 0.0002248995983935743, 'ema9': 62404.458552600285, 'ema21': 62469.71110304422, 'ema200': 63676.66098797563, 'dist_to_support': 0.004882436078632918, 'dist_to_resistance': 0.042207375048181936, 'volume': 0.004330433, 'volume_ratio': 0.34235826230997063, 'delta': -24.86406743199969, 'velocity': -3.690517555743185e-05, 'imbalance': 0.38734357903199973, 'candle_range': 92.0, 'body_ratio': 0.6235805259002156, 'wick_ratio': 0.3764194740997845}",4.4,"{'early_fail_enabled': True, 'invert_signal': False, 'ai_enabled': True, 'edge_threshold': 3.0, 'edge_threshold_max': None, 'edge_range_preset': 'min_only', 'ai_threshold': 44.0, 'leverage': 100, 'pullback_threshold': 0.001}","{'ema9': 62404.458552600285, 'ema21': 62469.71110304422, 'ema200': 63676.66098797563, 'ema_spread': -0.001045, 'ema9_slope_pct': -0.1335, 'ema21_slope_pct': -0.0805, 'ema9_above_ema21': False, 'ema21_above_ema200': False}",MOMENTUM_SHORT,4.4,4.4,False,True,INV_False_EF_True,SHORT,12,8,SCENARIO_C_EARLY_12_v2_frozen,40.0,10.0,-12.0,2.0,8.0,300,1,2,-32.0,False,False,True,False,480,3,5.0,False,5,0.75,"[[12, 8], [15, 10], [25, 18], [40, 28], [60, 45], [80, 60], [100, 75], [150, 120]]","{""trail_ladder"": [[12, 8], [15, 10], [25, 18], [40, 28], [60, 45], [80, 60], [100, 75], [150, 120]], ""ladder_first_trigger_pct"": 12, ""ladder_first_lock_pct"": 8, ""exit_profile_id"": ""SCENARIO_C_EARLY_12_v2_frozen"", ""peak_never_loser_min_peak"": 40.0, ""peak_never_loser_floor"": 10.0, ""thesis_fast_exit_unreal_pct"": -12.0, ""thesis_mfe_protect_pct"": 2.0, ""thesis_exit_if_above_unreal_pct"": 8.0, ""thesis_min_age_sec"": 300, ""thesis_score_flip_margin"": 1, ""thesis_early_decay_delta"": 2, ""early_fail_pct_threshold"": -32.0, ""type_a_first_candle_enabled"": false, ""type_a_early_fail_enabled"": false, ""scenario_c_exit_profile"": true, ""type_a_stall_enabled"": false, ""type_a_stall_min_age_sec"": 480, ""type_a_stall_min_candles"": 3, ""type_a_stall_max_mfe_pct"": 5.0, ""trend_weakening_enabled"": false, ""spread_penalty_threshold"": 5, ""spread_penalty_margin_mult"": 0.75}",,,
2026-06-23T16:05:40.721638+00:00,cont-0c8d28cd4b5d,SHORT,62403.5,62605.56,11.063006,-32.31,15.0,6,-4.85,-4.86,0.0,0.0,-0.01,-0.01,EARLY_FAIL,100,1.08,62,44.0,True,SIM_LIMIT,AI_DIRECT_LIMIT,,,,,0,BEAR,SR,60-70,SPAWN,-4,-4,BEARISH_STRUCTURE,BEAR_ALIGNED,29.13,-5,2,8,0.00259,bitfinex,tBTCF0:USTF0,v10.3-dashboard-ultimate-gate-2026-06-23,BITFINEX_ZERO,v10.3-dashboard-ultimate-gate-2026-06-23,CONTINUOUS,Continuous AI Research,APPROVE,62391.0,0.040086,0.006908,NEAR_SUPPORT,-0.000438,1.0,92.0,11.063007,-32.379594,5.849031,37.32,37.32,37.32,0-5m,AI_DIRECT,AI_DIRECT,0,,12.5,0.0,0.2298,0.2298,False,0.0,0.0,-0.010214,0.000204,0.019416,0.071168,-24.770952,0.0,0.385169,62391.0,62417.258553,62475.529285,63677.297804,-0.000933,NEAR_SUPPORT,SHORT_PREFERRED,0.040086,0.006908,BEAR,3.0,44.0,0.0,100,3.5,True,True,APPROVE,62,"```json
{
  ""direction"": ""SHORT"",
  ""confidence"": 62,
  ""long_score"": 25,
  ""short_score"": 72,
  ""preferred_direction"": ""SHORT"",
  ""entry_zone_low"": 62367.0,
  ""entry_zone_high"": 62450.0,
  ""limit_price"": 62408.5,
  ""expected_mfe"": 180,
  ""expected_mae"": 90,
  ""reversal_probability"": 63,
  ""exit_style"": ""AGGRESSIVE"",
  ""reasons_for_trade"": [
    ""BEAR_ALIGNED multi-timeframe agreement (15m, 1h, 4h all bearish)"",
    ""Bearish market structure with structure_score -4 and BEAR_CONTINUATION shift"",
    ""Bearish EMA stack (price below all EMAs, ema9 below ema21 below ema200)"",
    ""ADX 29.13 (>25) confirms trending conditions favoring continuation"",
    ""Trend health BEAR with bear_score 11 vs bull_score 3"",
    ""Funding positive (0.05181% per 8h) favors shorts as longs pay"",
    ""Price near support (0.65% away) but no reversal confirmation - continuation more likely"",
    ""Liquidity sweep high detected suggests potential rejection from resistance zone""
  ],
  ""reasons_against_trade"": [
    ""Price is very close to micro support at 62219 (0.24% away) - bounce risk elevated"",
    ""Reversal probability score of 63 indicates moderate reversal risk at this level"",
    ""Volume ratio very low (0.07) - lack of conviction in current move"",
    ""Compression regime may precede expansion in either direction"",
    ""Higher low detected could indicate micro support forming""
  ],
  ""bull_score"": 2,
  ""bear_score"": 8
}
```

**Direction:** SHORT  
**Win probability:** 62%  
**Long score:** 25  
**Short score:** 72  
**Bull score:** 2/10  
**Bear score:** 8/10  
**Decision:** APPROVE  

**Reasoning:** The trend hierarchy strongly favors bearish continuation: BEAR_ALIGNED across all timeframes, bearish structure with BEAR_CONTINUATION shift, bearish EMA stack, and ADX > 25 confirming trending conditions. The short score (72) significantly exceeds the long score (25) by more than the required 5-point gap. While price is near support (0.65% away), there are no reversal confirmations - no structure shift, no momentum expansion in the bullish direction, and trend health remains firmly bearish. The reversal probability of 63 is noted but reflects micro-level bounce risk, not a structural trend change. The entry is set slightly above current price (pullback entry for short) to avoid chasing into support. Exit style is AGGRESSIVE given proximity to support and compression regime - quick profit-taking on any further decline toward 62219 is prudent.",62403.5,62605.56,MAKER,TAKER,0.024042,12.5,37.32,-4.85,-4.86,0.0,0.0,-0.01,-0.01,-32.31,663.780473,EARLY_FAIL,-24.770952,0.071168,0.000204,0.385169,True,True,"{'price': 62391.0, 'ret_1m': 0.00038481889460772523, 'ret_5m': 0.0016696903045579335, 'ema9': 62417.25855260029, 'ema21': 62475.5292848624, 'ema200': 63677.29780389603, 'dist_to_support': 0.006908047635075572, 'dist_to_resistance': 0.040085909826737834, 'volume': 0.019415669000000003, 'volume_ratio': 0.07116756161459986, 'delta': -24.770951780999688, 'velocity': 0.00020385629670492997, 'imbalance': 0.38516918388970905, 'candle_range': 92.0, 'body_ratio': 0.6235805259002156, 'wick_ratio': 0.3764194740997845}",3.5,"{'early_fail_enabled': True, 'invert_signal': False, 'ai_enabled': True, 'edge_threshold': 3.0, 'edge_threshold_max': None, 'edge_range_preset': 'min_only', 'ai_threshold': 44.0, 'leverage': 100, 'pullback_threshold': 0.001}","{'ema9': 62417.25855260029, 'ema21': 62475.5292848624, 'ema200': 63677.29780389603, 'ema_spread': -0.000933, 'ema9_slope_pct': -0.113, 'ema21_slope_pct': -0.0712, 'ema9_above_ema21': False, 'ema21_above_ema200': False}",WEAK_SETUP,3.5,3.5,False,True,INV_False_EF_True,SHORT,12,8,SCENARIO_C_EARLY_12_v2_frozen,40.0,10.0,-12.0,2.0,8.0,300,1,2,-32.0,False,False,True,False,480,3,5.0,False,5,0.75,"[[12, 8], [15, 10], [25, 18], [40, 28], [60, 45], [80, 60], [100, 75], [150, 120]]","{""trail_ladder"": [[12, 8], [15, 10], [25, 18], [40, 28], [60, 45], [80, 60], [100, 75], [150, 120]], ""ladder_first_trigger_pct"": 12, ""ladder_first_lock_pct"": 8, ""exit_profile_id"": ""SCENARIO_C_EARLY_12_v2_frozen"", ""peak_never_loser_min_peak"": 40.0, ""peak_never_loser_floor"": 10.0, ""thesis_fast_exit_unreal_pct"": -12.0, ""thesis_mfe_protect_pct"": 2.0, ""thesis_exit_if_above_unreal_pct"": 8.0, ""thesis_min_age_sec"": 300, ""thesis_score_flip_margin"": 1, ""thesis_early_decay_delta"": 2, ""early_fail_pct_threshold"": -32.0, ""type_a_first_candle_enabled"": false, ""type_a_early_fail_enabled"": false, ""scenario_c_exit_profile"": true, ""type_a_stall_enabled"": false, ""type_a_stall_min_age_sec"": 480, ""type_a_stall_min_candles"": 3, ""type_a_stall_max_mfe_pct"": 5.0, ""trend_weakening_enabled"": false, ""spread_penalty_threshold"": 5, ""spread_penalty_margin_mult"": 0.75}",,,
2026-06-23T16:09:06.960033+00:00,cont-1d0587502ac5,SHORT,62620.0,62797.97,2.533434,-28.42,15.0,5,-4.26,-4.26,0.0,0.0,-0.0,-0.0,STOP_LOSS,100,0.95,62,44.0,True,SIM_LIMIT,AI_DIRECT_LIMIT,,,,,0,BEAR,SR,60-70,SPAWN,-4,-4,BEARISH_STRUCTURE,BEAR_ALIGNED,29.13,-5,3,8,0.00259,bitfinex,tBTCF0:USTF0,v10.3-dashboard-ultimate-gate-2026-06-23,BITFINEX_ZERO,v10.3-dashboard-ultimate-gate-2026-06-23,CONTINUOUS,Continuous AI Research,APPROVE,62595.0,0.037101,0.009147,NEAR_SUPPORT,-9.7e-05,1.0,42.7,2.533435,-30.18205,6.866816,341.476,341.476,341.476,5-15m,AI_DIRECT,AI_DIRECT,0,,25.0,0.0,0.263,0.263,False,0.0,0.0,-0.000205,5.6e-05,0.014881,2.83343,-24.334158,0.0,0.373848,62532.0,62460.526842,62491.158854,63668.08238,-0.00049,NEAR_SUPPORT,SHORT_PREFERRED,0.037101,0.009147,BEAR,3.0,44.0,0.0,100,3.7,True,True,APPROVE,62,"```json
{
  ""direction"": ""SHORT"",
  ""confidence"": 62,
  ""long_score"": 25,
  ""short_score"": 75,
  ""preferred_direction"": ""SHORT"",
  ""entry_zone_low"": 62550,
  ""entry_zone_high"": 62700,
  ""limit_price"": 62625,
  ""expected_mfe"": 350,
  ""expected_mae"": 150,
  ""reversal_probability"": 45,
  ""exit_style"": ""AGGRESSIVE"",
  ""reasons_for_trade"": [
    ""MTF agreement is BEAR_ALIGNED (15m ranging, 1h/4h bearish) - strong bearish confluence"",
    ""Market structure bias is BEARISH_STRUCTURE with structure_score -4 and BEAR_CONTINUATION shift"",
    ""EMA stack is bearish (price below EMA200, EMA9 below EMA21, EMA21 below EMA200)"",
    ""ADX at 29.13 (>25) confirms trending market, favoring continuation"",
    ""Trend health state is BEAR with bear_score 11 vs bull_score 3, intact bearish momentum"",
    ""Funding rate positive (0.0525% per 8h) favors shorts, longs paying"",
    ""Orderflow shows negative delta (-24.34) and imbalance (0.37) supporting bearish pressure"",
    ""Liquidity sweep high detected (likely stop hunt before continuation lower)"",
    ""Price near micro support (62219) but no reversal confirmation - continuation more likely""
  ],
  ""reasons_against_trade"": [
    ""Price is near support (0.85% away) - bounce risk elevated, especially with reversal_probability 45"",
    ""Higher low detected (micro structure) could indicate weakening bearish momentum"",
    ""Volume ratio below 1 (0.52) suggests lack of aggressive selling participation"",
    ""Edge score (3.7) above threshold but not extremely high - moderate confidence only"",
    ""Short entries near support historically show reduced expectancy without strong continuation""
  ],
  ""bull_score"": 3,
  ""bear_score"": 8
}
```

Direction: SHORT  
Win probability: 62%  
Long score: 25  
Short score: 75  
Bull score: 3  
Bear score: 8  
Decision: APPROVE  
Reason: Strong bearish trend hierarchy (BEAR_ALIGNED MTF, bearish structure, bearish EMA stack, ADX>25) dominates. Price near support is a location context only - no reversal confirmation (no structure shift, no momentum expansion in bullish direction). Short entry above current price (pullback to resistance zone) aligns with continuation bias. Funding positive adds tailwind. Confidence capped at 62 due to proximity to support and moderate volume/edge.",62620.0,62797.97,MAKER,TAKER,0.023964,25.0,341.476,-4.26,-4.26,0.0,0.0,-0.0,-0.0,-28.42,152.006148,STOP_LOSS,-24.334158,2.83343,5.6e-05,0.373848,False,True,"{'price': 62532.0, 'ret_1m': 0.0, 'ret_5m': 0.0010886270491803278, 'ema9': 62460.52684208024, 'ema21': 62491.15885400871, 'ema200': 63668.08238013675, 'dist_to_support': 0.009147316573914157, 'dist_to_resistance': 0.03710100428580567, 'volume': 0.014881479, 'volume_ratio': 2.8334297472583496, 'delta': -24.33415758799969, 'velocity': 5.6008733204288865e-05, 'imbalance': 0.3738484428264618, 'candle_range': 42.7, 'body_ratio': 0.6729756871905381, 'wick_ratio': 0.3270243128094619}",4.1,"{'early_fail_enabled': True, 'invert_signal': False, 'ai_enabled': True, 'edge_threshold': 3.0, 'edge_threshold_max': None, 'edge_range_preset': 'min_only', 'ai_threshold': 44.0, 'leverage': 100, 'pullback_threshold': 0.001}","{'ema9': 62460.52684208024, 'ema21': 62491.15885400871, 'ema200': 63668.08238013675, 'ema_spread': -0.00049, 'ema9_slope_pct': 0.0116, 'ema21_slope_pct': -0.0164, 'ema9_above_ema21': False, 'ema21_above_ema200': False}",ORDERFLOW_SPIKE,4.1,4.1,False,True,INV_False_EF_True,SHORT,12,8,SCENARIO_C_EARLY_12_v2_frozen,40.0,10.0,-12.0,2.0,8.0,300,1,2,-32.0,False,False,True,False,480,3,5.0,False,5,0.75,"[[12, 8], [15, 10], [25, 18], [40, 28], [60, 45], [80, 60], [100, 75], [150, 120]]","{""trail_ladder"": [[12, 8], [15, 10], [25, 18], [40, 28], [60, 45], [80, 60], [100, 75], [150, 120]], ""ladder_first_trigger_pct"": 12, ""ladder_first_lock_pct"": 8, ""exit_profile_id"": ""SCENARIO_C_EARLY_12_v2_frozen"", ""peak_never_loser_min_peak"": 40.0, ""peak_never_loser_floor"": 10.0, ""thesis_fast_exit_unreal_pct"": -12.0, ""thesis_mfe_protect_pct"": 2.0, ""thesis_exit_if_above_unreal_pct"": 8.0, ""thesis_min_age_sec"": 300, ""thesis_score_flip_margin"": 1, ""thesis_early_decay_delta"": 2, ""early_fail_pct_threshold"": -32.0, ""type_a_first_candle_enabled"": false, ""type_a_early_fail_enabled"": false, ""scenario_c_exit_profile"": true, ""type_a_stall_enabled"": false, ""type_a_stall_min_age_sec"": 480, ""type_a_stall_min_candles"": 3, ""type_a_stall_max_mfe_pct"": 5.0, ""trend_weakening_enabled"": false, ""spread_penalty_threshold"": 5, ""spread_penalty_margin_mult"": 0.75}",,,
2026-06-23T16:12:07.073924+00:00,cont-5d8c4e4860ca,SHORT,62845.0,62797.0,0.756336,7.64,15.0,5,1.15,1.15,0.0,0.0,-0.0,-0.0,PROFIT_LOCK_LADDER,100,0.25,62,44.0,True,SIM_LIMIT,AI_DIRECT_LIMIT,,,,,0,BEAR,SR,60-70,SPAWN,-4,-4,BEARISH_STRUCTURE,MIXED,28.03,-3,3,8,0.00259,bitfinex,tBTCF0:USTF0,v10.3-dashboard-ultimate-gate-2026-06-23,BITFINEX_ZERO,v10.3-dashboard-ultimate-gate-2026-06-23,CONTINUOUS,Continuous AI Research,APPROVE,62827.0,0.033992,0.012117,NEAR_SUPPORT,0.000114,1.0,42.7,0.756337,-5.251014,12.57061,87.881,87.881,87.881,0-5m,AI_DIRECT,AI_DIRECT,0,,18.0,0.0,0.0,0.0,False,0.0,0.0,-6.1e-05,-2.9e-05,0.065157,0.018719,-3.505211,0.0,0.037852,62705.0,62499.726842,62508.977036,63670.032629,-0.000148,NEAR_SUPPORT,SHORT_PREFERRED,0.033992,0.012117,BEAR,3.0,44.0,0.0,100,4.3,True,True,APPROVE,62,"```json
{
  ""direction"": ""SHORT"",
  ""confidence"": 62,
  ""long_score"": 28,
  ""short_score"": 72,
  ""preferred_direction"": ""SHORT"",
  ""entry_zone_low"": 62800,
  ""entry_zone_high"": 62900,
  ""limit_price"": 62850,
  ""expected_mfe"": 0.0085,
  ""expected_mae"": 0.004,
  ""reversal_probability"": 43,
  ""exit_style"": ""PATIENT"",
  ""reasons_for_trade"": [
    ""BEAR regime with strong bearish structure (structure_score -4, BEARISH_STRUCTURE)"",
    ""EMA stack bearish (price below EMA200, EMA9 below EMA21, stack_bear true)"",
    ""ADX 28.03 > 25 indicating trending market favoring continuation"",
    ""Trend health BEAR with bear_score 8 vs bull_score 4"",
    ""Market structure shift is BEAR_CONTINUATION"",
    ""Multi-TF agreement: 4h BEARISH, 15m/1h RANGING - no bullish alignment"",
    ""Negative velocity and delta confirm bearish momentum"",
    ""Funding positive (longs pay shorts) - structural short bias""
  ],
  ""reasons_against_trade"": [
    ""Price near micro support (62219) and macro support (61960) - bounce risk elevated"",
    ""Reversal risk score 43 - non-trivial probability of mean reversion"",
    ""Volume ratio very low (0.038) - lack of conviction in current move"",
    ""Higher low detected - potential for micro structure shift if support holds"",
    ""Compression regime may precede expansion in either direction""
  ],
  ""bull_score"": 3,
  ""bear_score"": 8
}
```

Direction: SHORT  
Win probability: 62%  
Long score: 28  
Short score: 72  
Bull score: 3  
Bear score: 8  
Decision: APPROVE  
Reason: Strong bearish trend hierarchy (BEAR regime, bearish EMA stack, ADX>25, bearish structure) outweighs proximity to support. Short entry near resistance (62889) with limit above current price aligns with continuation bias. Reversal risk is moderate (43) but insufficient to override dominant bearish evidence.",62845.0,62797.0,MAKER,TAKER,0.023875,18.0,87.881,1.15,1.15,0.0,0.0,-0.0,-0.0,7.64,45.380269,PROFIT_LOCK_LADDER,-3.505211,0.018719,-2.9e-05,0.037852,False,True,"{'price': 62705.0, 'ret_1m': 4.7845363784249306e-05, 'ret_5m': -0.0007649036699440664, 'ema9': 62499.726842080236, 'ema21': 62508.977035826894, 'ema200': 63670.032628892965, 'dist_to_support': 0.01211734693877551, 'dist_to_resistance': 0.03399234693877551, 'volume': 0.06515710000000001, 'volume_ratio': 0.018719477756408195, 'delta': -3.5052112889996194, 'velocity': -2.869539370692017e-05, 'imbalance': 0.037852123111845534, 'candle_range': 42.7, 'body_ratio': 0.6729756871905381, 'wick_ratio': 0.3270243128094619}",4.3,"{'early_fail_enabled': True, 'invert_signal': False, 'ai_enabled': True, 'edge_threshold': 3.0, 'edge_threshold_max': None, 'edge_range_preset': 'min_only', 'ai_threshold': 44.0, 'leverage': 100, 'pullback_threshold': 0.001}","{'ema9': 62499.726842080236, 'ema21': 62508.977035826894, 'ema200': 63670.032628892965, 'ema_spread': -0.000148, 'ema9_slope_pct': 0.0744, 'ema21_slope_pct': 0.0121, 'ema9_above_ema21': False, 'ema21_above_ema200': False}",MOMENTUM_SHORT,4.3,4.3,False,True,INV_False_EF_True,SHORT,12,8,SCENARIO_C_EARLY_12_v2_frozen,40.0,10.0,-12.0,2.0,8.0,300,1,2,-32.0,False,False,True,False,480,3,5.0,False,5,0.75,"[[12, 8], [15, 10], [25, 18], [40, 28], [60, 45], [80, 60], [100, 75], [150, 120]]","{""trail_ladder"": [[12, 8], [15, 10], [25, 18], [40, 28], [60, 45], [80, 60], [100, 75], [150, 120]], ""ladder_first_trigger_pct"": 12, ""ladder_first_lock_pct"": 8, ""exit_profile_id"": ""SCENARIO_C_EARLY_12_v2_frozen"", ""peak_never_loser_min_peak"": 40.0, ""peak_never_loser_floor"": 10.0, ""thesis_fast_exit_unreal_pct"": -12.0, ""thesis_mfe_protect_pct"": 2.0, ""thesis_exit_if_above_unreal_pct"": 8.0, ""thesis_min_age_sec"": 300, ""thesis_score_flip_margin"": 1, ""thesis_early_decay_delta"": 2, ""early_fail_pct_threshold"": -32.0, ""type_a_first_candle_enabled"": false, ""type_a_early_fail_enabled"": false, ""scenario_c_exit_profile"": true, ""type_a_stall_enabled"": false, ""type_a_stall_min_age_sec"": 480, ""type_a_stall_min_candles"": 3, ""type_a_stall_max_mfe_pct"": 5.0, ""trend_weakening_enabled"": false, ""spread_penalty_threshold"": 5, ""spread_penalty_margin_mult"": 0.75}",,,
2026-06-23T17:03:26.041855+00:00,cont-d9c01f668e1b,SHORT,62616.0,62550.0,4.395414,10.54,15.0,6,1.58,1.58,0.0,0.0,-0.0,-0.0,PROFIT_LOCK_LADDER,100,0.35,62,44.0,True,SIM_LIMIT,AI_DIRECT_LIMIT,,,,,0,BEAR,SR,60-70,SPAWN,-4,-4,BEARISH_STRUCTURE,MIXED,25.68,-3,3,9,0.00259,bitfinex,tBTCF0:USTF0,v10.3-dashboard-ultimate-gate-2026-06-23,BITFINEX_ZERO,v10.3-dashboard-ultimate-gate-2026-06-23,CONTINUOUS,Continuous AI Research,APPROVE,62557.0,0.036168,0.009306,NEAR_SUPPORT,0.000395,0.735235,44.3,4.395415,-2.692603,15.012137,450.831,450.831,450.831,5-15m,AI_DIRECT,AI_DIRECT,0,,59.0,0.0,0.0,0.0,False,0.0,0.0,-0.000356,-6.9e-05,0.001,0.026533,0.33171,0.0,0.003088,62542.0,62565.693743,62542.795669,63642.102221,0.000366,NEAR_SUPPORT,SHORT_PREFERRED,0.036168,0.009306,BEAR,3.0,44.0,0.0,100,3.2,True,True,APPROVE,62,"```json
{
  ""direction"": ""SHORT"",
  ""confidence"": 62,
  ""long_score"": 25,
  ""short_score"": 72,
  ""preferred_direction"": ""SHORT"",
  ""entry_zone_low"": 62580,
  ""entry_zone_high"": 62650,
  ""limit_price"": 62615,
  ""expected_mfe"": 180,
  ""expected_mae"": 120,
  ""reversal_probability"": 51,
  ""exit_style"": ""AGGRESSIVE"",
  ""reasons_for_trade"": [
    ""BEAR regime with bearish structure (structure_score -4, BEAR_CONTINUATION)"",
    ""ADX 25.68 indicates trending market, favoring continuation"",
    ""Price near support (0.93% above recent low) but no reversal confirmation - support alone not a LONG signal"",
    ""Bearish multi-timeframe alignment: 4h BEARISH, 15m/1h RANGING, no bullish agreement"",
    ""Trend health bear_score 9 vs bull_score 3, intact bearish trend"",
    ""EMA stack not bullish (ema21 below ema200), price below ema200 by 1.72%"",
    ""Velocity negative, volume ratio low (0.027) suggesting weak buying pressure"",
    ""Funding positive (2.59e-05) favoring shorts, longs paying shorts"",
    ""Market regime tracker shows compression after trending - potential continuation breakdown""
  ],
  ""reasons_against_trade"": [
    ""Price is near micro support (62219) and recent low (61960) - bounce risk elevated"",
    ""Reversal risk score 51 indicates moderate reversal probability"",
    ""EMA9 above EMA21 (short-term bullish cross) could provide temporary support"",
    ""Delta positive (0.31) shows some buying pressure in recent candle"",
    ""Compression regime may lead to sideways chop rather than directional move""
  ],
  ""bull_score"": 3,
  ""bear_score"": 9
}
```",62616.0,62550.0,MAKER,TAKER,0.023978,59.0,450.831,1.58,1.58,0.0,0.0,-0.0,-0.0,10.54,263.724932,PROFIT_LOCK_LADDER,0.33171,0.026533,-6.9e-05,0.003088,False,True,"{'price': 62542.0, 'ret_1m': 0.0, 'ret_5m': -0.0003676176776152801, 'ema9': 62565.69374314509, 'ema21': 62542.79566929877, 'ema200': 63642.10222115156, 'dist_to_support': 0.009305746538326245, 'dist_to_resistance': 0.036167695308752516, 'volume': 0.0010000000000000002, 'volume_ratio': 0.026533150016153653, 'delta': 0.3317101600004513, 'velocity': -6.871710906388326e-05, 'imbalance': 0.0030882640916178074, 'candle_range': 44.3, 'body_ratio': 0.6677472720253995, 'wick_ratio': 0.2322527279746005}",3.2,"{'early_fail_enabled': True, 'invert_signal': False, 'ai_enabled': True, 'edge_threshold': 3.0, 'edge_threshold_max': None, 'edge_range_preset': 'min_only', 'ai_threshold': 44.0, 'leverage': 100, 'pullback_threshold': 0.001}","{'ema9': 62565.69374314509, 'ema21': 62542.79566929877, 'ema200': 63642.10222115156, 'ema_spread': 0.000366, 'ema9_slope_pct': 0.0738, 'ema21_slope_pct': 0.0397, 'ema9_above_ema21': True, 'ema21_above_ema200': False}",WEAK_SETUP,3.2,3.2,False,True,INV_False_EF_True,SHORT,12,8,SCENARIO_C_EARLY_12_v2_frozen,40.0,10.0,-12.0,2.0,8.0,300,1,2,-32.0,False,False,True,False,480,3,5.0,False,5,0.75,"[[12, 8], [15, 10], [25, 18], [40, 28], [60, 45], [80, 60], [100, 75], [150, 120]]","{""trail_ladder"": [[12, 8], [15, 10], [25, 18], [40, 28], [60, 45], [80, 60], [100, 75], [150, 120]], ""ladder_first_trigger_pct"": 12, ""ladder_first_lock_pct"": 8, ""exit_profile_id"": ""SCENARIO_C_EARLY_12_v2_frozen"", ""peak_never_loser_min_peak"": 40.0, ""peak_never_loser_floor"": 10.0, ""thesis_fast_exit_unreal_pct"": -12.0, ""thesis_mfe_protect_pct"": 2.0, ""thesis_exit_if_above_unreal_pct"": 8.0, ""thesis_min_age_sec"": 300, ""thesis_score_flip_margin"": 1, ""thesis_early_decay_delta"": 2, ""early_fail_pct_threshold"": -32.0, ""type_a_first_candle_enabled"": false, ""type_a_early_fail_enabled"": false, ""scenario_c_exit_profile"": true, ""type_a_stall_enabled"": false, ""type_a_stall_min_age_sec"": 480, ""type_a_stall_min_candles"": 3, ""type_a_stall_max_mfe_pct"": 5.0, ""trend_weakening_enabled"": false, ""spread_penalty_threshold"": 5, ""spread_penalty_margin_mult"": 0.75}",,,
2026-06-23T17:16:28.550244+00:00,cont-1a1ed9695996,SHORT,62510.0,62582.99,5.748402,-11.67,15.0,7,-1.75,-1.75,0.0,0.0,-0.0,-0.0,THESIS_INVALIDATED,100,0.39,62,44.0,True,SIM_LIMIT,AI_DIRECT_LIMIT,,,,,0,BEAR,SR,60-70,SPAWN,-4,-4,BEARISH_STRUCTURE,BEAR_ALIGNED,24.24,-6,3,10,0.00259,bitfinex,tBTCF0:USTF0,v10.3-dashboard-ultimate-gate-2026-06-23,BITFINEX_ZERO,v10.3-dashboard-ultimate-gate-2026-06-23,CONTINUOUS,Continuous AI Research,APPROVE,62481.0,0.036797,0.008291,NEAR_SUPPORT,0.000187,1.0,43.3,5.748403,-13.757799,7.038874,207.012,207.012,207.012,0-5m,AI_DIRECT,AI_DIRECT,0,,29.0,0.0,0.0238,0.0238,False,0.0,0.0,-0.000465,-5e-06,0.001758,0.737553,2.576484,0.0,0.02309,62478.0,62556.714995,62541.202675,63632.388081,0.000248,NEAR_SUPPORT,SHORT_PREFERRED,0.036797,0.008291,BEAR,3.0,44.0,0.0,100,3.8,True,True,APPROVE,62,"```json
{
  ""direction"": ""SHORT"",
  ""confidence"": 62,
  ""long_score"": 18,
  ""short_score"": 72,
  ""preferred_direction"": ""SHORT"",
  ""entry_zone_low"": 62478.0,
  ""entry_zone_high"": 62550.0,
  ""limit_price"": 62514.0,
  ""expected_mfe"": 0.0045,
  ""expected_mae"": 0.0035,
  ""reversal_probability"": 33,
  ""exit_style"": ""AGGRESSIVE"",
  ""reasons_for_trade"": [
    ""BEAR_ALIGNED multi-timeframe agreement (15m ranging, 1h/4h bearish)"",
    ""Bearish structure with structure_score -4 and BEARISH_STRUCTURE label"",
    ""Trend health state BEAR with bear_score 10 vs bull_score 3"",
    ""Price below EMA200 (-1.79%) and EMA9/21 slopes positive but price below both"",
    ""ADX 24.24 near trending threshold, favoring continuation"",
    ""Market structure shift is BEAR_CONTINUATION"",
    ""Funding positive (2.59e-05) favoring shorts (longs pay)"",
    ""Edge score 3.8 above threshold 3.0, supporting bearish edge"",
    ""Recent regime history shows compression-to-trending pattern favoring breakout continuation""
  ],
  ""reasons_against_trade"": [
    ""Price near micro support (62219) and macro support (61960) - bounce risk"",
    ""Higher low detected (micro structure) could indicate short-term base forming"",
    ""Volume ratio below 1.0 (0.74) suggests low participation"",
    ""Candle body ratio high (0.69) but wick ratio moderate - potential absorption"",
    ""Reversal risk score 33 - non-trivial chance of mean reversion from support""
  ],
  ""bull_score"": 3,
  ""bear_score"": 10
}
```",62510.0,62582.99,MAKER,TAKER,0.024007,29.0,207.012,-1.75,-1.75,0.0,0.0,-0.0,-0.0,-11.67,344.904214,THESIS_INVALIDATED,2.576484,0.737553,-5e-06,0.02309,False,True,"{'price': 62478.0, 'ret_1m': -0.0002400268830108972, 'ret_5m': -0.0003200102403276905, 'ema9': 62556.71499451607, 'ema21': 62541.202674572116, 'ema200': 63632.38808124292, 'dist_to_support': 0.008290918403277954, 'dist_to_resistance': 0.03679695252728961, 'volume': 0.0017578440000000002, 'volume_ratio': 0.7375525818615388, 'delta': 2.5764841980004634, 'velocity': -4.795671363933199e-06, 'imbalance': 0.023090306721758085, 'candle_range': 43.3, 'body_ratio': 0.6947742990524265, 'wick_ratio': 0.20522570094757348}",3.8,"{'early_fail_enabled': True, 'invert_signal': False, 'ai_enabled': True, 'edge_threshold': 3.0, 'edge_threshold_max': None, 'edge_range_preset': 'min_only', 'ai_threshold': 44.0, 'leverage': 100, 'pullback_threshold': 0.001}","{'ema9': 62556.71499451607, 'ema21': 62541.202674572116, 'ema200': 63632.38808124292, 'ema_spread': 0.000248, 'ema9_slope_pct': 0.0235, 'ema21_slope_pct': 0.0206, 'ema9_above_ema21': True, 'ema21_above_ema200': False}",WEAK_SETUP,3.8,3.8,False,True,INV_False_EF_True,SHORT,12,8,SCENARIO_C_EARLY_12_v2_frozen,40.0,10.0,-12.0,2.0,8.0,300,1,2,-32.0,False,False,True,False,480,3,5.0,False,5,0.75,"[[12, 8], [15, 10], [25, 18], [40, 28], [60, 45], [80, 60], [100, 75], [150, 120]]","{""trail_ladder"": [[12, 8], [15, 10], [25, 18], [40, 28], [60, 45], [80, 60], [100, 75], [150, 120]], ""ladder_first_trigger_pct"": 12, ""ladder_first_lock_pct"": 8, ""exit_profile_id"": ""SCENARIO_C_EARLY_12_v2_frozen"", ""peak_never_loser_min_peak"": 40.0, ""peak_never_loser_floor"": 10.0, ""thesis_fast_exit_unreal_pct"": -12.0, ""thesis_mfe_protect_pct"": 2.0, ""thesis_exit_if_above_unreal_pct"": 8.0, ""thesis_min_age_sec"": 300, ""thesis_score_flip_margin"": 1, ""thesis_early_decay_delta"": 2, ""early_fail_pct_threshold"": -32.0, ""type_a_first_candle_enabled"": false, ""type_a_early_fail_enabled"": false, ""scenario_c_exit_profile"": true, ""type_a_stall_enabled"": false, ""type_a_stall_min_age_sec"": 480, ""type_a_stall_min_candles"": 3, ""type_a_stall_max_mfe_pct"": 5.0, ""trend_weakening_enabled"": false, ""spread_penalty_threshold"": 5, ""spread_penalty_margin_mult"": 0.75}",,,
2026-06-23T17:31:23.819207+00:00,cont-16f912b3ad5c,SHORT,62695.0,62635.0,3.245941,9.57,15.0,5,1.44,1.44,0.0,0.0,-0.0,-0.0,PROFIT_LOCK_LADDER,100,0.32,62,44.0,True,SIM_LIMIT,AI_DIRECT_LIMIT,,,,,0,BEAR,SR,60-70,SPAWN,-4,-4,BEARISH_STRUCTURE,BEAR_ALIGNED,22.43,-6,3,8,0.00259,bitfinex,tBTCF0:USTF0,v10.3-dashboard-ultimate-gate-2026-06-23,BITFINEX_ZERO,v10.3-dashboard-ultimate-gate-2026-06-23,CONTINUOUS,Continuous AI Research,APPROVE,62650.0,0.035604,0.009432,NEAR_SUPPORT,0.000394,1.0,43.6,3.245942,-3.627083,15.152724,678.328,678.328,678.328,5-15m,AI_DIRECT,AI_DIRECT,0,,45.0,0.0,0.0,0.0,False,0.0,0.0,-0.000263,4.5e-05,0.010719,0.761916,4.930278,0.0,0.041915,62550.0,62551.851996,62540.18425,63623.306033,0.000187,NEAR_SUPPORT,SHORT_PREFERRED,0.035604,0.009432,BEAR,3.0,44.0,0.0,100,2.8,True,True,APPROVE,62,"```json
{
  ""direction"": ""SHORT"",
  ""confidence"": 62,
  ""long_score"": 28,
  ""short_score"": 72,
  ""preferred_direction"": ""SHORT"",
  ""entry_zone_low"": 62600,
  ""entry_zone_high"": 62800,
  ""limit_price"": 62700,
  ""expected_mfe"": 0.008,
  ""expected_mae"": 0.005,
  ""reversal_probability"": 53,
  ""exit_style"": ""PATIENT"",
  ""reasons_for_trade"": [
    ""MTF agreement is BEAR_ALIGNED (15m ranging, 1h/4h bearish) - strong bearish hierarchy"",
    ""Market structure bias is BEARISH_STRUCTURE with structure_score -4 and BEAR_CONTINUATION shift"",
    ""Trend health state is BEAR with bear_score 9 vs bull_score 4 - bearish intact"",
    ""ADX at 22.43 is below 25 but trending market regime detected; bearish momentum likely to resume"",
    ""EMA stack shows price below EMA200 (-1.687%) and EMA21 below EMA200 - bearish alignment"",
    ""Orderflow shows positive delta (+4.93) but volume ratio below 1 (0.76) - weak buying conviction near support"",
    ""Price near micro support (62219) but no reversal confirmation; higher low detected but structure still bearish"",
    ""Funding positive (2.59e-05) favors shorts - longs paying, consistent with bearish sentiment""
  ],
  ""reasons_against_trade"": [
    ""Price is very close to support (0.94% dist) - bounce risk elevated"",
    ""Reversal probability at 53% suggests non-trivial chance of mean reversion"",
    ""Edge score (2.8) below threshold (3.0) - signal quality not optimal"",
    ""Micro structure shows higher low detected - potential for short-term bullish correction"",
    ""Volume ratio below 1 indicates lack of aggressive selling at current levels""
  ],
  ""bull_score"": 3,
  ""bear_score"": 8
}
```

Direction: SHORT  
Win probability: 62%  
Long score: 28  
Short score: 72  
Bull score: 3  
Bear score: 8  
Decision: APPROVE  
Reason: Bearish hierarchy dominates - MTF agreement, structure bias, trend health, and EMA alignment all favor continuation. Price near support is a location context only, not a reversal signal. Short entry above current price (pullback to micro resistance zone) aligns with bearish continuation strategy.",62695.0,62635.0,MAKER,TAKER,0.023943,45.0,678.328,1.44,1.44,0.0,0.0,-0.0,-0.0,9.57,194.756528,PROFIT_LOCK_LADDER,4.930278,0.761916,4.5e-05,0.041915,False,True,"{'price': 62550.0, 'ret_1m': 0.0, 'ret_5m': 0.0010402496599183804, 'ema9': 62551.85199561286, 'ema21': 62540.18424961496, 'ema200': 63623.30603283971, 'dist_to_support': 0.009432454036770583, 'dist_to_resistance': 0.035603517186251, 'volume': 0.010719186, 'volume_ratio': 0.761915689880972, 'delta': 4.930278485000432, 'velocity': 4.47910377406812e-05, 'imbalance': 0.04191532248243018, 'candle_range': 43.6, 'body_ratio': 0.6947742990524265, 'wick_ratio': 0.20522570094757348}",2.8,"{'early_fail_enabled': True, 'invert_signal': False, 'ai_enabled': True, 'edge_threshold': 3.0, 'edge_threshold_max': None, 'edge_range_preset': 'min_only', 'ai_threshold': 44.0, 'leverage': 100, 'pullback_threshold': 0.001}","{'ema9': 62551.85199561286, 'ema21': 62540.18424961496, 'ema200': 63623.30603283971, 'ema_spread': 0.000187, 'ema9_slope_pct': -0.0268, 'ema21_slope_pct': -0.0024, 'ema9_above_ema21': True, 'ema21_above_ema200': False}",MOMENTUM_LONG,2.8,2.8,False,True,INV_False_EF_True,SHORT,12,8,SCENARIO_C_EARLY_12_v2_frozen,40.0,10.0,-12.0,2.0,8.0,300,1,2,-32.0,False,False,True,False,480,3,5.0,False,5,0.75,"[[12, 8], [15, 10], [25, 18], [40, 28], [60, 45], [80, 60], [100, 75], [150, 120]]","{""trail_ladder"": [[12, 8], [15, 10], [25, 18], [40, 28], [60, 45], [80, 60], [100, 75], [150, 120]], ""ladder_first_trigger_pct"": 12, ""ladder_first_lock_pct"": 8, ""exit_profile_id"": ""SCENARIO_C_EARLY_12_v2_frozen"", ""peak_never_loser_min_peak"": 40.0, ""peak_never_loser_floor"": 10.0, ""thesis_fast_exit_unreal_pct"": -12.0, ""thesis_mfe_protect_pct"": 2.0, ""thesis_exit_if_above_unreal_pct"": 8.0, ""thesis_min_age_sec"": 300, ""thesis_score_flip_margin"": 1, ""thesis_early_decay_delta"": 2, ""early_fail_pct_threshold"": -32.0, ""type_a_first_candle_enabled"": false, ""type_a_early_fail_enabled"": false, ""scenario_c_exit_profile"": true, ""type_a_stall_enabled"": false, ""type_a_stall_min_age_sec"": 480, ""type_a_stall_min_candles"": 3, ""type_a_stall_max_mfe_pct"": 5.0, ""trend_weakening_enabled"": false, ""spread_penalty_threshold"": 5, ""spread_penalty_margin_mult"": 0.75}",,,
2026-06-23T17:40:33.353056+00:00,cont-3fe0fa42a008,SHORT,62676.0,62634.0,5.005592,6.7,20.0,4,1.34,1.34,0.0,0.0,-0.0,-0.0,THESIS_INVALIDATED,100,0.22,62,44.0,True,SIM_LIMIT,AI_DIRECT_LIMIT,,,,,0,BEAR,SR,60-70,SPAWN,-3,-3,BEARISH_STRUCTURE,MIXED,22.22,-3,3,7,0.00259,bitfinex,tBTCF0:USTF0,v10.3-dashboard-ultimate-gate-2026-06-23,BITFINEX_ZERO,v10.3-dashboard-ultimate-gate-2026-06-23,CONTINUOUS,Continuous AI Research,APPROVE,62613.0,0.035322,0.009702,NEAR_SUPPORT,0.000462,1.0,46.5,5.005592,-10.849448,9.253941,160.734,160.734,160.734,0-5m,AI_DIRECT,AI_DIRECT,0,,63.0,0.0,0.0,0.0,False,0.0,0.0,-0.000541,8e-06,0.021585,0.912128,4.905975,0.0,0.040562,62567.0,62573.921596,62552.456756,63615.72609,0.000343,NEAR_SUPPORT,SHORT_PREFERRED,0.035322,0.009702,BEAR,3.0,44.0,0.0,100,3.2,True,True,APPROVE,62,"```json
{
  ""direction"": ""SHORT"",
  ""confidence"": 62,
  ""long_score"": 28,
  ""short_score"": 72,
  ""preferred_direction"": ""SHORT"",
  ""entry_zone_low"": 62600,
  ""entry_zone_high"": 62750,
  ""limit_price"": 62675,
  ""expected_mfe"": 0.0045,
  ""expected_mae"": 0.003,
  ""reversal_probability"": 53,
  ""exit_style"": ""AGGRESSIVE"",
  ""reasons_for_trade"": [
    ""BEAR regime with BEAR_CONTINUATION structure shift"",
    ""Multi-timeframe agreement: 15m RANGING, 1h RANGING, 4h BEARISH - bearish HTF bias intact"",
    ""Trend health state BEAR with bear_score 6 vs bull_score 4"",
    ""EMA stack not fully bearish (ema9 above ema21) but price below ema200 (-1.65%) - bearish long-term alignment"",
    ""ADX 22.22 below 25 but structure_score -3 supports bearish continuation"",
    ""Higher low detected but no lower high - micro structure leans bearish with rejections at micro resistance"",
    ""Edge score 3.2 above threshold 3.0 - signal quality acceptable"",
    ""Funding positive (longs pay shorts) - slight bearish carry advantage"",
    ""Price near support (0.97% away) - continuation shorts near support can work if strong bearish momentum, but caution warranted""
  ],
  ""reasons_against_trade"": [
    ""Price is very close to support (0.97%) - bounce risk elevated"",
    ""Reversal probability 53% - non-trivial chance of mean reversion"",
    ""EMA9 above EMA21 - short-term momentum slightly bullish"",
    ""Volume ratio 0.91 below 1.0 - no strong volume confirmation"",
    ""ADX below 25 - not a strong trending environment"",
    ""Micro support at 62435 is nearby - potential for liquidity grab before continuation"",
    ""Higher low detected - could indicate short-term buying interest""
  ],
  ""bull_score"": 3,
  ""bear_score"": 7
}
```",62676.0,62634.0,MAKER,TAKER,0.031942,63.0,160.734,1.34,1.34,0.0,0.0,-0.0,-0.0,6.7,300.335582,THESIS_INVALIDATED,4.905975,0.912128,8e-06,0.040562,False,True,"{'price': 62567.0, 'ret_1m': 0.0, 'ret_5m': -0.0005271565495207668, 'ema9': 62573.92159649029, 'ema21': 62552.456755852196, 'ema200': 63615.72609048818, 'dist_to_support': 0.009701599884923362, 'dist_to_resistance': 0.03532213467163201, 'volume': 0.021585198, 'volume_ratio': 0.9121280176357112, 'delta': 4.9059745360004126, 'velocity': 8.001296483816456e-06, 'imbalance': 0.040562429626289455, 'candle_range': 46.5, 'body_ratio': 0.7834839764717814, 'wick_ratio': 0.11651602352821863}",3.2,"{'early_fail_enabled': True, 'invert_signal': False, 'ai_enabled': True, 'edge_threshold': 3.0, 'edge_threshold_max': None, 'edge_range_preset': 'min_only', 'ai_threshold': 44.0, 'leverage': 100, 'pullback_threshold': 0.001}","{'ema9': 62573.92159649029, 'ema21': 62552.456755852196, 'ema200': 63615.72609048818, 'ema_spread': 0.000343, 'ema9_slope_pct': 0.0, 'ema21_slope_pct': 0.0095, 'ema9_above_ema21': True, 'ema21_above_ema200': False}",MOMENTUM_LONG,3.2,3.2,False,True,INV_False_EF_True,SHORT,12,8,SCENARIO_C_EARLY_12_v2_frozen,40.0,10.0,-12.0,2.0,8.0,300,1,2,-32.0,False,False,True,False,480,3,5.0,False,5,0.75,"[[12, 8], [15, 10], [25, 18], [40, 28], [60, 45], [80, 60], [100, 75], [150, 120]]","{""trail_ladder"": [[12, 8], [15, 10], [25, 18], [40, 28], [60, 45], [80, 60], [100, 75], [150, 120]], ""ladder_first_trigger_pct"": 12, ""ladder_first_lock_pct"": 8, ""exit_profile_id"": ""SCENARIO_C_EARLY_12_v2_frozen"", ""peak_never_loser_min_peak"": 40.0, ""peak_never_loser_floor"": 10.0, ""thesis_fast_exit_unreal_pct"": -12.0, ""thesis_mfe_protect_pct"": 2.0, ""thesis_exit_if_above_unreal_pct"": 8.0, ""thesis_min_age_sec"": 300, ""thesis_score_flip_margin"": 1, ""thesis_early_decay_delta"": 2, ""early_fail_pct_threshold"": -32.0, ""type_a_first_candle_enabled"": false, ""type_a_early_fail_enabled"": false, ""scenario_c_exit_profile"": true, ""type_a_stall_enabled"": false, ""type_a_stall_min_age_sec"": 480, ""type_a_stall_min_candles"": 3, ""type_a_stall_max_mfe_pct"": 5.0, ""trend_weakening_enabled"": false, ""spread_penalty_threshold"": 5, ""spread_penalty_margin_mult"": 0.75}",,,
2026-06-23T18:02:36.524707+00:00,c604c-e63102b24be0,SHORT,62675.0,62504.0,26.718524,27.3,20.0,4,5.46,5.46,0.0,0.0,-0.0,-0.0,PROFIT_LOCK_LADDER,100,0.91,62,44.0,True,SIM_LIMIT,AI_DIRECT_LIMIT,,,,,0,BEAR,SR,60-70,SPAWN,-3,-3,BEARISH_STRUCTURE,MIXED,22.22,-3,3,7,0.00259,bitfinex,tBTCF0:USTF0,v10.3-dashboard-ultimate-gate-2026-06-23,BITFINEX_ZERO,v10.3-dashboard-ultimate-gate-2026-06-23,COMBO_604_SP4_CHASE_3PLUS,AI60-65 · Spread4 · Chase 3+,APPROVE,62613.0,0.035322,0.009702,NEAR_SUPPORT,-0.000137,1.0,46.5,26.718525,-11.009174,49.142401,179.939,179.939,179.939,0-5m,AI_DIRECT,AI_DIRECT,0,,62.0,0.0,0.0,0.0,False,0.0,0.0,-0.002886,8e-06,0.021585,0.912128,4.905975,0.0,0.040562,62567.0,62573.921596,62552.456756,63615.72609,0.000343,NEAR_SUPPORT,SHORT_PREFERRED,0.035322,0.009702,BEAR,3.0,44.0,0.0,100,3.2,True,True,APPROVE,62,"```json
{
  ""direction"": ""SHORT"",
  ""confidence"": 62,
  ""long_score"": 28,
  ""short_score"": 72,
  ""preferred_direction"": ""SHORT"",
  ""entry_zone_low"": 62600,
  ""entry_zone_high"": 62750,
  ""limit_price"": 62675,
  ""expected_mfe"": 0.0045,
  ""expected_mae"": 0.003,
  ""reversal_probability"": 53,
  ""exit_style"": ""AGGRESSIVE"",
  ""reasons_for_trade"": [
    ""BEAR regime with BEAR_CONTINUATION structure shift"",
    ""Multi-timeframe agreement: 15m RANGING, 1h RANGING, 4h BEARISH - bearish HTF bias intact"",
    ""Trend health state BEAR with bear_score 6 vs bull_score 4"",
    ""EMA stack not fully bearish (ema9 above ema21) but price below ema200 (-1.65%) - bearish long-term alignment"",
    ""ADX 22.22 below 25 but structure_score -3 supports bearish continuation"",
    ""Higher low detected but no lower high - micro structure leans bearish with rejections at micro resistance"",
    ""Edge score 3.2 above threshold 3.0 - signal quality acceptable"",
    ""Funding positive (longs pay shorts) - slight bearish carry advantage"",
    ""Price near support (0.97% away) - continuation shorts near support can work if strong bearish momentum, but caution warranted""
  ],
  ""reasons_against_trade"": [
    ""Price is very close to support (0.97%) - bounce risk elevated"",
    ""Reversal probability 53% - non-trivial chance of mean reversion"",
    ""EMA9 above EMA21 - short-term momentum slightly bullish"",
    ""Volume ratio 0.91 below 1.0 - no strong volume confirmation"",
    ""ADX below 25 - not a strong trending environment"",
    ""Micro support at 62435 is nearby - potential for liquidity grab before continuation"",
    ""Higher low detected - could indicate short-term buying interest""
  ],
  ""bull_score"": 3,
  ""bear_score"": 7
}
```",62675.0,62504.0,MAKER,TAKER,0.031942,62.0,179.939,5.46,5.46,0.0,0.0,-0.0,-0.0,27.3,1603.111577,PROFIT_LOCK_LADDER,4.905975,0.912128,8e-06,0.040562,False,True,"{'price': 62567.0, 'ret_1m': 0.0, 'ret_5m': -0.0005271565495207668, 'ema9': 62573.92159649029, 'ema21': 62552.456755852196, 'ema200': 63615.72609048818, 'dist_to_support': 0.009701599884923362, 'dist_to_resistance': 0.03532213467163201, 'volume': 0.021585198, 'volume_ratio': 0.9121280176357112, 'delta': 4.9059745360004126, 'velocity': 8.001296483816456e-06, 'imbalance': 0.040562429626289455, 'candle_range': 46.5, 'body_ratio': 0.7834839764717814, 'wick_ratio': 0.11651602352821863}",3.2,"{'early_fail_enabled': True, 'invert_signal': False, 'ai_enabled': True, 'edge_threshold': 3.0, 'edge_threshold_max': None, 'edge_range_preset': 'min_only', 'ai_threshold': 44.0, 'leverage': 100, 'pullback_threshold': 0.001}","{'ema9': 62573.92159649029, 'ema21': 62552.456755852196, 'ema200': 63615.72609048818, 'ema_spread': 0.000343, 'ema9_slope_pct': 0.0, 'ema21_slope_pct': 0.0095, 'ema9_above_ema21': True, 'ema21_above_ema200': False}",MOMENTUM_LONG,3.2,3.2,False,True,INV_False_EF_True,SHORT,12,8,SCENARIO_C_EARLY_12_v2_frozen,40.0,10.0,-12.0,2.0,8.0,300,1,2,-32.0,False,False,True,False,480,3,5.0,False,5,0.75,"[[12, 8], [15, 10], [25, 18], [40, 28], [60, 45], [80, 60], [100, 75], [150, 120]]","{""trail_ladder"": [[12, 8], [15, 10], [25, 18], [40, 28], [60, 45], [80, 60], [100, 75], [150, 120]], ""ladder_first_trigger_pct"": 12, ""ladder_first_lock_pct"": 8, ""exit_profile_id"": ""SCENARIO_C_EARLY_12_v2_frozen"", ""peak_never_loser_min_peak"": 40.0, ""peak_never_loser_floor"": 10.0, ""thesis_fast_exit_unreal_pct"": -12.0, ""thesis_mfe_protect_pct"": 2.0, ""thesis_exit_if_above_unreal_pct"": 8.0, ""thesis_min_age_sec"": 300, ""thesis_score_flip_margin"": 1, ""thesis_early_decay_delta"": 2, ""early_fail_pct_threshold"": -32.0, ""type_a_first_candle_enabled"": false, ""type_a_early_fail_enabled"": false, ""scenario_c_exit_profile"": true, ""type_a_stall_enabled"": false, ""type_a_stall_min_age_sec"": 480, ""type_a_stall_min_candles"": 3, ""type_a_stall_max_mfe_pct"": 5.0, ""trend_weakening_enabled"": false, ""spread_penalty_threshold"": 5, ""spread_penalty_margin_mult"": 0.75}",,,
2026-06-23T18:35:03.256870+00:00,cont-6f2f76da0af0,SHORT,62395.0,62361.98,23.940421,5.3,15.0,6,0.8,0.79,0.0,0.0,-0.0,-0.0,PROFIT_LOCK_LADDER,100,0.18,62,44.0,True,SIM_LIMIT,AI_DIRECT_LIMIT,,,,,0,BEAR,SR,60-70,SPAWN,-3,-3,BEARISH_STRUCTURE,BEAR_ALIGNED,19.46,-5,3,9,0.00259,bitfinex,tBTCF0:USTF0,v10.3-dashboard-ultimate-gate-2026-06-23,BITFINEX_ZERO,v10.3-dashboard-ultimate-gate-2026-06-23,CONTINUOUS,Continuous AI Research,APPROVE,62342.0,0.039075,0.006112,NEAR_SUPPORT,-0.00065,0.801757,41.8,23.940422,-9.936694,12.501002,190.95,190.95,190.95,0-5m,AI_DIRECT,AI_DIRECT,0,,53.0,0.0,0.0236,0.0236,False,0.0,0.0,-0.001939,-5e-06,0.090019,6.073934,5.364554,0.0,0.041667,62338.0,62512.101822,62526.26103,63595.312483,-0.000226,NEAR_SUPPORT,SHORT_PREFERRED,0.039075,0.006112,BEAR,3.0,44.0,0.0,100,4.6,True,True,APPROVE,62,"```json
{
  ""direction"": ""SHORT"",
  ""confidence"": 62,
  ""long_score"": 25,
  ""short_score"": 72,
  ""preferred_direction"": ""SHORT"",
  ""entry_zone_low"": 62350,
  ""entry_zone_high"": 62450,
  ""limit_price"": 62400,
  ""expected_mfe"": 0.0045,
  ""expected_mae"": 0.003,
  ""reversal_probability"": 51,
  ""exit_style"": ""AGGRESSIVE"",
  ""reasons_for_trade"": [
    ""Multi-timeframe agreement is BEAR_ALIGNED across 15m/1h/4h"",
    ""EMA stack is bearish (price below all EMAs, EMA9 below EMA21, EMA21 below EMA200)"",
    ""Trend health state is BEAR with bear_score 9 vs bull_score 3"",
    ""Market structure bias is BEARISH_STRUCTURE with structure_score -3"",
    ""ADX at 19.46 is below 25 but trend strength is still negative (trend_score -5)"",
    ""Velocity is negative (-0.0000465) indicating continued downward momentum"",
    ""Regime is BEAR and market_structure_shift is BEAR_CONTINUATION"",
    ""Price is near support (0.6% away) - continuation shorts near support can work if bearish momentum persists, but bounce risk is elevated""
  ],
  ""reasons_against_trade"": [
    ""Price is very close to support (0.6% away) - high bounce risk if support holds"",
    ""Reversal probability is 51% (moderate risk of mean reversion)"",
    ""ADX below 25 suggests no strong trending momentum - could be range-bound"",
    ""Volume ratio is extremely low (0.0056) - low participation may lead to erratic moves"",
    ""Higher low detected on micro structure - potential for short-term bounce"",
    ""Entry near support historically reduces short expectancy without strong continuation""
  ],
  ""bull_score"": 3,
  ""bear_score"": 9
}
```

**Direction:** SHORT  
**Win probability:** 62%  
**Long score:** 25  
**Short score:** 72  
**Bull score:** 3/10  
**Bear score:** 9/10  
**Decision:** APPROVE  

**Reason:** The bearish case is overwhelmingly stronger: MTF alignment (BEAR_ALIGNED), bearish EMA stack, bearish structure, negative velocity, and bearish trend health all point to continuation. The short score (72) exceeds the long score (25) by more than the required +5 threshold. However, the proximity to support (0.6%) and moderate reversal probability (51%) reduce confidence from STRONG_APPROVE to APPROVE. The entry zone is set slightly above current price (pullback to 62400) to avoid chasing into support, with an aggressive exit style given the low ADX and potential for a bounce.",62395.0,62361.98,MAKER,TAKER,0.024061,53.0,190.95,0.8,0.79,0.0,0.0,-0.0,-0.0,5.3,1436.425329,PROFIT_LOCK_LADDER,5.364554,6.073934,-5e-06,0.041667,False,True,"{'price': 62338.0, 'ret_1m': -1.60413224466225e-05, 'ret_5m': -0.00040087872616775973, 'ema9': 62512.10182175379, 'ema21': 62526.261030385016, 'ema200': 63595.3124829916, 'dist_to_support': 0.006111547777546077, 'dist_to_resistance': 0.0390754078375387, 'volume': 0.09001932800000001, 'volume_ratio': 6.073934453456952, 'delta': 5.364553506000381, 'velocity': -4.8122680748631915e-06, 'imbalance': 0.04166739506023737, 'candle_range': 41.8, 'body_ratio': 0.7140200125078173, 'wick_ratio': 0.1859799874921826}",4.6,"{'early_fail_enabled': True, 'invert_signal': False, 'ai_enabled': True, 'edge_threshold': 3.0, 'edge_threshold_max': None, 'edge_range_preset': 'min_only', 'ai_threshold': 44.0, 'leverage': 100, 'pullback_threshold': 0.001}","{'ema9': 62512.10182175379, 'ema21': 62526.261030385016, 'ema200': 63595.3124829916, 'ema_spread': -0.000226, 'ema9_slope_pct': -0.1016, 'ema21_slope_pct': -0.0396, 'ema9_above_ema21': False, 'ema21_above_ema200': False}",WEAK_SETUP,4.6,4.6,False,True,INV_False_EF_True,SHORT,12,8,SCENARIO_C_EARLY_12_v2_frozen,40.0,10.0,-12.0,2.0,8.0,300,1,2,-32.0,False,False,True,False,480,3,5.0,False,5,0.75,"[[12, 8], [15, 10], [25, 18], [40, 28], [60, 45], [80, 60], [100, 75], [150, 120]]","{""trail_ladder"": [[12, 8], [15, 10], [25, 18], [40, 28], [60, 45], [80, 60], [100, 75], [150, 120]], ""ladder_first_trigger_pct"": 12, ""ladder_first_lock_pct"": 8, ""exit_profile_id"": ""SCENARIO_C_EARLY_12_v2_frozen"", ""peak_never_loser_min_peak"": 40.0, ""peak_never_loser_floor"": 10.0, ""thesis_fast_exit_unreal_pct"": -12.0, ""thesis_mfe_protect_pct"": 2.0, ""thesis_exit_if_above_unreal_pct"": 8.0, ""thesis_min_age_sec"": 300, ""thesis_score_flip_margin"": 1, ""thesis_early_decay_delta"": 2, ""early_fail_pct_threshold"": -32.0, ""type_a_first_candle_enabled"": false, ""type_a_early_fail_enabled"": false, ""scenario_c_exit_profile"": true, ""type_a_stall_enabled"": false, ""type_a_stall_min_age_sec"": 480, ""type_a_stall_min_candles"": 3, ""type_a_stall_max_mfe_pct"": 5.0, ""trend_weakening_enabled"": false, ""spread_penalty_threshold"": 5, ""spread_penalty_margin_mult"": 0.75}",,,
2026-06-23T19:29:18.985628+00:00,cont-ddb71299efa1,SHORT,62295.0,62484.0,30.823763,-30.32,15.0,6,-4.55,-4.55,0.0,0.0,-0.0,-0.0,STOP_LOSS,100,1.01,62,44.0,True,SIM_LIMIT,AI_DIRECT_LIMIT,,,,,0,BEAR,SR,60-70,SPAWN,-3,-3,BEARISH_STRUCTURE,BEAR_ALIGNED,18.96,-5,2,8,0.00259,bitfinex,tBTCF0:USTF0,v10.3-dashboard-ultimate-gate-2026-06-23,BITFINEX_ZERO,v10.3-dashboard-ultimate-gate-2026-06-23,CONTINUOUS,Continuous AI Research,APPROVE,62245.0,0.040782,0.003602,NEAR_SUPPORT,-0.000808,0.933151,31.7,30.823763,-30.339514,5.297375,551.02,551.02,551.02,5-15m,AI_DIRECT,AI_DIRECT,0,,50.0,0.0,0.0,0.0,False,0.0,0.0,-0.002497,3.2e-05,0.003323,0.032832,2.31701,0.0,0.016855,62184.0,62384.439333,62460.081916,63563.954378,-0.001211,NEAR_SUPPORT,SHORT_PREFERRED,0.040782,0.003602,BEAR,3.0,44.0,0.0,100,3.6,True,True,APPROVE,62,"```json
{
  ""direction"": ""SHORT"",
  ""confidence"": 62,
  ""long_score"": 18,
  ""short_score"": 72,
  ""preferred_direction"": ""SHORT"",
  ""entry_zone_low"": 62250,
  ""entry_zone_high"": 62350,
  ""limit_price"": 62300,
  ""expected_mfe"": 180,
  ""expected_mae"": 120,
  ""reversal_probability"": 71,
  ""exit_style"": ""AGGRESSIVE"",
  ""reasons_for_trade"": [
    ""Multi-timeframe agreement is BEAR_ALIGNED across 15m/1h/4h"",
    ""Market structure shows BEARISH_STRUCTURE with active LH/LL sequence"",
    ""EMA stack is bearish (price below all EMAs, EMA9 below EMA21, EMA21 below EMA200)"",
    ""Trend health state is BEAR with bear_score 9 vs bull_score 3"",
    ""ADX at 18.96 is below 25 but trend strength score is -5, favoring continuation"",
    ""Market structure shift is BEAR_CONTINUATION with no reversal confirmation"",
    ""Price is near micro support (62435) but this is a location context only - not a reversal signal"",
    ""Funding rate positive (2.59e-05) favors shorts as longs pay"",
    ""Regime is BEAR with compression/transition pattern suggesting potential breakdown""
  ],
  ""reasons_against_trade"": [
    ""Price is very close to support (0.33% away) - bounce risk is elevated"",
    ""Reversal probability score is 71 (high), indicating potential mean reversion"",
    ""ADX below 25 suggests non-trending/compression conditions"",
    ""Volume ratio is extremely low (0.033) - lack of conviction in current move"",
    ""Higher low detected on micro structure could indicate base building"",
    ""Candle has small range and high body ratio - indecision pattern""
  ],
  ""bull_score"": 2,
  ""bear_score"": 8
}
```",62295.0,62484.0,MAKER,TAKER,0.024098,50.0,551.02,-4.55,-4.55,0.0,0.0,-0.0,-0.0,-30.32,1849.425858,STOP_LOSS,2.31701,0.032832,3.2e-05,0.016855,False,True,"{'price': 62184.0, 'ret_1m': 1.6081565701236672e-05, 'ret_5m': 0.00046657549674201595, 'ema9': 62384.439332737944, 'ema21': 62460.081916138726, 'ema200': 63563.95437787931, 'dist_to_support': 0.003602212787855397, 'dist_to_resistance': 0.04078219477679146, 'volume': 0.0033225940000000003, 'volume_ratio': 0.03283183773696814, 'delta': 2.3170098570004285, 'velocity': 3.217883138518712e-05, 'imbalance': 0.016854932828612373, 'candle_range': 31.7, 'body_ratio': 0.7034430894308943, 'wick_ratio': 0.09655691056910569}",3.6,"{'early_fail_enabled': True, 'invert_signal': False, 'ai_enabled': True, 'edge_threshold': 3.0, 'edge_threshold_max': None, 'edge_range_preset': 'min_only', 'ai_threshold': 44.0, 'leverage': 100, 'pullback_threshold': 0.001}","{'ema9': 62384.439332737944, 'ema21': 62460.081916138726, 'ema200': 63563.95437787931, 'ema_spread': -0.001211, 'ema9_slope_pct': -0.2148, 'ema21_slope_pct': -0.1106, 'ema9_above_ema21': False, 'ema21_above_ema200': False}",MOMENTUM_LONG,3.6,3.6,False,True,INV_False_EF_True,SHORT,12,8,SCENARIO_C_EARLY_12_v2_frozen,40.0,10.0,-12.0,2.0,8.0,300,1,2,-32.0,False,False,True,False,480,3,5.0,False,5,0.75,"[[12, 8], [15, 10], [25, 18], [40, 28], [60, 45], [80, 60], [100, 75], [150, 120]]","{""trail_ladder"": [[12, 8], [15, 10], [25, 18], [40, 28], [60, 45], [80, 60], [100, 75], [150, 120]], ""ladder_first_trigger_pct"": 12, ""ladder_first_lock_pct"": 8, ""exit_profile_id"": ""SCENARIO_C_EARLY_12_v2_frozen"", ""peak_never_loser_min_peak"": 40.0, ""peak_never_loser_floor"": 10.0, ""thesis_fast_exit_unreal_pct"": -12.0, ""thesis_mfe_protect_pct"": 2.0, ""thesis_exit_if_above_unreal_pct"": 8.0, ""thesis_min_age_sec"": 300, ""thesis_score_flip_margin"": 1, ""thesis_early_decay_delta"": 2, ""early_fail_pct_threshold"": -32.0, ""type_a_first_candle_enabled"": false, ""type_a_early_fail_enabled"": false, ""scenario_c_exit_profile"": true, ""type_a_stall_enabled"": false, ""type_a_stall_min_age_sec"": 480, ""type_a_stall_min_candles"": 3, ""type_a_stall_max_mfe_pct"": 5.0, ""trend_weakening_enabled"": false, ""spread_penalty_threshold"": 5, ""spread_penalty_margin_mult"": 0.75}",,,
2026-06-23T19:36:25.961977+00:00,cont-4a6795566eec,SHORT,62495.0,62476.0,6.20426,3.04,15.0,6,0.46,0.46,0.0,0.0,-0.0,-0.0,THESIS_INVALIDATED,100,0.1,62,44.0,True,SIM_LIMIT,AI_DIRECT_LIMIT,,,,,0,BEAR,SR,60-70,SPAWN,-3,-3,BEARISH_STRUCTURE,BEAR_ALIGNED,17.78,-5,3,9,0.00259,bitfinex,tBTCF0:USTF0,v10.3-dashboard-ultimate-gate-2026-06-23,BITFINEX_ZERO,v10.3-dashboard-ultimate-gate-2026-06-23,CONTINUOUS,Continuous AI Research,APPROVE,62470.0,0.037329,0.006908,NEAR_SUPPORT,-0.000615,0.833454,31.3,6.204261,-5.920474,8.960717,350.079,350.079,350.079,5-15m,AI_DIRECT,AI_DIRECT,0,,25.0,0.0,0.0,0.0,False,0.0,0.0,-0.000502,5e-06,0.018343,0.340149,4.685208,0.0,0.032523,62365.0,62392.209173,62452.495197,63548.006382,-0.000965,NEAR_SUPPORT,SHORT_PREFERRED,0.037329,0.006908,BEAR,3.0,44.0,0.0,100,3.7,True,True,APPROVE,62,"```json
{
  ""direction"": ""SHORT"",
  ""confidence"": 62,
  ""long_score"": 25,
  ""short_score"": 75,
  ""preferred_direction"": ""SHORT"",
  ""entry_zone_low"": 62450,
  ""entry_zone_high"": 62550,
  ""limit_price"": 62500,
  ""expected_mfe"": 180,
  ""expected_mae"": 120,
  ""reversal_probability"": 51,
  ""exit_style"": ""AGGRESSIVE"",
  ""reasons_for_trade"": [
    ""MTF agreement is BEAR_ALIGNED across 15m/1h/4h"",
    ""Market structure bias is BEARISH_STRUCTURE with structure_score -3"",
    ""EMA stack is bearish (price below all EMAs, ema9 below ema21 below ema200)"",
    ""Trend health state is BEAR with bear_score 9 vs bull_score 3"",
    ""ADX at 17.78 is below 25 but trend strength is intact (no mean reversion risk)"",
    ""Regime is BEAR with BEAR_CONTINUATION market structure shift"",
    ""Price is near support (0.69% away) but continuation is favored over bounce given strong bearish hierarchy"",
    ""Funding rate positive (2.59e-05) favors shorts, longs pay"",
    ""Edge score 3.7 above threshold 3.0 supports trade quality""
  ],
  ""reasons_against_trade"": [
    ""Price is very close to micro support at 62122 (0.43% away), increasing bounce risk"",
    ""Reversal probability is 51% (moderate), suggesting potential for mean reversion"",
    ""Volume ratio is very low (0.015), indicating lack of conviction in current move"",
    ""ADX below 25 suggests non-trending/compression environment, reducing continuation confidence"",
    ""Higher low detected on micro structure could signal weakening bearish momentum"",
    ""Candle range is narrow (31.3) with compression regime, typical of indecision""
  ],
  ""bull_score"": 3,
  ""bear_score"": 9
}
```

Direction: SHORT
Win probability: 62%
Long score: 25
Short score: 75
Bull score: 3
Bear score: 9
Decision: APPROVE
Reason: Strong bearish hierarchy (MTF alignment, structure, EMA stack, trend health) dominates over proximity to support. Price near support historically reduces short expectancy, but the bearish continuation case is well-supported by multiple timeframe agreement and structure. The low ADX and compression regime warrant a tighter stop and aggressive exit. Entry above current price (pullback to resistance zone) aligns with short bias.",62495.0,62476.0,MAKER,TAKER,0.024012,25.0,350.079,0.46,0.46,0.0,0.0,-0.0,-0.0,3.04,372.255703,THESIS_INVALIDATED,4.685208,0.340149,5e-06,0.032523,False,True,"{'price': 62365.0, 'ret_1m': 0.0, 'ret_5m': -0.00041672677148947763, 'ema9': 62392.209172952294, 'ema21': 62452.49519740256, 'ema200': 63548.00638186143, 'dist_to_support': 0.006908047635075572, 'dist_to_resistance': 0.03732910195380744, 'volume': 0.018343010000000003, 'volume_ratio': 0.3401489804655232, 'delta': 4.685207643000494, 'velocity': 4.811496046837043e-06, 'imbalance': 0.032523014956508736, 'candle_range': 31.3, 'body_ratio': 0.6710765765765766, 'wick_ratio': 0.12892342342342342}",3.7,"{'early_fail_enabled': True, 'invert_signal': False, 'ai_enabled': True, 'edge_threshold': 3.0, 'edge_threshold_max': None, 'edge_range_preset': 'min_only', 'ai_threshold': 44.0, 'leverage': 100, 'pullback_threshold': 0.001}","{'ema9': 62392.209172952294, 'ema21': 62452.49519740256, 'ema200': 63548.00638186143, 'ema_spread': -0.000965, 'ema9_slope_pct': -0.0622, 'ema21_slope_pct': -0.0541, 'ema9_above_ema21': False, 'ema21_above_ema200': False}",MOMENTUM_LONG,3.7,3.7,False,True,INV_False_EF_True,SHORT,12,8,SCENARIO_C_EARLY_12_v2_frozen,40.0,10.0,-12.0,2.0,8.0,300,1,2,-32.0,False,False,True,False,480,3,5.0,False,5,0.75,"[[12, 8], [15, 10], [25, 18], [40, 28], [60, 45], [80, 60], [100, 75], [150, 120]]","{""trail_ladder"": [[12, 8], [15, 10], [25, 18], [40, 28], [60, 45], [80, 60], [100, 75], [150, 120]], ""ladder_first_trigger_pct"": 12, ""ladder_first_lock_pct"": 8, ""exit_profile_id"": ""SCENARIO_C_EARLY_12_v2_frozen"", ""peak_never_loser_min_peak"": 40.0, ""peak_never_loser_floor"": 10.0, ""thesis_fast_exit_unreal_pct"": -12.0, ""thesis_mfe_protect_pct"": 2.0, ""thesis_exit_if_above_unreal_pct"": 8.0, ""thesis_min_age_sec"": 300, ""thesis_score_flip_margin"": 1, ""thesis_early_decay_delta"": 2, ""early_fail_pct_threshold"": -32.0, ""type_a_first_candle_enabled"": false, ""type_a_early_fail_enabled"": false, ""scenario_c_exit_profile"": true, ""type_a_stall_enabled"": false, ""type_a_stall_min_age_sec"": 480, ""type_a_stall_min_candles"": 3, ""type_a_stall_max_mfe_pct"": 5.0, ""trend_weakening_enabled"": false, ""spread_penalty_threshold"": 5, ""spread_penalty_margin_mult"": 0.75}",,,
2026-06-23T19:59:36.281090+00:00,cont-7923d59b6d4a,SHORT,62395.0,62464.0,9.397361,-11.05,15.0,6,-1.66,-1.66,0.0,0.0,-0.0,-0.0,THESIS_INVALIDATED,100,0.37,62,44.0,True,SIM_LIMIT,AI_DIRECT_LIMIT,,,,,0,BEAR,SR,60-70,SPAWN,-3,-3,BEARISH_STRUCTURE,BEAR_ALIGNED,15.9,-5,3,9,0.00259,bitfinex,tBTCF0:USTF0,v10.3-dashboard-ultimate-gate-2026-06-23,BITFINEX_ZERO,v10.3-dashboard-ultimate-gate-2026-06-23,CONTINUOUS,Continuous AI Research,APPROVE,62344.0,0.038494,0.005793,NEAR_SUPPORT,-0.000659,0.866106,31.6,9.397362,-14.483532,6.891578,25.696,25.696,25.696,0-5m,AI_DIRECT,AI_DIRECT,0,,51.0,0.0,0.0,0.0,False,0.0,0.0,-0.000761,3e-06,0.001533,0.167347,9.056161,0.0,0.060311,62321.0,62388.365871,62442.183108,63532.136482,-0.000862,NEAR_SUPPORT,SHORT_PREFERRED,0.038494,0.005793,BEAR,3.0,44.0,0.0,100,4.4,True,True,APPROVE,62,"```json
{
  ""direction"": ""SHORT"",
  ""confidence"": 62,
  ""long_score"": 25,
  ""short_score"": 75,
  ""preferred_direction"": ""SHORT"",
  ""entry_zone_low"": 62350,
  ""entry_zone_high"": 62450,
  ""limit_price"": 62400,
  ""expected_mfe"": 0.004,
  ""expected_mae"": 0.003,
  ""reversal_probability"": 71,
  ""exit_style"": ""AGGRESSIVE"",
  ""reasons_for_trade"": [
    ""Multi-timeframe agreement is BEAR_ALIGNED across 15m, 1h, 4h"",
    ""Market structure bias is BEARISH_STRUCTURE with structure_score -3"",
    ""EMA stack is bearish (price below all EMAs, ema9 below ema21, ema21 below ema200)"",
    ""Trend health state is BEAR with bear_score 9 vs bull_score 3"",
    ""Market regime is COMPRESSION near support, but no reversal confirmation for LONG"",
    ""Liquidity sweep low already occurred, suggesting potential further downside"",
    ""Edge score 4.4 above threshold 3.0 supports bearish bias""
  ],
  ""reasons_against_trade"": [
    ""Price is very close to support (0.58% away), increasing bounce risk"",
    ""Reversal probability is high at 71%, indicating potential for mean reversion"",
    ""ADX is only 15.9 (below 25), so trend strength is weak - not a strong continuation signal"",
    ""Volume ratio is low (0.167), suggesting lack of conviction in current move"",
    ""Higher low detected on micro structure could indicate short-term bottoming""
  ],
  ""bull_score"": 3,
  ""bear_score"": 9
}
```

**Direction:** SHORT  
**Win probability:** 62%  
**Long score:** 25  
**Short score:** 75  
**Bull score:** 3  
**Bear score:** 10  
**Decision:** APPROVE  
**Reason:** Bearish alignment across all timeframes, EMA stack, and trend health strongly favor continuation. Price near support is a location context only - no reversal confirmation (no structure shift, no momentum expansion upward). The high reversal probability (71%) is noted but not confirmed by structure or orderflow. Short entry above current price (pullback to resistance zone) aligns with bearish bias. Weak ADX reduces conviction slightly, but the trend hierarchy rules still favor SHORT over LONG.",62395.0,62464.0,MAKER,TAKER,0.02406,51.0,25.696,-1.66,-1.66,0.0,0.0,-0.0,-0.0,-11.05,563.841788,THESIS_INVALIDATED,9.056161,0.167347,3e-06,0.060311,False,True,"{'price': 62321.0, 'ret_1m': 0.0, 'ret_5m': -0.0004330531853467633, 'ema9': 62388.36587068948, 'ema21': 62442.18310829072, 'ema200': 63532.13648231932, 'dist_to_support': 0.005792589977696122, 'dist_to_resistance': 0.038494247524911346, 'volume': 0.00153322, 'volume_ratio': 0.16734689019423793, 'delta': 9.056161263000451, 'velocity': 3.2146226278751554e-06, 'imbalance': 0.06031073805727531, 'candle_range': 31.6, 'body_ratio': 0.6410765765765766, 'wick_ratio': 0.15892342342342342}",4.4,"{'early_fail_enabled': True, 'invert_signal': False, 'ai_enabled': True, 'edge_threshold': 3.0, 'edge_threshold_max': None, 'edge_range_preset': 'min_only', 'ai_threshold': 44.0, 'leverage': 100, 'pullback_threshold': 0.001}","{'ema9': 62388.36587068948, 'ema21': 62442.18310829072, 'ema200': 63532.13648231932, 'ema_spread': -0.000862, 'ema9_slope_pct': -0.0307, 'ema21_slope_pct': -0.036, 'ema9_above_ema21': False, 'ema21_above_ema200': False}",MOMENTUM_LONG,4.4,4.4,False,True,INV_False_EF_True,SHORT,12,8,SCENARIO_C_EARLY_12_v2_frozen,40.0,10.0,-12.0,2.0,8.0,300,1,2,-32.0,False,False,True,False,480,3,5.0,False,5,0.75,"[[12, 8], [15, 10], [25, 18], [40, 28], [60, 45], [80, 60], [100, 75], [150, 120]]","{""trail_ladder"": [[12, 8], [15, 10], [25, 18], [40, 28], [60, 45], [80, 60], [100, 75], [150, 120]], ""ladder_first_trigger_pct"": 12, ""ladder_first_lock_pct"": 8, ""exit_profile_id"": ""SCENARIO_C_EARLY_12_v2_frozen"", ""peak_never_loser_min_peak"": 40.0, ""peak_never_loser_floor"": 10.0, ""thesis_fast_exit_unreal_pct"": -12.0, ""thesis_mfe_protect_pct"": 2.0, ""thesis_exit_if_above_unreal_pct"": 8.0, ""thesis_min_age_sec"": 300, ""thesis_score_flip_margin"": 1, ""thesis_early_decay_delta"": 2, ""early_fail_pct_threshold"": -32.0, ""type_a_first_candle_enabled"": false, ""type_a_early_fail_enabled"": false, ""scenario_c_exit_profile"": true, ""type_a_stall_enabled"": false, ""type_a_stall_min_age_sec"": 480, ""type_a_stall_min_candles"": 3, ""type_a_stall_max_mfe_pct"": 5.0, ""trend_weakening_enabled"": false, ""spread_penalty_threshold"": 5, ""spread_penalty_margin_mult"": 0.75}",,,
2026-06-23T20:05:47.995049+00:00,c604c-c93812f8e2c9,SHORT,62513.5,62520.0,5.00379,-1.04,20.0,4,-0.21,-0.21,0.0,0.0,-0.0,-0.0,THESIS_INVALIDATED,100,0.03,62,44.0,True,SIM_LIMIT,AI_DIRECT_LIMIT,,,,,0,BEAR,SR,60-70,SPAWN,-3,-3,BEARISH_STRUCTURE,BEAR_ALIGNED,16.64,-5,3,7,0.00259,bitfinex,tBTCF0:USTF0,v10.3-dashboard-ultimate-gate-2026-06-23,BITFINEX_ZERO,v10.3-dashboard-ultimate-gate-2026-06-23,COMBO_604_SP4_CHASE_3PLUS,AI60-65 · Spread4 · Chase 3+,APPROVE,62455.0,0.035901,0.008275,NEAR_SUPPORT,-0.00046,1.0,30.7,5.003791,-11.277564,2.479464,1420.946,1420.946,1420.946,15-30m,AI_DIRECT,AI_DIRECT,0,,58.5,0.0,0.0,0.0,False,0.0,0.0,-0.00054,1.8e-05,0.131702,0.024242,6.912206,0.0,0.046798,62477.0,62431.407338,62466.21051,63542.189985,-0.000557,NEAR_SUPPORT,SHORT_PREFERRED,0.035901,0.008275,BEAR,3.0,44.0,0.0,100,2.6,True,True,APPROVE,62,"```json
{
  ""direction"": ""SHORT"",
  ""confidence"": 62,
  ""long_score"": 25,
  ""short_score"": 72,
  ""preferred_direction"": ""SHORT"",
  ""entry_zone_low"": 62477.0,
  ""entry_zone_high"": 62550.0,
  ""limit_price"": 62513.5,
  ""expected_mfe"": 0.0045,
  ""expected_mae"": 0.003,
  ""reversal_probability"": 71,
  ""exit_style"": ""AGGRESSIVE"",
  ""reasons_for_trade"": [
    ""BEAR_ALIGNED multi-timeframe agreement (15m ranging, 1h/4h bearish)"",
    ""Bearish EMA stack (ema9 below ema21, ema21 below ema200, bear stack true)"",
    ""Trend health state BEAR with bear_score 8 vs bull_score 4"",
    ""Market structure bias BEARISH_STRUCTURE with structure_score -3"",
    ""ADX 16.64 below 25 but trend strength score -5 supports bearish bias"",
    ""Price near micro support (62122) but no reversal confirmation; continuation favored"",
    ""Funding positive (longs pay shorts) favors short positioning"",
    ""Liquidity sweep low detected, suggesting potential further downside""
  ],
  ""reasons_against_trade"": [
    ""Price near support (0.83% away) increases bounce risk"",
    ""Reversal risk score 71 indicates elevated reversal probability"",
    ""Low volume ratio (0.024) suggests weak participation"",
    ""ADX below 25 indicates non-trending conditions, reducing continuation conviction"",
    ""Higher low detected could signal micro structure shift""
  ],
  ""bull_score"": 3,
  ""bear_score"": 7
}
```

**Direction:** SHORT  
**Win probability:** 62%  
**Long score:** 25  
**Short score:** 72  
**Bull score:** 3/10  
**Bear score:** 7/10  
**Decision:** APPROVE  
**Reason:** Bearish alignment across multiple timeframes, EMA stack, and trend health strongly favor continuation. Price near support is a location context only and lacks reversal confirmation (no structure shift, no momentum expansion in opposite direction). The elevated reversal risk (71) and low ADX warrant caution, but the bearish case outweighs the bullish case by a significant margin (72 vs 25). Entry is set slightly above current price to capture pullback into resistance, with aggressive exit given proximity to support.",62513.5,62520.0,MAKER,TAKER,0.032023,58.5,1420.946,-0.21,-0.21,0.0,0.0,-0.0,-0.0,-1.04,300.227489,THESIS_INVALIDATED,6.912206,0.024242,1.8e-05,0.046798,False,True,"{'price': 62477.0, 'ret_1m': 0.00019210758024493718, 'ret_5m': 0.000512450956842021, 'ema9': 62431.40733836184, 'ema21': 62466.21051003271, 'ema200': 63542.189985406774, 'dist_to_support': 0.008275045216639723, 'dist_to_resistance': 0.03590121164588569, 'volume': 0.13170248599999998, 'volume_ratio': 0.024241845729140954, 'delta': 6.912205929000505, 'velocity': 1.762285961830105e-05, 'imbalance': 0.04679757784390369, 'candle_range': 30.7, 'body_ratio': 0.6710765765765766, 'wick_ratio': 0.12892342342342342}",2.6,"{'early_fail_enabled': True, 'invert_signal': False, 'ai_enabled': True, 'edge_threshold': 3.0, 'edge_threshold_max': None, 'edge_range_preset': 'min_only', 'ai_threshold': 44.0, 'leverage': 100, 'pullback_threshold': 0.001}","{'ema9': 62431.40733836184, 'ema21': 62466.21051003271, 'ema200': 63542.189985406774, 'ema_spread': -0.000557, 'ema9_slope_pct': 0.0445, 'ema21_slope_pct': -0.0042, 'ema9_above_ema21': False, 'ema21_above_ema200': False}",MOMENTUM_LONG,2.6,2.6,False,True,INV_False_EF_True,SHORT,12,8,SCENARIO_C_EARLY_12_v2_frozen,40.0,10.0,-12.0,2.0,8.0,300,1,2,-32.0,False,False,True,False,480,3,5.0,False,5,0.75,"[[12, 8], [15, 10], [25, 18], [40, 28], [60, 45], [80, 60], [100, 75], [150, 120]]","{""trail_ladder"": [[12, 8], [15, 10], [25, 18], [40, 28], [60, 45], [80, 60], [100, 75], [150, 120]], ""ladder_first_trigger_pct"": 12, ""ladder_first_lock_pct"": 8, ""exit_profile_id"": ""SCENARIO_C_EARLY_12_v2_frozen"", ""peak_never_loser_min_peak"": 40.0, ""peak_never_loser_floor"": 10.0, ""thesis_fast_exit_unreal_pct"": -12.0, ""thesis_mfe_protect_pct"": 2.0, ""thesis_exit_if_above_unreal_pct"": 8.0, ""thesis_min_age_sec"": 300, ""thesis_score_flip_margin"": 1, ""thesis_early_decay_delta"": 2, ""early_fail_pct_threshold"": -32.0, ""type_a_first_candle_enabled"": false, ""type_a_early_fail_enabled"": false, ""scenario_c_exit_profile"": true, ""type_a_stall_enabled"": false, ""type_a_stall_min_age_sec"": 480, ""type_a_stall_min_candles"": 3, ""type_a_stall_max_mfe_pct"": 5.0, ""trend_weakening_enabled"": false, ""spread_penalty_threshold"": 5, ""spread_penalty_margin_mult"": 0.75}",,,
2026-06-23T20:33:07.942662+00:00,cont-7b1a9f07be29,SHORT,62514.0,62509.0,13.173098,0.81,15.0,6,0.12,0.12,0.0,0.0,-0.0,-0.0,THESIS_INVALIDATED,100,0.03,62,44.0,True,SIM_LIMIT,AI_DIRECT_LIMIT,,,,,0,BEAR,SR,60-70,SPAWN,-3,-3,BEARISH_STRUCTURE,BEAR_ALIGNED,14.12,-5,2,8,0.00259,bitfinex,tBTCF0:USTF0,v10.3-dashboard-ultimate-gate-2026-06-23,BITFINEX_ZERO,v10.3-dashboard-ultimate-gate-2026-06-23,CONTINUOUS,Continuous AI Research,APPROVE,62491.0,0.033722,0.007862,NEAR_SUPPORT,-8.8e-05,0.384129,29.2,13.173099,-7.67828,9.437886,78.792,78.792,78.792,0-5m,AI_DIRECT,AI_DIRECT,0,,23.0,0.0,0.0,0.0,False,0.0,0.0,-0.001067,1.4e-05,0.048056,0.051638,7.961212,0.0,0.050073,62491.0,62433.906157,62456.204673,63519.479104,-0.000357,NEAR_SUPPORT,SHORT_PREFERRED,0.033722,0.007862,BEAR,3.0,44.0,0.0,100,3.4,True,True,APPROVE,62,"```json
{
  ""direction"": ""SHORT"",
  ""confidence"": 62,
  ""long_score"": 18,
  ""short_score"": 72,
  ""preferred_direction"": ""SHORT"",
  ""entry_zone_low"": 62480,
  ""entry_zone_high"": 62550,
  ""limit_price"": 62515,
  ""expected_mfe"": 0.0045,
  ""expected_mae"": 0.0032,
  ""reversal_probability"": 41,
  ""exit_style"": ""AGGRESSIVE"",
  ""reasons_for_trade"": [
    ""BEAR_ALIGNED multi-timeframe agreement (15m ranging, 1h/4h bearish)"",
    ""Bearish structure with structure_score -3 and BEARISH_STRUCTURE bias"",
    ""EMA stack bearish (price below ema21, ema9 below ema21, ema21 below ema200)"",
    ""Trend health state BEAR with bear_score 9 vs bull_score 3"",
    ""Market structure shift BEAR_CONTINUATION, no reversal confirmation"",
    ""Volume ratio elevated (4.92) suggesting selling pressure"",
    ""Liquidity sweep low already occurred, potential for further downside"",
    ""Edge_score 3.4 above threshold 3.0, supporting bearish edge""
  ],
  ""reasons_against_trade"": [
    ""Price near micro support (62122) and macro support (61960) - bounce risk"",
    ""Reversal probability 41% indicates non-trivial reversal chance"",
    ""ADX 14.12 below 25 - trend not strong, mean reversion possible"",
    ""Delta positive (7.9) shows some buying pressure"",
    ""Candle body ratio high (0.70) suggests recent buying absorption"",
    ""Entry near support historically reduces short expectancy without strong continuation""
  ],
  ""bull_score"": 2,
  ""bear_score"": 8
}
```",62514.0,62509.0,MAKER,TAKER,0.024003,23.0,78.792,0.12,0.12,0.0,0.0,-0.0,-0.0,0.81,790.385984,THESIS_INVALIDATED,7.961212,0.051638,1.4e-05,0.050073,False,True,"{'price': 62491.0, 'ret_1m': 0.0, 'ret_5m': 0.0001920645336833176, 'ema9': 62433.90615724127, 'ema21': 62456.204672508284, 'ema200': 63519.47910429732, 'dist_to_support': 0.007862163936526237, 'dist_to_resistance': 0.03372243839169909, 'volume': 0.048055535, 'volume_ratio': 0.05163808253230732, 'delta': 7.961211800000379, 'velocity': 1.4420755369247635e-05, 'imbalance': 0.05007302802838014, 'candle_range': 29.2, 'body_ratio': 0.6985765765765766, 'wick_ratio': 0.10142342342342343}",3.4,"{'early_fail_enabled': True, 'invert_signal': False, 'ai_enabled': True, 'edge_threshold': 3.0, 'edge_threshold_max': None, 'edge_range_preset': 'min_only', 'ai_threshold': 44.0, 'leverage': 100, 'pullback_threshold': 0.001}","{'ema9': 62433.90615724127, 'ema21': 62456.204672508284, 'ema200': 63519.47910429732, 'ema_spread': -0.000357, 'ema9_slope_pct': 0.046, 'ema21_slope_pct': 0.003, 'ema9_above_ema21': False, 'ema21_above_ema200': False}",MOMENTUM_LONG,3.4,3.4,False,True,INV_False_EF_True,SHORT,12,8,SCENARIO_C_EARLY_12_v2_frozen,40.0,10.0,-12.0,2.0,8.0,300,1,2,-32.0,False,False,True,False,480,3,5.0,False,5,0.75,"[[12, 8], [15, 10], [25, 18], [40, 28], [60, 45], [80, 60], [100, 75], [150, 120]]","{""trail_ladder"": [[12, 8], [15, 10], [25, 18], [40, 28], [60, 45], [80, 60], [100, 75], [150, 120]], ""ladder_first_trigger_pct"": 12, ""ladder_first_lock_pct"": 8, ""exit_profile_id"": ""SCENARIO_C_EARLY_12_v2_frozen"", ""peak_never_loser_min_peak"": 40.0, ""peak_never_loser_floor"": 10.0, ""thesis_fast_exit_unreal_pct"": -12.0, ""thesis_mfe_protect_pct"": 2.0, ""thesis_exit_if_above_unreal_pct"": 8.0, ""thesis_min_age_sec"": 300, ""thesis_score_flip_margin"": 1, ""thesis_early_decay_delta"": 2, ""early_fail_pct_threshold"": -32.0, ""type_a_first_candle_enabled"": false, ""type_a_early_fail_enabled"": false, ""scenario_c_exit_profile"": true, ""type_a_stall_enabled"": false, ""type_a_stall_min_age_sec"": 480, ""type_a_stall_min_candles"": 3, ""type_a_stall_max_mfe_pct"": 5.0, ""trend_weakening_enabled"": false, ""spread_penalty_threshold"": 5, ""spread_penalty_margin_mult"": 0.75}",,,
2026-06-23T21:01:13.448886+00:00,cont-81f0a1f9bf49,SHORT,62482.0,62524.0,5.012981,-6.72,15.0,6,-1.01,-1.01,0.0,0.0,-0.0,-0.0,THESIS_INVALIDATED,100,0.22,62,44.0,True,SIM_LIMIT,AI_DIRECT_LIMIT,,,,,0,BEAR,SR,60-70,SPAWN,-3,-3,BEARISH_STRUCTURE,BEAR_ALIGNED,12.37,-5,2,8,0.00259,bitfinex,tBTCF0:USTF0,v10.3-dashboard-ultimate-gate-2026-06-23,BITFINEX_ZERO,v10.3-dashboard-ultimate-gate-2026-06-23,CONTINUOUS,Continuous AI Research,APPROVE,62471.0,0.032687,0.00818,NEAR_SUPPORT,9.4e-05,1.0,21.0,5.012982,-10.350181,1.440415,155.841,155.841,155.841,0-5m,AI_DIRECT,AI_DIRECT,0,,11.0,0.0,0.0,0.0,False,0.0,0.0,-0.000406,2e-06,0.046575,5.638533,8.697442,0.0,0.053291,62471.0,62465.019941,62468.532036,63510.381933,-5.6e-05,NEAR_SUPPORT,SHORT_PREFERRED,0.032687,0.00818,BEAR,3.0,44.0,0.0,100,4.3,True,True,APPROVE,62,"```json
{
  ""direction"": ""SHORT"",
  ""confidence"": 62,
  ""long_score"": 18,
  ""short_score"": 72,
  ""preferred_direction"": ""SHORT"",
  ""entry_zone_low"": 62400,
  ""entry_zone_high"": 62575,
  ""limit_price"": 62487,
  ""expected_mfe"": 0.0045,
  ""expected_mae"": 0.0033,
  ""reversal_probability"": 53,
  ""exit_style"": ""AGGRESSIVE"",
  ""reasons_for_trade"": [
    ""MTF agreement is BEAR_ALIGNED (15m ranging, 1h/4h bearish) - strong bearish hierarchy"",
    ""Market structure bias is BEARISH_STRUCTURE with structure_score -3 and BEAR_CONTINUATION shift"",
    ""EMA stack is bearish (price below ema9, ema21, ema200; ema9 below ema21; stack_bear true)"",
    ""Trend health state is BEAR with bear_score 9 vs bull_score 3, intact bearish trend"",
    ""ADX at 12.37 is below 25 but trend strength is still bearish; volume_ratio 5.64 supports bearish momentum"",
    ""Liquidity sweep low detected - suggests bearish continuation after sweeping support"",
    ""Funding rate positive (2.59e-05) favors shorts, consistent with bearish sentiment"",
    ""Edge_score 4.3 above threshold 3.0, indicating telemetry supports bearish edge""
  ],
  ""reasons_against_trade"": [
    ""Price is near support (dist_to_support 0.76%) - bounce risk is elevated"",
    ""Reversal probability 53% suggests moderate reversal risk from support zone"",
    ""ADX below 25 indicates non-trending conditions, reducing continuation conviction"",
    ""Micro structure shows higher_low_detected (1.0) - potential for short-term bullish reversal"",
    ""Candle body ratio 0.61 suggests some buying pressure in recent candle""
  ],
  ""bull_score"": 2,
  ""bear_score"": 8
}
```",62482.0,62524.0,MAKER,TAKER,0.024011,11.0,155.841,-1.01,-1.01,0.0,0.0,-0.0,-0.0,-6.72,300.778964,THESIS_INVALIDATED,8.697442,5.638533,2e-06,0.053291,False,True,"{'price': 62471.0, 'ret_1m': 0.0, 'ret_5m': -0.0005442525331753934, 'ema9': 62465.01994063442, 'ema21': 62468.53203587751, 'ema200': 63510.38193345669, 'dist_to_support': 0.008179795425077236, 'dist_to_resistance': 0.032687166845416275, 'volume': 0.04657541999999999, 'volume_ratio': 5.638533051634439, 'delta': 8.697441733000302, 'velocity': 1.6053861710183355e-06, 'imbalance': 0.05329134918873644, 'candle_range': 21.0, 'body_ratio': 0.6132432432432433, 'wick_ratio': 0.08675675675675676}",4.3,"{'early_fail_enabled': True, 'invert_signal': False, 'ai_enabled': True, 'edge_threshold': 3.0, 'edge_threshold_max': None, 'edge_range_preset': 'min_only', 'ai_threshold': 44.0, 'leverage': 100, 'pullback_threshold': 0.001}","{'ema9': 62465.01994063442, 'ema21': 62468.53203587751, 'ema200': 63510.38193345669, 'ema_spread': -5.6e-05, 'ema9_slope_pct': 0.0671, 'ema21_slope_pct': 0.0231, 'ema9_above_ema21': False, 'ema21_above_ema200': False}",MOMENTUM_LONG,4.3,4.3,False,True,INV_False_EF_True,SHORT,12,8,SCENARIO_C_EARLY_12_v2_frozen,40.0,10.0,-12.0,2.0,8.0,300,1,2,-32.0,False,False,True,False,480,3,5.0,False,5,0.75,"[[12, 8], [15, 10], [25, 18], [40, 28], [60, 45], [80, 60], [100, 75], [150, 120]]","{""trail_ladder"": [[12, 8], [15, 10], [25, 18], [40, 28], [60, 45], [80, 60], [100, 75], [150, 120]], ""ladder_first_trigger_pct"": 12, ""ladder_first_lock_pct"": 8, ""exit_profile_id"": ""SCENARIO_C_EARLY_12_v2_frozen"", ""peak_never_loser_min_peak"": 40.0, ""peak_never_loser_floor"": 10.0, ""thesis_fast_exit_unreal_pct"": -12.0, ""thesis_mfe_protect_pct"": 2.0, ""thesis_exit_if_above_unreal_pct"": 8.0, ""thesis_min_age_sec"": 300, ""thesis_score_flip_margin"": 1, ""thesis_early_decay_delta"": 2, ""early_fail_pct_threshold"": -32.0, ""type_a_first_candle_enabled"": false, ""type_a_early_fail_enabled"": false, ""scenario_c_exit_profile"": true, ""type_a_stall_enabled"": false, ""type_a_stall_min_age_sec"": 480, ""type_a_stall_min_candles"": 3, ""type_a_stall_max_mfe_pct"": 5.0, ""trend_weakening_enabled"": false, ""spread_penalty_threshold"": 5, ""spread_penalty_margin_mult"": 0.75}",,,
2026-06-23T21:04:28.784974+00:00,c604c-a51efd09162e,SHORT,62575.0,62652.4,0.27578,-12.37,20.0,4,-2.47,-2.47,0.0,0.0,-0.0,0.0,THESIS_FAST_CUT,100,0.41,62,44.0,True,SIM_LIMIT,AI_DIRECT_LIMIT,,,,,0,BEAR,SR,60-70,SPAWN,-3,-3,BEARISH_STRUCTURE,BEAR_ALIGNED,12.69,-5,3,7,0.00259,bitfinex,tBTCF0:USTF0,v10.3-dashboard-ultimate-gate-2026-06-23,BITFINEX_ZERO,v10.3-dashboard-ultimate-gate-2026-06-23,COMBO_604_SP4_CHASE_3PLUS,AI60-65 · Spread4 · Chase 3+,APPROVE,62528.0,0.032059,0.008783,NEAR_SUPPORT,0.000183,1.0,21.0,0.275781,-12.369157,0.0,255.806,255.806,255.806,0-5m,AI_DIRECT,AI_DIRECT,0,,47.0,0.0,0.4605,0.4605,False,0.0,0.0,-3e-05,5.3e-05,0.025692,0.875897,9.681492,0.0,0.05896,62509.0,62467.219941,62469.532036,63510.491386,-3.7e-05,NEAR_SUPPORT,SHORT_PREFERRED,0.032059,0.008783,BEAR,3.0,44.0,0.0,100,3.2,True,True,APPROVE,62,"```json
{
  ""direction"": ""SHORT"",
  ""confidence"": 62,
  ""long_score"": 25,
  ""short_score"": 70,
  ""preferred_direction"": ""SHORT"",
  ""entry_zone_low"": 62550,
  ""entry_zone_high"": 62600,
  ""limit_price"": 62575,
  ""expected_mfe"": 0.0045,
  ""expected_mae"": 0.0025,
  ""reversal_probability"": 29,
  ""exit_style"": ""AGGRESSIVE"",
  ""reasons_for_trade"": [
    ""MTF agreement is BEAR_ALIGNED with 15m RANGING, 1h BEARISH, 4h BEARISH - strong bearish multi-timeframe consensus"",
    ""Market structure bias is BEARISH_STRUCTURE with structure_score -3 and last swing labels showing LL/HL/LL pattern"",
    ""EMA stack is bearish (ema9 below ema21, both below ema200) - bearish alignment confirmed"",
    ""Trend health state is BEAR with bear_score 8 vs bull_score 4 - bearish intact"",
    ""ADX at 12.69 is below 25, but trend strength is still negative (-5) and trending market flag is false - mean reversion risk low"",
    ""Price is near micro resistance (62575) and recent swing high (62575) - short entry at resistance in bear trend"",
    ""Liquidity sweep low detected - suggests bearish continuation after sweeping lows"",
    ""Funding rate positive (0.00259% per 8h) - longs paying shorts, favors short positioning"",
    ""Edge score 3.2 above threshold 3.0 - signal quality acceptable""
  ],
  ""reasons_against_trade"": [
    ""Price is very close to support (0.835% away) - bounce risk elevated for short entries near support"",
    ""Reversal risk score is 71 (high) - indicates potential for mean reversion or bounce"",
    ""Higher low detected - micro structure shows some bullish resilience"",
    ""Volume ratio very low (0.058) - low participation may lead to choppy price action"",
    ""ADX below 25 - not a strong trending environment, continuation less certain"",
    ""Compression regime currently active - may precede expansion in either direction""
  ],
  ""bull_score"": 3,
  ""bear_score"": 7
}
```",62575.0,62652.4,MAKER,TAKER,0.031986,47.0,255.806,-2.47,-2.47,0.0,0.0,-0.0,0.0,-12.37,16.546926,THESIS_FAST_CUT,9.681492,0.875897,5.3e-05,0.05896,False,True,"{'price': 62509.0, 'ret_1m': 0.0, 'ret_5m': 0.0009287281228483131, 'ema9': 62467.21994063442, 'ema21': 62469.53203587751, 'ema200': 63510.49138619301, 'dist_to_support': 0.008782735286118799, 'dist_to_resistance': 0.032059383448783375, 'volume': 0.025692131, 'volume_ratio': 0.8758967781573488, 'delta': 9.681491885000316, 'velocity': 5.281831055315437e-05, 'imbalance': 0.05895979327636036, 'candle_range': 21.0, 'body_ratio': 0.6132432432432433, 'wick_ratio': 0.08675675675675676}",3.2,"{'early_fail_enabled': True, 'invert_signal': False, 'ai_enabled': True, 'edge_threshold': 3.0, 'edge_threshold_max': None, 'edge_range_preset': 'min_only', 'ai_threshold': 44.0, 'leverage': 100, 'pullback_threshold': 0.001}","{'ema9': 62467.21994063442, 'ema21': 62469.53203587751, 'ema200': 63510.49138619301, 'ema_spread': -3.7e-05, 'ema9_slope_pct': 0.0706, 'ema21_slope_pct': 0.0247, 'ema9_above_ema21': False, 'ema21_above_ema200': False}",MOMENTUM_LONG,3.2,3.2,False,True,INV_False_EF_True,SHORT,12,8,SCENARIO_C_EARLY_12_v2_frozen,40.0,10.0,-12.0,2.0,8.0,300,1,2,-32.0,False,False,True,False,480,3,5.0,False,5,0.75,"[[12, 8], [15, 10], [25, 18], [40, 28], [60, 45], [80, 60], [100, 75], [150, 120]]","{""trail_ladder"": [[12, 8], [15, 10], [25, 18], [40, 28], [60, 45], [80, 60], [100, 75], [150, 120]], ""ladder_first_trigger_pct"": 12, ""ladder_first_lock_pct"": 8, ""exit_profile_id"": ""SCENARIO_C_EARLY_12_v2_frozen"", ""peak_never_loser_min_peak"": 40.0, ""peak_never_loser_floor"": 10.0, ""thesis_fast_exit_unreal_pct"": -12.0, ""thesis_mfe_protect_pct"": 2.0, ""thesis_exit_if_above_unreal_pct"": 8.0, ""thesis_min_age_sec"": 300, ""thesis_score_flip_margin"": 1, ""thesis_early_decay_delta"": 2, ""early_fail_pct_threshold"": -32.0, ""type_a_first_candle_enabled"": false, ""type_a_early_fail_enabled"": false, ""scenario_c_exit_profile"": true, ""type_a_stall_enabled"": false, ""type_a_stall_min_age_sec"": 480, ""type_a_stall_min_candles"": 3, ""type_a_stall_max_mfe_pct"": 5.0, ""trend_weakening_enabled"": false, ""spread_penalty_threshold"": 5, ""spread_penalty_margin_mult"": 0.75}",,,
2026-06-23T21:09:23.607681+00:00,cont-5dc57f7e0b05,SHORT,62607.5,62569.0,5.007396,6.15,20.0,4,1.23,1.23,0.0,0.0,-0.0,-0.0,THESIS_INVALIDATED,100,0.2,62,44.0,True,SIM_LIMIT,AI_DIRECT_LIMIT,,,,,0,BEAR,SR,60-70,SPAWN,-3,-3,BEARISH_STRUCTURE,CONFLICTED,12.03,-3,3,7,0.00259,bitfinex,tBTCF0:USTF0,v10.3-dashboard-ultimate-gate-2026-06-23,BITFINEX_ZERO,v10.3-dashboard-ultimate-gate-2026-06-23,CONTINUOUS,Continuous AI Research,APPROVE,62561.0,0.030597,0.008989,NEAR_SUPPORT,0.000181,1.0,21.7,5.007397,-8.705027,7.746676,78.831,78.831,78.831,0-5m,AI_DIRECT,AI_DIRECT,0,,46.5,0.0,0.0,0.0,False,0.0,0.0,-0.000541,2e-06,0.010657,0.114552,9.699893,0.0,0.059011,62522.0,62481.495953,62476.07871,63505.725119,8.7e-05,NEAR_SUPPORT,SHORT_PREFERRED,0.030597,0.008989,BEAR,3.0,44.0,0.0,100,2.5,True,True,APPROVE,62,"```json
{
  ""direction"": ""SHORT"",
  ""confidence"": 62,
  ""long_score"": 28,
  ""short_score"": 72,
  ""preferred_direction"": ""SHORT"",
  ""entry_zone_low"": 62575.0,
  ""entry_zone_high"": 62650.0,
  ""limit_price"": 62612.5,
  ""expected_mfe"": 0.0045,
  ""expected_mae"": 0.003,
  ""reversal_probability"": 29,
  ""exit_style"": ""AGGRESSIVE"",
  ""reasons_for_trade"": [
    ""BEAR regime with intact trend health (bear_score 6 vs bull_score 4)"",
    ""Multi-timeframe agreement: 1h and 4h bearish, only 15m bullish (conflicted but HTF bear dominant)"",
    ""Structure bias BEARISH_STRUCTURE with structure_score -3 and LH/LL sequence active"",
    ""Price near micro resistance (62575) after liquidity sweep low - potential rejection"",
    ""ADX low (12) but compression regime suggests imminent expansion; bear continuation likely"",
    ""Funding positive (longs pay shorts) favoring short positioning"",
    ""Edge score 2.5 below threshold 3.0 - no strong edge for counter-trend long""
  ],
  ""reasons_against_trade"": [
    ""Price near support (0.9% away) - short entry near support has reduced expectancy"",
    ""15m timeframe shows BULLISH trend - short-term bounce risk"",
    ""Higher low detected (micro structure) - potential reversal setup forming"",
    ""Low ADX (12) means no strong trending momentum - risk of choppy move"",
    ""Volume ratio very low (0.11) - lack of conviction in current move""
  ],
  ""bull_score"": 3,
  ""bear_score"": 7
}
```",62607.5,62569.0,MAKER,TAKER,0.031969,46.5,78.831,1.23,1.23,0.0,0.0,-0.0,-0.0,6.15,300.44388,THESIS_INVALIDATED,9.699893,0.114552,2e-06,0.059011,False,True,"{'price': 62522.0, 'ret_1m': -0.0002238710502750416, 'ret_5m': 0.0006401843730994526, 'ema9': 62481.49595250755, 'ema21': 62476.0787103008, 'ema200': 63505.72511921848, 'dist_to_support': 0.008988835929752727, 'dist_to_resistance': 0.030597229775119156, 'volume': 0.010657372000000002, 'volume_ratio': 0.1145521744259384, 'delta': 9.699893183000317, 'velocity': 1.606624704973022e-06, 'imbalance': 0.05901066733465107, 'candle_range': 21.7, 'body_ratio': 0.6703861003861004, 'wick_ratio': 0.12961389961389963}",2.5,"{'early_fail_enabled': True, 'invert_signal': False, 'ai_enabled': True, 'edge_threshold': 3.0, 'edge_threshold_max': None, 'edge_range_preset': 'min_only', 'ai_threshold': 44.0, 'leverage': 100, 'pullback_threshold': 0.001}","{'ema9': 62481.49595250755, 'ema21': 62476.0787103008, 'ema200': 63505.72511921848, 'ema_spread': 8.7e-05, 'ema9_slope_pct': 0.0554, 'ema21_slope_pct': 0.0224, 'ema9_above_ema21': True, 'ema21_above_ema200': False}",MOMENTUM_LONG,2.5,2.5,False,True,INV_False_EF_True,SHORT,12,8,SCENARIO_C_EARLY_12_v2_frozen,40.0,10.0,-12.0,2.0,8.0,300,1,2,-32.0,False,False,True,False,480,3,5.0,False,5,0.75,"[[12, 8], [15, 10], [25, 18], [40, 28], [60, 45], [80, 60], [100, 75], [150, 120]]","{""trail_ladder"": [[12, 8], [15, 10], [25, 18], [40, 28], [60, 45], [80, 60], [100, 75], [150, 120]], ""ladder_first_trigger_pct"": 12, ""ladder_first_lock_pct"": 8, ""exit_profile_id"": ""SCENARIO_C_EARLY_12_v2_frozen"", ""peak_never_loser_min_peak"": 40.0, ""peak_never_loser_floor"": 10.0, ""thesis_fast_exit_unreal_pct"": -12.0, ""thesis_mfe_protect_pct"": 2.0, ""thesis_exit_if_above_unreal_pct"": 8.0, ""thesis_min_age_sec"": 300, ""thesis_score_flip_margin"": 1, ""thesis_early_decay_delta"": 2, ""early_fail_pct_threshold"": -32.0, ""type_a_first_candle_enabled"": false, ""type_a_early_fail_enabled"": false, ""scenario_c_exit_profile"": true, ""type_a_stall_enabled"": false, ""type_a_stall_min_age_sec"": 480, ""type_a_stall_min_candles"": 3, ""type_a_stall_max_mfe_pct"": 5.0, ""trend_weakening_enabled"": false, ""spread_penalty_threshold"": 5, ""spread_penalty_margin_mult"": 0.75}",,,
2026-06-24T08:37:55.124055+00:00,cont-36e0dc6973b8,SHORT,62795.0,62775.0,5.018667,3.18,20.0,3,0.64,0.64,0.0,0.0,-0.0,0.0,THESIS_INVALIDATED,100,0.11,58,44.0,True,SIM_LIMIT,AI_DIRECT_LIMIT,,,,,0,BEAR,SR,50-60,SPAWN,0,0,MIXED,BEAR_ALIGNED,10.43,-2,3,6,4e-05,bitfinex,tBTCF0:USTF0,v10.3-dashboard-ultimate-gate-2026-06-23,BITFINEX_ZERO,v10.3-dashboard-ultimate-gate-2026-06-23,CONTINUOUS,Continuous AI Research,APPROVE,62753.0,0.007222,0.011781,RANGE_COMPRESSION,-0.0003,1.0,28.9,5.018668,-8.758659,7.006927,283.786,283.786,283.786,0-5m,AI_DIRECT,AI_DIRECT,0,,42.0,0.0,0.0,0.0,False,0.0,0.0,-9e-06,-6e-06,0.034682,1.205796,22.059197,0.0,0.085862,62727.0,62748.285687,62773.263496,63385.759099,-0.000398,RANGE_COMPRESSION,SHORT_PREFERRED,0.007222,0.011781,BEAR,3.0,44.0,0.0,100,2.7,True,True,APPROVE,58,"```json
{
  ""direction"": ""SHORT"",
  ""confidence"": 58,
  ""long_score"": 30,
  ""short_score"": 72,
  ""preferred_direction"": ""SHORT"",
  ""entry_zone_low"": 62750,
  ""entry_zone_high"": 62850,
  ""limit_price"": 62800,
  ""expected_mfe"": 120,
  ""expected_mae"": 80,
  ""reversal_probability"": 33,
  ""exit_style"": ""PATIENT"",
  ""reasons_for_trade"": [
    ""Multi-timeframe agreement is BEAR_ALIGNED across 15m, 1h, 4h"",
    ""EMA stack is bearish (price below EMA9, EMA21, EMA200; EMA9 below EMA21)"",
    ""Trend health state is BEAR with bear_score 6 vs bull_score 3"",
    ""Market structure bias is MIXED but last swing labels show LL and HL pattern favoring downside"",
    ""ADX at 10.43 is low (not trending), but bearish structure and EMA alignment still dominate"",
    ""Volume ratio above 1.0 (1.21) suggests selling pressure"",
    ""Edge score (2.7) is below threshold (3.0), but bearish context still favors short"",
    ""SR state is RANGE_COMPRESSION with short bias (SHORT_PREFERRED)"",
    ""Funding rate positive (longs pay shorts), favoring short positions"",
    ""Price near micro resistance (63136) and recent high (63180), providing short entry zone""
  ],
  ""reasons_against_trade"": [
    ""ADX below 25 indicates weak trend strength, increasing mean reversion risk"",
    ""Price is closer to support (1.18%) than resistance (0.72%), limiting downside potential"",
    ""Higher low detected (micro structure) could indicate bullish reversal attempt"",
    ""Liquidity sweeps both high and low suggest potential for range-bound behavior"",
    ""Reversal risk score is 33 (moderate), not negligible"",
    ""Edge score below threshold suggests reduced confidence in trade setup"",
    ""Candle has small body ratio (0.75) and wick ratio (0.15), indicating indecision""
  ],
  ""bull_score"": 3,
  ""bear_score"": 6
}
```",62795.0,62775.0,MAKER,TAKER,0.031871,42.0,283.786,0.64,0.64,0.0,0.0,-0.0,0.0,3.18,301.120126,THESIS_INVALIDATED,22.059197,1.205796,-6e-06,0.085862,False,True,"{'price': 62727.0, 'ret_1m': 0.0, 'ret_5m': 0.0009092649310872894, 'ema9': 62748.28568651988, 'ema21': 62773.26349593465, 'ema200': 63385.75909861712, 'dist_to_support': 0.011781210642944824, 'dist_to_resistance': 0.007221770529437084, 'volume': 0.034681918000000006, 'volume_ratio': 1.2057957353772515, 'delta': 22.05919698900356, 'velocity': -6.362789343569405e-06, 'imbalance': 0.08586203389511618, 'candle_range': 28.9, 'body_ratio': 0.7492956453907218, 'wick_ratio': 0.15070435460927822}",2.7,"{'early_fail_enabled': True, 'invert_signal': False, 'ai_enabled': True, 'edge_threshold': 3.0, 'edge_threshold_max': None, 'edge_range_preset': 'min_only', 'ai_threshold': 44.0, 'leverage': 100, 'pullback_threshold': 0.001}","{'ema9': 62748.28568651988, 'ema21': 62773.26349593465, 'ema200': 63385.75909861712, 'ema_spread': -0.000398, 'ema9_slope_pct': -0.0711, 'ema21_slope_pct': -0.0389, 'ema9_above_ema21': False, 'ema21_above_ema200': False}",WEAK_SETUP,2.7,2.7,False,True,INV_False_EF_True,SHORT,12,8,SCENARIO_C_EARLY_12_v2_frozen,40.0,10.0,-12.0,2.0,8.0,300,1,2,-32.0,False,False,True,False,480,3,5.0,False,5,0.75,"[[12, 8], [15, 10], [25, 18], [40, 28], [60, 45], [80, 60], [100, 75], [150, 120]]","{""trail_ladder"": [[12, 8], [15, 10], [25, 18], [40, 28], [60, 45], [80, 60], [100, 75], [150, 120]], ""ladder_first_trigger_pct"": 12, ""ladder_first_lock_pct"": 8, ""exit_profile_id"": ""SCENARIO_C_EARLY_12_v2_frozen"", ""peak_never_loser_min_peak"": 40.0, ""peak_never_loser_floor"": 10.0, ""thesis_fast_exit_unreal_pct"": -12.0, ""thesis_mfe_protect_pct"": 2.0, ""thesis_exit_if_above_unreal_pct"": 8.0, ""thesis_min_age_sec"": 300, ""thesis_score_flip_margin"": 1, ""thesis_early_decay_delta"": 2, ""early_fail_pct_threshold"": -32.0, ""type_a_first_candle_enabled"": false, ""type_a_early_fail_enabled"": false, ""scenario_c_exit_profile"": true, ""type_a_stall_enabled"": false, ""type_a_stall_min_age_sec"": 480, ""type_a_stall_min_candles"": 3, ""type_a_stall_max_mfe_pct"": 5.0, ""trend_weakening_enabled"": false, ""spread_penalty_threshold"": 5, ""spread_penalty_margin_mult"": 0.75}",,,
2026-06-24T13:19:29.844547+00:00,c65c-fd8ad0743257,SHORT,62200.0,62281.44,0.545099,-13.09,15.0,6,-1.96,-1.96,0.0,0.0,-0.0,0.0,THESIS_FAST_CUT,100,0.44,68,44.0,True,SIM_LIMIT,AI_DIRECT_LIMIT,,,,,0,BEAR,SR,60-70,SPAWN,-3,-3,BEARISH_STRUCTURE,BEAR_ALIGNED,20.81,-5,2,8,4e-05,bitfinex,tBTCF0:USTF0,v10.6-melbourne-unified-2026-06-24,BITFINEX_ZERO,v10.6-melbourne-unified-2026-06-24,COMBO_65_SP5_CHASE_3PLUS,AI65+ · Spread5+ · Chase 3+,APPROVE,62153.0,0.01926,0.001739,NEAR_SUPPORT,-0.001531,1.0,157.3,0.5451,-13.093248,0.803859,165.964,165.964,165.964,0-5m,AI_DIRECT,AI_DIRECT,0,,47.0,0.0,0.2762,0.2762,False,0.0,0.0,-1e-06,-4.3e-05,0.000871,0.347332,-5.658372,0.0,0.337796,62096.0,62519.664583,62625.939904,63293.743563,-0.001697,NEAR_SUPPORT,SHORT_PREFERRED,0.01926,0.001739,BEAR,3.0,44.0,0.0,100,3.7,True,True,APPROVE,68,"```json
{
  ""direction"": ""SHORT"",
  ""confidence"": 68,
  ""long_score"": 18,
  ""short_score"": 82,
  ""preferred_direction"": ""SHORT"",
  ""entry_zone_low"": 62150,
  ""entry_zone_high"": 62250,
  ""limit_price"": 62200,
  ""expected_mfe"": 180,
  ""expected_mae"": 120,
  ""reversal_probability"": 35,
  ""exit_style"": ""AGGRESSIVE"",
  ""reasons_for_trade"": [
    ""MTF agreement is BEAR_ALIGNED across 15m/1h/4h"",
    ""Market structure is BEARISH with active LH/LL sequence and structure_score -3"",
    ""EMA stack is bearish (price below all EMAs, ema9 below ema21, ema21 below ema200)"",
    ""Trend health state is BEAR with bear_score 9 vs bull_score 3"",
    ""ADX at 20.81 is near trending threshold, but trend strength components support continuation"",
    ""Orderflow shows negative delta (-5.66) and bearish imbalance (0.34)"",
    ""Liquidity sweep high occurred, suggesting potential for further downside"",
    ""Price is very close to support (0.2% away) - continuation shorts near support can capture breakdowns""
  ],
  ""reasons_against_trade"": [
    ""Price is near micro support (62337) - risk of bounce/reversal"",
    ""Reversal probability is 35% - non-trivial chance of mean reversion"",
    ""Volume ratio is neutral (0.97) - no strong conviction from volume"",
    ""Candle has small body and wick - indecision at support zone"",
    ""ADX < 25 suggests not strongly trending - could be range-bound""
  ],
  ""bull_score"": 2,
  ""bear_score"": 8
}
```

Direction: SHORT  
Win probability: 68%  
Long score: 18  
Short score: 82  
Bull score: 2  
Bear score: 8  
Decision: APPROVE  
Reason: Strong bearish alignment across all trend hierarchy layers (MTF, structure, EMA, trend health) with negative orderflow. Price near support is a location context only - the bearish continuation case is dominant. Short entry above current price (pullback to 62200) allows for a controlled risk entry targeting a breakdown below 62000. The 35% reversal probability is acknowledged but insufficient to override the multi-timeframe bearish consensus.",62200.0,62281.44,MAKER,TAKER,0.024134,47.0,165.964,-1.96,-1.96,0.0,0.0,-0.0,0.0,-13.09,32.70604,THESIS_FAST_CUT,-5.658372,0.347332,-4.3e-05,0.337796,False,True,"{'price': 62096.0, 'ret_1m': 0.0, 'ret_5m': 0.0007252099079789206, 'ema9': 62519.664583007805, 'ema21': 62625.93990420505, 'ema200': 63293.743562673415, 'dist_to_support': 0.0017392424632826592, 'dist_to_resistance': 0.019260499871167226, 'volume': 0.000871476, 'volume_ratio': 0.3473323796512408, 'delta': -5.658371819000054, 'velocity': -4.346605103664582e-05, 'imbalance': 0.33779602145251897, 'candle_range': 157.3, 'body_ratio': 0.6200195548989395, 'wick_ratio': 0.37998044510106055}",3.7,"{'early_fail_enabled': True, 'invert_signal': False, 'ai_enabled': True, 'edge_threshold': 3.0, 'edge_threshold_max': None, 'edge_range_preset': 'min_only', 'ai_threshold': 44.0, 'leverage': 100, 'pullback_threshold': 0.001}","{'ema9': 62519.664583007805, 'ema21': 62625.93990420505, 'ema200': 63293.743562673415, 'ema_spread': -0.001697, 'ema9_slope_pct': -0.4141, 'ema21_slope_pct': -0.1893, 'ema9_above_ema21': False, 'ema21_above_ema200': False}",MOMENTUM_SHORT,3.7,3.7,False,True,INV_False_EF_True,SHORT,12,8,SCENARIO_C_EARLY_12_v2_frozen,40.0,10.0,-12.0,2.0,8.0,300,1,2,-32.0,False,False,True,False,480,3,5.0,False,5,0.75,"[[12, 8], [15, 10], [25, 18], [40, 28], [60, 45], [80, 60], [100, 75], [150, 120]]","{""trail_ladder"": [[12, 8], [15, 10], [25, 18], [40, 28], [60, 45], [80, 60], [100, 75], [150, 120]], ""ladder_first_trigger_pct"": 12, ""ladder_first_lock_pct"": 8, ""exit_profile_id"": ""SCENARIO_C_EARLY_12_v2_frozen"", ""peak_never_loser_min_peak"": 40.0, ""peak_never_loser_floor"": 10.0, ""thesis_fast_exit_unreal_pct"": -12.0, ""thesis_mfe_protect_pct"": 2.0, ""thesis_exit_if_above_unreal_pct"": 8.0, ""thesis_min_age_sec"": 300, ""thesis_score_flip_margin"": 1, ""thesis_early_decay_delta"": 2, ""early_fail_pct_threshold"": -32.0, ""type_a_first_candle_enabled"": false, ""type_a_early_fail_enabled"": false, ""scenario_c_exit_profile"": true, ""type_a_stall_enabled"": false, ""type_a_stall_min_age_sec"": 480, ""type_a_stall_min_candles"": 3, ""type_a_stall_max_mfe_pct"": 5.0, ""trend_weakening_enabled"": false, ""spread_penalty_threshold"": 5, ""spread_penalty_margin_mult"": 0.75}",2026-06-24T13:19:29.844547+00:00,2026-06-24 23:19:29 AEST,2026-06-24 23:19:29 AEST
2026-06-24T13:22:04.016177+00:00,cont-075953b52245,SHORT,62195.0,62137.34,3.746776,9.27,15.0,6,1.39,1.39,0.0,0.0,-0.0,0.0,PROFIT_LOCK_LADDER,100,0.31,68,44.0,True,SIM_LIMIT,AI_DIRECT_LIMIT,,,,,0,BEAR,SR,60-70,SPAWN,-3,-3,BEARISH_STRUCTURE,BEAR_ALIGNED,20.81,-5,2,8,4e-05,bitfinex,tBTCF0:USTF0,v10.6-melbourne-unified-2026-06-24,BITFINEX_ZERO,v10.6-melbourne-unified-2026-06-24,CONTINUOUS,Continuous AI Research,APPROVE,62134.0,0.01926,0.001739,NEAR_SUPPORT,-0.001561,1.0,157.3,3.746777,-13.898223,16.721601,128.427,128.427,128.427,0-5m,AI_DIRECT,AI_DIRECT,0,,61.0,0.0,0.2255,0.2255,False,0.0,0.0,-5e-06,-4.3e-05,0.000871,0.347332,-5.658372,0.0,0.337796,62096.0,62519.664583,62625.939904,63293.743563,-0.001697,NEAR_SUPPORT,SHORT_PREFERRED,0.01926,0.001739,BEAR,3.0,44.0,0.0,100,3.7,True,True,APPROVE,68,"```json
{
  ""direction"": ""SHORT"",
  ""confidence"": 68,
  ""long_score"": 18,
  ""short_score"": 82,
  ""preferred_direction"": ""SHORT"",
  ""entry_zone_low"": 62150,
  ""entry_zone_high"": 62250,
  ""limit_price"": 62200,
  ""expected_mfe"": 180,
  ""expected_mae"": 120,
  ""reversal_probability"": 35,
  ""exit_style"": ""AGGRESSIVE"",
  ""reasons_for_trade"": [
    ""MTF agreement is BEAR_ALIGNED across 15m/1h/4h"",
    ""Market structure is BEARISH with active LH/LL sequence and structure_score -3"",
    ""EMA stack is bearish (price below all EMAs, ema9 below ema21, ema21 below ema200)"",
    ""Trend health state is BEAR with bear_score 9 vs bull_score 3"",
    ""ADX at 20.81 is near trending threshold, but trend strength components support continuation"",
    ""Orderflow shows negative delta (-5.66) and bearish imbalance (0.34)"",
    ""Liquidity sweep high occurred, suggesting potential for further downside"",
    ""Price is very close to support (0.2% away) - continuation shorts near support can capture breakdowns""
  ],
  ""reasons_against_trade"": [
    ""Price is near micro support (62337) - risk of bounce/reversal"",
    ""Reversal probability is 35% - non-trivial chance of mean reversion"",
    ""Volume ratio is neutral (0.97) - no strong conviction from volume"",
    ""Candle has small body and wick - indecision at support zone"",
    ""ADX < 25 suggests not strongly trending - could be range-bound""
  ],
  ""bull_score"": 2,
  ""bear_score"": 8
}
```

Direction: SHORT  
Win probability: 68%  
Long score: 18  
Short score: 82  
Bull score: 2  
Bear score: 8  
Decision: APPROVE  
Reason: Strong bearish alignment across all trend hierarchy layers (MTF, structure, EMA, trend health) with negative orderflow. Price near support is a location context only - the bearish continuation case is dominant. Short entry above current price (pullback to 62200) allows for a controlled risk entry targeting a breakdown below 62000. The 35% reversal probability is acknowledged but insufficient to override the multi-timeframe bearish consensus.",62195.0,62137.34,MAKER,TAKER,0.024141,61.0,128.427,1.39,1.39,0.0,0.0,-0.0,0.0,9.27,224.806645,PROFIT_LOCK_LADDER,-5.658372,0.347332,-4.3e-05,0.337796,False,True,"{'price': 62096.0, 'ret_1m': 0.0, 'ret_5m': 0.0007252099079789206, 'ema9': 62519.664583007805, 'ema21': 62625.93990420505, 'ema200': 63293.743562673415, 'dist_to_support': 0.0017392424632826592, 'dist_to_resistance': 0.019260499871167226, 'volume': 0.000871476, 'volume_ratio': 0.3473323796512408, 'delta': -5.658371819000054, 'velocity': -4.346605103664582e-05, 'imbalance': 0.33779602145251897, 'candle_range': 157.3, 'body_ratio': 0.6200195548989395, 'wick_ratio': 0.37998044510106055}",3.7,"{'early_fail_enabled': True, 'invert_signal': False, 'ai_enabled': True, 'edge_threshold': 3.0, 'edge_threshold_max': None, 'edge_range_preset': 'min_only', 'ai_threshold': 44.0, 'leverage': 100, 'pullback_threshold': 0.001}","{'ema9': 62519.664583007805, 'ema21': 62625.93990420505, 'ema200': 63293.743562673415, 'ema_spread': -0.001697, 'ema9_slope_pct': -0.4141, 'ema21_slope_pct': -0.1893, 'ema9_above_ema21': False, 'ema21_above_ema200': False}",MOMENTUM_SHORT,3.7,3.7,False,True,INV_False_EF_True,SHORT,12,8,SCENARIO_C_EARLY_12_v2_frozen,40.0,10.0,-12.0,2.0,8.0,300,1,2,-32.0,False,False,True,False,480,3,5.0,False,5,0.75,"[[12, 8], [15, 10], [25, 18], [40, 28], [60, 45], [80, 60], [100, 75], [150, 120]]","{""trail_ladder"": [[12, 8], [15, 10], [25, 18], [40, 28], [60, 45], [80, 60], [100, 75], [150, 120]], ""ladder_first_trigger_pct"": 12, ""ladder_first_lock_pct"": 8, ""exit_profile_id"": ""SCENARIO_C_EARLY_12_v2_frozen"", ""peak_never_loser_min_peak"": 40.0, ""peak_never_loser_floor"": 10.0, ""thesis_fast_exit_unreal_pct"": -12.0, ""thesis_mfe_protect_pct"": 2.0, ""thesis_exit_if_above_unreal_pct"": 8.0, ""thesis_min_age_sec"": 300, ""thesis_score_flip_margin"": 1, ""thesis_early_decay_delta"": 2, ""early_fail_pct_threshold"": -32.0, ""type_a_first_candle_enabled"": false, ""type_a_early_fail_enabled"": false, ""scenario_c_exit_profile"": true, ""type_a_stall_enabled"": false, ""type_a_stall_min_age_sec"": 480, ""type_a_stall_min_candles"": 3, ""type_a_stall_max_mfe_pct"": 5.0, ""trend_weakening_enabled"": false, ""spread_penalty_threshold"": 5, ""spread_penalty_margin_mult"": 0.75}",2026-06-24T13:22:04.016177+00:00,2026-06-24 23:22:04 AEST,2026-06-24 23:22:04 AEST
2026-06-24T13:55:32.876924+00:00,cont-b4259093c32c,SHORT,61520.0,61497.83,5.801159,3.6,15.0,7,0.54,0.54,0.0,0.0,-0.0,0.0,PROFIT_LOCK_LADDER,100,0.12,72,44.0,True,SIM_LIMIT,AI_DIRECT_LIMIT,,,,,0,BEAR,SR,70+,SPAWN,-3,-3,BEARISH_STRUCTURE,BEAR_ALIGNED,25.02,-4,2,9,4e-05,bitfinex,tBTCF0:USTF0,v10.6-melbourne-unified-2026-06-24,BITFINEX_ZERO,v10.6-melbourne-unified-2026-06-24,CONTINUOUS,Continuous AI Research,APPROVE,61463.0,0.030026,0.001448,NEAR_SUPPORT,-0.004583,0.273303,140.8,5.80116,-29.231144,13.979194,98.917,98.917,98.917,0-5m,AI_DIRECT,AI_DIRECT,0,,57.0,0.0,0.1666,0.1666,False,0.0,0.0,-8e-06,-3.4e-05,0.000926,0.237652,-28.779231,0.0,0.563857,61442.0,62116.585333,62410.261378,63259.39712,-0.004706,NEAR_SUPPORT,SHORT_PREFERRED,0.030026,0.001448,BEAR,3.0,44.0,0.0,100,4.5,True,True,APPROVE,72,"```json
{
  ""direction"": ""SHORT"",
  ""confidence"": 72,
  ""long_score"": 18,
  ""short_score"": 82,
  ""preferred_direction"": ""SHORT"",
  ""entry_zone_low"": 61450,
  ""entry_zone_high"": 61600,
  ""limit_price"": 61525,
  ""expected_mfe"": 180,
  ""expected_mae"": 120,
  ""reversal_probability"": 15,
  ""exit_style"": ""AGGRESSIVE"",
  ""reasons_for_trade"": [
    ""BEAR_ALIGNED multi-timeframe agreement (15m, 1h, 4h all bearish)"",
    ""Bearish market structure with active LH-LL sequence and structure_score -3"",
    ""Bear EMA stack (price below all EMAs, EMA9 below EMA21, EMA21 below EMA200)"",
    ""ADX 25.02 indicating trending market favoring continuation"",
    ""Trend health state BEAR with bear_score 10 vs bull_score 3"",
    ""Negative delta (-28.64) and negative velocity confirming selling pressure"",
    ""Volume ratio 20.93 suggests aggressive selling on this move"",
    ""Liquidity sweep high already occurred, price rejected from recent high 63292"",
    ""Market structure shift labeled BEAR_CONTINUATION"",
    ""Funding positive (longs pay shorts) favoring short positions""
  ],
  ""reasons_against_trade"": [
    ""Price is very near support (0.15% away) increasing bounce risk"",
    ""Reversal risk score 15 suggests some mean-reversion potential"",
    ""Candle shows wick ratio 0.43 indicating some buying absorption"",
    ""Entry near support historically reduces short expectancy without strong continuation""
  ],
  ""bull_score"": 2,
  ""bear_score"": 9
}
```

**Direction**: SHORT  
**Win probability**: 72%  
**Long score**: 18  
**Short score**: 82  
**Bull score**: 2/10  
**Bear score**: 9/10  
**Decision**: STRONG_APPROVE  
**Reason**: All trend hierarchy factors (MTF agreement, structure bias, EMA stack, ADX, trend health) strongly align for bearish continuation. Orderflow confirms selling pressure. The proximity to support is a minor concern but does not override the dominant bearish trend - continuation is favored over reversal given the lack of any reversal confirmation (no higher low, no structure shift, no momentum expansion upward). Entry zone set slightly above current price for a pullback short, with aggressive exit given proximity to support.",61520.0,61497.83,MAKER,TAKER,0.024405,57.0,98.917,0.54,0.54,0.0,0.0,-0.0,0.0,3.6,348.069624,PROFIT_LOCK_LADDER,-28.779231,0.237652,-3.4e-05,0.563857,False,True,"{'price': 61442.0, 'ret_1m': 0.0, 'ret_5m': -0.00011391560481049326, 'ema9': 62116.585333125004, 'ema21': 62410.261378395124, 'ema200': 63259.39712015653, 'dist_to_support': 0.0014484026884957768, 'dist_to_resistance': 0.03002587595814279, 'volume': 0.0009259989999999999, 'volume_ratio': 0.2376520509704712, 'delta': -28.779230604999423, 'velocity': -3.4162928649697284e-05, 'imbalance': 0.563856749257037, 'candle_range': 140.8, 'body_ratio': 0.5649672008853404, 'wick_ratio': 0.4350327991146597}",4.5,"{'early_fail_enabled': True, 'invert_signal': False, 'ai_enabled': True, 'edge_threshold': 3.0, 'edge_threshold_max': None, 'edge_range_preset': 'min_only', 'ai_threshold': 44.0, 'leverage': 100, 'pullback_threshold': 0.001}","{'ema9': 62116.585333125004, 'ema21': 62410.261378395124, 'ema200': 63259.39712015653, 'ema_spread': -0.004706, 'ema9_slope_pct': -0.7973, 'ema21_slope_pct': -0.4225, 'ema9_above_ema21': False, 'ema21_above_ema200': False}",MOMENTUM_SHORT,4.5,4.5,False,True,INV_False_EF_True,SHORT,12,8,SCENARIO_C_EARLY_12_v2_frozen,40.0,10.0,-12.0,2.0,8.0,300,1,2,-32.0,False,False,True,False,480,3,5.0,False,5,0.75,"[[12, 8], [15, 10], [25, 18], [40, 28], [60, 45], [80, 60], [100, 75], [150, 120]]","{""trail_ladder"": [[12, 8], [15, 10], [25, 18], [40, 28], [60, 45], [80, 60], [100, 75], [150, 120]], ""ladder_first_trigger_pct"": 12, ""ladder_first_lock_pct"": 8, ""exit_profile_id"": ""SCENARIO_C_EARLY_12_v2_frozen"", ""peak_never_loser_min_peak"": 40.0, ""peak_never_loser_floor"": 10.0, ""thesis_fast_exit_unreal_pct"": -12.0, ""thesis_mfe_protect_pct"": 2.0, ""thesis_exit_if_above_unreal_pct"": 8.0, ""thesis_min_age_sec"": 300, ""thesis_score_flip_margin"": 1, ""thesis_early_decay_delta"": 2, ""early_fail_pct_threshold"": -32.0, ""type_a_first_candle_enabled"": false, ""type_a_early_fail_enabled"": false, ""scenario_c_exit_profile"": true, ""type_a_stall_enabled"": false, ""type_a_stall_min_age_sec"": 480, ""type_a_stall_min_candles"": 3, ""type_a_stall_max_mfe_pct"": 5.0, ""trend_weakening_enabled"": false, ""spread_penalty_threshold"": 5, ""spread_penalty_margin_mult"": 0.75}",2026-06-24T13:55:32.876924+00:00,2026-06-24 23:55:32 AEST,2026-06-24 23:55:32 AEST
2026-06-24T13:55:32.918808+00:00,c65c-8a0e6e17fec1,SHORT,61525.0,61497.83,5.800444,4.42,15.0,7,0.66,0.66,0.0,0.0,-0.0,0.0,PROFIT_LOCK_LADDER,100,0.15,72,44.0,True,SIM_LIMIT,AI_DIRECT_LIMIT,,,,,0,BEAR,SR,70+,SPAWN,-3,-3,BEARISH_STRUCTURE,BEAR_ALIGNED,25.02,-4,2,9,4e-05,bitfinex,tBTCF0:USTF0,v10.6-melbourne-unified-2026-06-24,BITFINEX_ZERO,v10.6-melbourne-unified-2026-06-24,COMBO_65_SP5_CHASE_3PLUS,AI65+ · Spread5+ · Chase 3+,APPROVE,61474.0,0.030026,0.001448,NEAR_SUPPORT,-0.004583,0.488226,140.8,5.800445,-28.416091,14.790735,93.645,93.645,93.645,0-5m,AI_DIRECT,AI_DIRECT,0,,51.0,0.0,0.1666,0.1666,False,0.0,0.0,-8e-06,-2.4e-05,0.032926,0.011693,-28.958855,0.0,0.565353,61432.0,62116.585333,62410.261378,63259.39712,-0.004706,NEAR_SUPPORT,SHORT_PREFERRED,0.030026,0.001448,BEAR,3.0,44.0,0.0,100,4.5,True,True,APPROVE,72,"```json
{
  ""direction"": ""SHORT"",
  ""confidence"": 72,
  ""long_score"": 18,
  ""short_score"": 82,
  ""preferred_direction"": ""SHORT"",
  ""entry_zone_low"": 61450,
  ""entry_zone_high"": 61600,
  ""limit_price"": 61525,
  ""expected_mfe"": 180,
  ""expected_mae"": 120,
  ""reversal_probability"": 15,
  ""exit_style"": ""AGGRESSIVE"",
  ""reasons_for_trade"": [
    ""BEAR_ALIGNED multi-timeframe agreement (15m, 1h, 4h all bearish)"",
    ""Bearish market structure with active LH-LL sequence and structure_score -3"",
    ""Bear EMA stack (price below all EMAs, EMA9 below EMA21, EMA21 below EMA200)"",
    ""ADX 25.02 indicating trending market favoring continuation"",
    ""Trend health state BEAR with bear_score 10 vs bull_score 3"",
    ""Negative delta (-28.64) and negative velocity confirming selling pressure"",
    ""Volume ratio 20.93 suggests aggressive selling on this move"",
    ""Liquidity sweep high already occurred, price rejected from recent high 63292"",
    ""Market structure shift labeled BEAR_CONTINUATION"",
    ""Funding positive (longs pay shorts) favoring short positions""
  ],
  ""reasons_against_trade"": [
    ""Price is very near support (0.15% away) increasing bounce risk"",
    ""Reversal risk score 15 suggests some mean-reversion potential"",
    ""Candle shows wick ratio 0.43 indicating some buying absorption"",
    ""Entry near support historically reduces short expectancy without strong continuation""
  ],
  ""bull_score"": 2,
  ""bear_score"": 9
}
```

**Direction**: SHORT  
**Win probability**: 72%  
**Long score**: 18  
**Short score**: 82  
**Bull score**: 2/10  
**Bear score**: 9/10  
**Decision**: STRONG_APPROVE  
**Reason**: All trend hierarchy factors (MTF agreement, structure bias, EMA stack, ADX, trend health) strongly align for bearish continuation. Orderflow confirms selling pressure. The proximity to support is a minor concern but does not override the dominant bearish trend - continuation is favored over reversal given the lack of any reversal confirmation (no higher low, no structure shift, no momentum expansion upward). Entry zone set slightly above current price for a pullback short, with aggressive exit given proximity to support.",61525.0,61497.83,MAKER,TAKER,0.024401,51.0,93.645,0.66,0.66,0.0,0.0,-0.0,0.0,4.42,348.026708,PROFIT_LOCK_LADDER,-28.958855,0.011693,-2.4e-05,0.565353,False,True,"{'price': 61432.0, 'ret_1m': 0.0, 'ret_5m': -0.00024411281266782756, 'ema9': 62116.585333125004, 'ema21': 62410.261378395124, 'ema200': 63259.39712015653, 'dist_to_support': 0.0014484026884957768, 'dist_to_resistance': 0.03002587595814279, 'volume': 0.032926004, 'volume_ratio': 0.011693164636508423, 'delta': -28.958855455999423, 'velocity': -2.4408712537921482e-05, 'imbalance': 0.5653525707465131, 'candle_range': 140.8, 'body_ratio': 0.5649672008853404, 'wick_ratio': 0.4350327991146597}",4.5,"{'early_fail_enabled': True, 'invert_signal': False, 'ai_enabled': True, 'edge_threshold': 3.0, 'edge_threshold_max': None, 'edge_range_preset': 'min_only', 'ai_threshold': 44.0, 'leverage': 100, 'pullback_threshold': 0.001}","{'ema9': 62116.585333125004, 'ema21': 62410.261378395124, 'ema200': 63259.39712015653, 'ema_spread': -0.004706, 'ema9_slope_pct': -0.7973, 'ema21_slope_pct': -0.4225, 'ema9_above_ema21': False, 'ema21_above_ema200': False}",MOMENTUM_SHORT,4.5,4.5,False,True,INV_False_EF_True,SHORT,12,8,SCENARIO_C_EARLY_12_v2_frozen,40.0,10.0,-12.0,2.0,8.0,300,1,2,-32.0,False,False,True,False,480,3,5.0,False,5,0.75,"[[12, 8], [15, 10], [25, 18], [40, 28], [60, 45], [80, 60], [100, 75], [150, 120]]","{""trail_ladder"": [[12, 8], [15, 10], [25, 18], [40, 28], [60, 45], [80, 60], [100, 75], [150, 120]], ""ladder_first_trigger_pct"": 12, ""ladder_first_lock_pct"": 8, ""exit_profile_id"": ""SCENARIO_C_EARLY_12_v2_frozen"", ""peak_never_loser_min_peak"": 40.0, ""peak_never_loser_floor"": 10.0, ""thesis_fast_exit_unreal_pct"": -12.0, ""thesis_mfe_protect_pct"": 2.0, ""thesis_exit_if_above_unreal_pct"": 8.0, ""thesis_min_age_sec"": 300, ""thesis_score_flip_margin"": 1, ""thesis_early_decay_delta"": 2, ""early_fail_pct_threshold"": -32.0, ""type_a_first_candle_enabled"": false, ""type_a_early_fail_enabled"": false, ""scenario_c_exit_profile"": true, ""type_a_stall_enabled"": false, ""type_a_stall_min_age_sec"": 480, ""type_a_stall_min_candles"": 3, ""type_a_stall_max_mfe_pct"": 5.0, ""trend_weakening_enabled"": false, ""spread_penalty_threshold"": 5, ""spread_penalty_margin_mult"": 0.75}",2026-06-24T13:55:32.918808+00:00,2026-06-24 23:55:32 AEST,2026-06-24 23:55:32 AEST
2026-06-24T14:01:49.973423+00:00,c65c-adbb18ef0735,SHORT,61420.36,61371.0,0.67457,8.04,15.0,6,1.21,1.21,0.0,0.0,-0.0,0.0,PROFIT_LOCK_LADDER,100,0.27,68,44.0,True,SIM_LIMIT,AI_DIRECT_LIMIT,,,,,0,BEAR,SR,60-70,SPAWN,-3,-3,BEARISH_STRUCTURE,BEAR_ALIGNED,26.89,-4,2,8,4e-05,bitfinex,tBTCF0:USTF0,v10.6-melbourne-unified-2026-06-24,BITFINEX_ZERO,v10.6-melbourne-unified-2026-06-24,COMBO_65_SP5_CHASE_3PLUS,AI65+ · Spread5+ · Chase 3+,APPROVE,61376.0,0.03152,0.00132,NEAR_SUPPORT,-0.005614,0.977374,92.6,0.674571,-5.802636,12.106735,19.261,19.261,19.261,0-5m,AI_DIRECT,AI_DIRECT,0,,44.36,0.0,0.0,0.0,False,0.0,0.0,-1e-06,-1e-05,0.033115,0.033605,-34.447645,0.0,0.549187,61359.0,61937.308266,62301.072327,63241.859199,-0.005839,NEAR_SUPPORT,SHORT_PREFERRED,0.03152,0.00132,BEAR,3.0,44.0,0.0,100,4.2,True,True,APPROVE,68,"```json
{
  ""direction"": ""SHORT"",
  ""confidence"": 68,
  ""long_score"": 18,
  ""short_score"": 82,
  ""preferred_direction"": ""SHORT"",
  ""entry_zone_low"": 61300,
  ""entry_zone_high"": 61400,
  ""limit_price"": 61350,
  ""expected_mfe"": 120,
  ""expected_mae"": 80,
  ""reversal_probability"": 33,
  ""exit_style"": ""AGGRESSIVE"",
  ""reasons_for_trade"": [
    ""BEAR_ALIGNED multi-timeframe agreement (15m, 1h, 4h all bearish)"",
    ""Bearish market structure with active LH-LL sequence and structure_score -3"",
    ""EMA stack bearish (price below all EMAs, EMA9 below EMA21 below EMA200)"",
    ""ADX 26.89 > 25 indicating trending conditions favoring continuation"",
    ""Trend health state BEAR with bear_score 10 vs bull_score 3"",
    ""Negative velocity and delta (-34.1) supporting bearish orderflow"",
    ""Liquidity sweep high already occurred, no sweep low yet - potential for downside continuation"",
    ""Market regime in COMPRESSION after recent TRENDING phases - breakout likely downward given bearish context""
  ],
  ""reasons_against_trade"": [
    ""Price is very near support (0.13% above recent low) - bounce risk elevated"",
    ""Reversal probability 33% suggests non-trivial chance of mean reversion"",
    ""Volume ratio very low (0.0147) - lack of conviction in current move"",
    ""Entry near support historically reduces short expectancy without strong continuation""
  ],
  ""bull_score"": 2,
  ""bear_score"": 8
}
```",61420.36,61371.0,MAKER,TAKER,0.02444,44.36,19.261,1.21,1.21,0.0,0.0,-0.0,0.0,8.04,40.474308,PROFIT_LOCK_LADDER,-34.447645,0.033605,-1e-05,0.549187,False,True,"{'price': 61359.0, 'ret_1m': 0.0, 'ret_5m': -0.0004886868983042565, 'ema9': 61937.3082665, 'ema21': 62301.07232747844, 'ema200': 63241.859198951955, 'dist_to_support': 0.0013201212555819942, 'dist_to_resistance': 0.03151993220117996, 'volume': 0.033114516000000004, 'volume_ratio': 0.03360507833491623, 'delta': -34.44764544199885, 'velocity': -9.775223894919235e-06, 'imbalance': 0.5491873758948206, 'candle_range': 92.6, 'body_ratio': 0.6107908000050288, 'wick_ratio': 0.3892091999949711}",4.2,"{'early_fail_enabled': True, 'invert_signal': False, 'ai_enabled': True, 'edge_threshold': 3.0, 'edge_threshold_max': None, 'edge_range_preset': 'min_only', 'ai_threshold': 44.0, 'leverage': 100, 'pullback_threshold': 0.001}","{'ema9': 61937.3082665, 'ema21': 62301.07232747844, 'ema200': 63241.859198951955, 'ema_spread': -0.005839, 'ema9_slope_pct': -0.8569, 'ema21_slope_pct': -0.4848, 'ema9_above_ema21': False, 'ema21_above_ema200': False}",MOMENTUM_SHORT,4.2,4.2,False,True,INV_False_EF_True,SHORT,12,8,SCENARIO_C_EARLY_12_v2_frozen,40.0,10.0,-12.0,2.0,8.0,300,1,2,-32.0,False,False,True,False,480,3,5.0,False,5,0.75,"[[12, 8], [15, 10], [25, 18], [40, 28], [60, 45], [80, 60], [100, 75], [150, 120]]","{""trail_ladder"": [[12, 8], [15, 10], [25, 18], [40, 28], [60, 45], [80, 60], [100, 75], [150, 120]], ""ladder_first_trigger_pct"": 12, ""ladder_first_lock_pct"": 8, ""exit_profile_id"": ""SCENARIO_C_EARLY_12_v2_frozen"", ""peak_never_loser_min_peak"": 40.0, ""peak_never_loser_floor"": 10.0, ""thesis_fast_exit_unreal_pct"": -12.0, ""thesis_mfe_protect_pct"": 2.0, ""thesis_exit_if_above_unreal_pct"": 8.0, ""thesis_min_age_sec"": 300, ""thesis_score_flip_margin"": 1, ""thesis_early_decay_delta"": 2, ""early_fail_pct_threshold"": -32.0, ""type_a_first_candle_enabled"": false, ""type_a_early_fail_enabled"": false, ""scenario_c_exit_profile"": true, ""type_a_stall_enabled"": false, ""type_a_stall_min_age_sec"": 480, ""type_a_stall_min_candles"": 3, ""type_a_stall_max_mfe_pct"": 5.0, ""trend_weakening_enabled"": false, ""spread_penalty_threshold"": 5, ""spread_penalty_margin_mult"": 0.75}",2026-06-24T14:01:49.973423+00:00,2026-06-25 00:01:49 AEST,2026-06-25 00:01:49 AEST
2026-06-24T14:01:53.327286+00:00,cont-c78b45613b1f,SHORT,61415.36,61356.0,0.731634,9.67,15.0,6,1.45,1.45,0.0,0.0,-0.0,0.0,PROFIT_LOCK_LADDER,100,0.32,68,44.0,True,SIM_LIMIT,AI_DIRECT_LIMIT,,,,,0,BEAR,SR,60-70,SPAWN,-3,-3,BEARISH_STRUCTURE,BEAR_ALIGNED,26.89,-4,2,8,4e-05,bitfinex,tBTCF0:USTF0,v10.6-melbourne-unified-2026-06-24,BITFINEX_ZERO,v10.6-melbourne-unified-2026-06-24,CONTINUOUS,Continuous AI Research,APPROVE,61376.0,0.03152,0.00132,NEAR_SUPPORT,-0.005614,0.977374,92.6,0.731634,-6.617237,15.201409,19.551,19.551,19.551,0-5m,AI_DIRECT,AI_DIRECT,0,,39.36,0.0,0.0,0.0,False,0.0,0.0,-1e-06,-1e-05,0.033115,0.033605,-34.447645,0.0,0.549187,61359.0,61937.308266,62301.072327,63241.859199,-0.005839,NEAR_SUPPORT,SHORT_PREFERRED,0.03152,0.00132,BEAR,3.0,44.0,0.0,100,4.2,True,True,APPROVE,68,"```json
{
  ""direction"": ""SHORT"",
  ""confidence"": 68,
  ""long_score"": 18,
  ""short_score"": 82,
  ""preferred_direction"": ""SHORT"",
  ""entry_zone_low"": 61300,
  ""entry_zone_high"": 61400,
  ""limit_price"": 61350,
  ""expected_mfe"": 120,
  ""expected_mae"": 80,
  ""reversal_probability"": 33,
  ""exit_style"": ""AGGRESSIVE"",
  ""reasons_for_trade"": [
    ""BEAR_ALIGNED multi-timeframe agreement (15m, 1h, 4h all bearish)"",
    ""Bearish market structure with active LH-LL sequence and structure_score -3"",
    ""EMA stack bearish (price below all EMAs, EMA9 below EMA21 below EMA200)"",
    ""ADX 26.89 > 25 indicating trending conditions favoring continuation"",
    ""Trend health state BEAR with bear_score 10 vs bull_score 3"",
    ""Negative velocity and delta (-34.1) supporting bearish orderflow"",
    ""Liquidity sweep high already occurred, no sweep low yet - potential for downside continuation"",
    ""Market regime in COMPRESSION after recent TRENDING phases - breakout likely downward given bearish context""
  ],
  ""reasons_against_trade"": [
    ""Price is very near support (0.13% above recent low) - bounce risk elevated"",
    ""Reversal probability 33% suggests non-trivial chance of mean reversion"",
    ""Volume ratio very low (0.0147) - lack of conviction in current move"",
    ""Entry near support historically reduces short expectancy without strong continuation""
  ],
  ""bull_score"": 2,
  ""bear_score"": 8
}
```",61415.36,61356.0,MAKER,TAKER,0.02444,39.36,19.551,1.45,1.45,0.0,0.0,-0.0,0.0,9.67,43.898103,PROFIT_LOCK_LADDER,-34.447645,0.033605,-1e-05,0.549187,False,True,"{'price': 61359.0, 'ret_1m': 0.0, 'ret_5m': -0.0004886868983042565, 'ema9': 61937.3082665, 'ema21': 62301.07232747844, 'ema200': 63241.859198951955, 'dist_to_support': 0.0013201212555819942, 'dist_to_resistance': 0.03151993220117996, 'volume': 0.033114516000000004, 'volume_ratio': 0.03360507833491623, 'delta': -34.44764544199885, 'velocity': -9.775223894919235e-06, 'imbalance': 0.5491873758948206, 'candle_range': 92.6, 'body_ratio': 0.6107908000050288, 'wick_ratio': 0.3892091999949711}",4.2,"{'early_fail_enabled': True, 'invert_signal': False, 'ai_enabled': True, 'edge_threshold': 3.0, 'edge_threshold_max': None, 'edge_range_preset': 'min_only', 'ai_threshold': 44.0, 'leverage': 100, 'pullback_threshold': 0.001}","{'ema9': 61937.3082665, 'ema21': 62301.07232747844, 'ema200': 63241.859198951955, 'ema_spread': -0.005839, 'ema9_slope_pct': -0.8569, 'ema21_slope_pct': -0.4848, 'ema9_above_ema21': False, 'ema21_above_ema200': False}",MOMENTUM_SHORT,4.2,4.2,False,True,INV_False_EF_True,SHORT,12,8,SCENARIO_C_EARLY_12_v2_frozen,40.0,10.0,-12.0,2.0,8.0,300,1,2,-32.0,False,False,True,False,480,3,5.0,False,5,0.75,"[[12, 8], [15, 10], [25, 18], [40, 28], [60, 45], [80, 60], [100, 75], [150, 120]]","{""trail_ladder"": [[12, 8], [15, 10], [25, 18], [40, 28], [60, 45], [80, 60], [100, 75], [150, 120]], ""ladder_first_trigger_pct"": 12, ""ladder_first_lock_pct"": 8, ""exit_profile_id"": ""SCENARIO_C_EARLY_12_v2_frozen"", ""peak_never_loser_min_peak"": 40.0, ""peak_never_loser_floor"": 10.0, ""thesis_fast_exit_unreal_pct"": -12.0, ""thesis_mfe_protect_pct"": 2.0, ""thesis_exit_if_above_unreal_pct"": 8.0, ""thesis_min_age_sec"": 300, ""thesis_score_flip_margin"": 1, ""thesis_early_decay_delta"": 2, ""early_fail_pct_threshold"": -32.0, ""type_a_first_candle_enabled"": false, ""type_a_early_fail_enabled"": false, ""scenario_c_exit_profile"": true, ""type_a_stall_enabled"": false, ""type_a_stall_min_age_sec"": 480, ""type_a_stall_min_candles"": 3, ""type_a_stall_max_mfe_pct"": 5.0, ""trend_weakening_enabled"": false, ""spread_penalty_threshold"": 5, ""spread_penalty_margin_mult"": 0.75}",2026-06-24T14:01:53.327286+00:00,2026-06-25 00:01:53 AEST,2026-06-25 00:01:53 AEST
2026-06-24T14:15:39.247308+00:00,cont-5abea841d645,SHORT,61320.0,61281.85,0.459705,6.22,15.0,7,0.93,0.93,0.0,0.0,-0.0,0.0,PROFIT_LOCK_LADDER,100,0.21,68,44.0,True,SIM_LIMIT,AI_DIRECT_LIMIT,,,,,0,BEAR,SR,60-70,SPAWN,-3,-3,BEARISH_STRUCTURE,BEAR_ALIGNED,27.11,-4,2,9,4e-05,bitfinex,tBTCF0:USTF0,v10.6-melbourne-unified-2026-06-24,BITFINEX_ZERO,v10.6-melbourne-unified-2026-06-24,CONTINUOUS,Continuous AI Research,APPROVE,61267.0,0.034183,0.000866,NEAR_SUPPORT,-0.006491,0.9802,92.6,0.459705,-7.66471,13.69863,93.533,93.533,93.533,0-5m,AI_DIRECT,AI_DIRECT,0,,53.0,0.0,0.2167,0.2167,False,0.0,0.0,-1e-06,-1.1e-05,0.005233,0.035844,-40.627672,0.0,0.491737,61200.0,61920.108266,62293.254146,63241.003478,-0.00599,NEAR_SUPPORT,SHORT_PREFERRED,0.034183,0.000866,BEAR,3.0,44.0,0.0,100,3.2,True,True,APPROVE,68,"```json
{
  ""direction"": ""SHORT"",
  ""confidence"": 68,
  ""long_score"": 18,
  ""short_score"": 82,
  ""preferred_direction"": ""SHORT"",
  ""entry_zone_low"": 61250,
  ""entry_zone_high"": 61400,
  ""limit_price"": 61325,
  ""expected_mfe"": 180,
  ""expected_mae"": 120,
  ""reversal_probability"": 53,
  ""exit_style"": ""AGGRESSIVE"",
  ""reasons_for_trade"": [
    ""MTF agreement is BEAR_ALIGNED across 15m/1h/4h"",
    ""Market structure bias is BEARISH with active LH-LL sequence"",
    ""EMA stack is bearish (price below all EMAs, EMA9 below EMA21, EMA21 below EMA200)"",
    ""ADX at 27.11 indicates trending conditions favoring continuation"",
    ""Trend health state is BEAR with bear_score 10 vs bull_score 3"",
    ""Orderflow delta is negative (-40.65) confirming selling pressure"",
    ""Liquidity sweep high occurred, suggesting trapped longs"",
    ""Regime is BEAR with compression regime likely to resolve downward"",
    ""Funding rate positive (longs pay shorts), favoring short positions""
  ],
  ""reasons_against_trade"": [
    ""Price is very near support (0.11% above recent low), increasing bounce risk"",
    ""Reversal risk score is 53, indicating moderate reversal probability"",
    ""Volume ratio is extremely low (0.005), suggesting lack of conviction"",
    ""Candle range is narrow (92.6), indicating indecision near support"",
    ""Short entries near support historically show reduced expectancy""
  ],
  ""bull_score"": 2,
  ""bear_score"": 9
}
```

**Direction:** SHORT  
**Win probability:** 68%  
**Long score:** 18  
**Short score:** 82  
**Bull score:** 2/10  
**Bear score:** 9/10  
**Decision:** APPROVE  
**Reason:** Strong bearish alignment across all trend hierarchy layers (MTF, structure, EMA, ADX) with negative orderflow. Price near support is a location context only - the dominant trend is bearish continuation. The low volume and narrow range suggest a potential breakdown rather than reversal. Entry is set slightly above current price to allow for a minor pullback before continuation. Exit style AGGRESSIVE due to proximity to support and risk of snap-back.",61320.0,61281.85,MAKER,TAKER,0.024483,53.0,93.533,0.93,0.93,0.0,0.0,-0.0,0.0,6.22,27.582371,PROFIT_LOCK_LADDER,-40.627672,0.035844,-1.1e-05,0.491737,False,True,"{'price': 61200.0, 'ret_1m': -0.00019603999215840032, 'ret_5m': 0.00031055393014171065, 'ema9': 61920.1082665, 'ema21': 62293.254145660256, 'ema200': 63241.003477558916, 'dist_to_support': 0.0008660130718954248, 'dist_to_resistance': 0.03418300653594771, 'volume': 0.005233383, 'volume_ratio': 0.0358437160929647, 'delta': -40.62767170599834, 'velocity': -1.1410826357444267e-05, 'imbalance': 0.4917370110348033, 'candle_range': 92.6, 'body_ratio': 0.6107908000050288, 'wick_ratio': 0.3892091999949711}",3.2,"{'early_fail_enabled': True, 'invert_signal': False, 'ai_enabled': True, 'edge_threshold': 3.0, 'edge_threshold_max': None, 'edge_range_preset': 'min_only', 'ai_threshold': 44.0, 'leverage': 100, 'pullback_threshold': 0.001}","{'ema9': 61920.1082665, 'ema21': 62293.254145660256, 'ema200': 63241.003477558916, 'ema_spread': -0.00599, 'ema9_slope_pct': -0.8845, 'ema21_slope_pct': -0.4973, 'ema9_above_ema21': False, 'ema21_above_ema200': False}",MOMENTUM_SHORT,3.2,3.2,False,True,INV_False_EF_True,SHORT,12,8,SCENARIO_C_EARLY_12_v2_frozen,40.0,10.0,-12.0,2.0,8.0,300,1,2,-32.0,False,False,True,False,480,3,5.0,False,5,0.75,"[[12, 8], [15, 10], [25, 18], [40, 28], [60, 45], [80, 60], [100, 75], [150, 120]]","{""trail_ladder"": [[12, 8], [15, 10], [25, 18], [40, 28], [60, 45], [80, 60], [100, 75], [150, 120]], ""ladder_first_trigger_pct"": 12, ""ladder_first_lock_pct"": 8, ""exit_profile_id"": ""SCENARIO_C_EARLY_12_v2_frozen"", ""peak_never_loser_min_peak"": 40.0, ""peak_never_loser_floor"": 10.0, ""thesis_fast_exit_unreal_pct"": -12.0, ""thesis_mfe_protect_pct"": 2.0, ""thesis_exit_if_above_unreal_pct"": 8.0, ""thesis_min_age_sec"": 300, ""thesis_score_flip_margin"": 1, ""thesis_early_decay_delta"": 2, ""early_fail_pct_threshold"": -32.0, ""type_a_first_candle_enabled"": false, ""type_a_early_fail_enabled"": false, ""scenario_c_exit_profile"": true, ""type_a_stall_enabled"": false, ""type_a_stall_min_age_sec"": 480, ""type_a_stall_min_candles"": 3, ""type_a_stall_max_mfe_pct"": 5.0, ""trend_weakening_enabled"": false, ""spread_penalty_threshold"": 5, ""spread_penalty_margin_mult"": 0.75}",2026-06-24T14:15:39.247308+00:00,2026-06-25 00:15:39 AEST,2026-06-25 00:15:39 AEST
2026-06-24T14:15:39.384623+00:00,c65c-2711278aa03d,SHORT,61325.0,61281.85,0.456817,7.04,15.0,7,1.06,1.06,0.0,0.0,-0.0,0.0,PROFIT_LOCK_LADDER,100,0.23,68,44.0,True,SIM_LIMIT,AI_DIRECT_LIMIT,,,,,0,BEAR,SR,60-70,SPAWN,-3,-3,BEARISH_STRUCTURE,BEAR_ALIGNED,27.11,-4,2,9,4e-05,bitfinex,tBTCF0:USTF0,v10.6-melbourne-unified-2026-06-24,BITFINEX_ZERO,v10.6-melbourne-unified-2026-06-24,COMBO_65_SP5_CHASE_3PLUS,AI65+ · Spread5+ · Chase 3+,APPROVE,61265.0,0.034183,0.000866,NEAR_SUPPORT,-0.006491,0.9802,92.6,0.456818,-6.848757,14.512841,93.493,93.493,93.493,0-5m,AI_DIRECT,AI_DIRECT,0,,60.0,0.0,0.2168,0.2168,False,0.0,0.0,-1e-06,-1.1e-05,0.005233,0.035844,-40.627672,0.0,0.491737,61200.0,61920.108266,62293.254146,63241.003478,-0.00599,NEAR_SUPPORT,SHORT_PREFERRED,0.034183,0.000866,BEAR,3.0,44.0,0.0,100,3.2,True,True,APPROVE,68,"```json
{
  ""direction"": ""SHORT"",
  ""confidence"": 68,
  ""long_score"": 18,
  ""short_score"": 82,
  ""preferred_direction"": ""SHORT"",
  ""entry_zone_low"": 61250,
  ""entry_zone_high"": 61400,
  ""limit_price"": 61325,
  ""expected_mfe"": 180,
  ""expected_mae"": 120,
  ""reversal_probability"": 53,
  ""exit_style"": ""AGGRESSIVE"",
  ""reasons_for_trade"": [
    ""MTF agreement is BEAR_ALIGNED across 15m/1h/4h"",
    ""Market structure bias is BEARISH with active LH-LL sequence"",
    ""EMA stack is bearish (price below all EMAs, EMA9 below EMA21, EMA21 below EMA200)"",
    ""ADX at 27.11 indicates trending conditions favoring continuation"",
    ""Trend health state is BEAR with bear_score 10 vs bull_score 3"",
    ""Orderflow delta is negative (-40.65) confirming selling pressure"",
    ""Liquidity sweep high occurred, suggesting trapped longs"",
    ""Regime is BEAR with compression regime likely to resolve downward"",
    ""Funding rate positive (longs pay shorts), favoring short positions""
  ],
  ""reasons_against_trade"": [
    ""Price is very near support (0.11% above recent low), increasing bounce risk"",
    ""Reversal risk score is 53, indicating moderate reversal probability"",
    ""Volume ratio is extremely low (0.005), suggesting lack of conviction"",
    ""Candle range is narrow (92.6), indicating indecision near support"",
    ""Short entries near support historically show reduced expectancy""
  ],
  ""bull_score"": 2,
  ""bear_score"": 9
}
```

**Direction:** SHORT  
**Win probability:** 68%  
**Long score:** 18  
**Short score:** 82  
**Bull score:** 2/10  
**Bear score:** 9/10  
**Decision:** APPROVE  
**Reason:** Strong bearish alignment across all trend hierarchy layers (MTF, structure, EMA, ADX) with negative orderflow. Price near support is a location context only - the dominant trend is bearish continuation. The low volume and narrow range suggest a potential breakdown rather than reversal. Entry is set slightly above current price to allow for a minor pullback before continuation. Exit style AGGRESSIVE due to proximity to support and risk of snap-back.",61325.0,61281.85,MAKER,TAKER,0.024484,60.0,93.493,1.06,1.06,0.0,0.0,-0.0,0.0,7.04,27.409127,PROFIT_LOCK_LADDER,-40.627672,0.035844,-1.1e-05,0.491737,False,True,"{'price': 61200.0, 'ret_1m': -0.00019603999215840032, 'ret_5m': 0.00031055393014171065, 'ema9': 61920.1082665, 'ema21': 62293.254145660256, 'ema200': 63241.003477558916, 'dist_to_support': 0.0008660130718954248, 'dist_to_resistance': 0.03418300653594771, 'volume': 0.005233383, 'volume_ratio': 0.0358437160929647, 'delta': -40.62767170599834, 'velocity': -1.1410826357444267e-05, 'imbalance': 0.4917370110348033, 'candle_range': 92.6, 'body_ratio': 0.6107908000050288, 'wick_ratio': 0.3892091999949711}",3.2,"{'early_fail_enabled': True, 'invert_signal': False, 'ai_enabled': True, 'edge_threshold': 3.0, 'edge_threshold_max': None, 'edge_range_preset': 'min_only', 'ai_threshold': 44.0, 'leverage': 100, 'pullback_threshold': 0.001}","{'ema9': 61920.1082665, 'ema21': 62293.254145660256, 'ema200': 63241.003477558916, 'ema_spread': -0.00599, 'ema9_slope_pct': -0.8845, 'ema21_slope_pct': -0.4973, 'ema9_above_ema21': False, 'ema21_above_ema200': False}",MOMENTUM_SHORT,3.2,3.2,False,True,INV_False_EF_True,SHORT,12,8,SCENARIO_C_EARLY_12_v2_frozen,40.0,10.0,-12.0,2.0,8.0,300,1,2,-32.0,False,False,True,False,480,3,5.0,False,5,0.75,"[[12, 8], [15, 10], [25, 18], [40, 28], [60, 45], [80, 60], [100, 75], [150, 120]]","{""trail_ladder"": [[12, 8], [15, 10], [25, 18], [40, 28], [60, 45], [80, 60], [100, 75], [150, 120]], ""ladder_first_trigger_pct"": 12, ""ladder_first_lock_pct"": 8, ""exit_profile_id"": ""SCENARIO_C_EARLY_12_v2_frozen"", ""peak_never_loser_min_peak"": 40.0, ""peak_never_loser_floor"": 10.0, ""thesis_fast_exit_unreal_pct"": -12.0, ""thesis_mfe_protect_pct"": 2.0, ""thesis_exit_if_above_unreal_pct"": 8.0, ""thesis_min_age_sec"": 300, ""thesis_score_flip_margin"": 1, ""thesis_early_decay_delta"": 2, ""early_fail_pct_threshold"": -32.0, ""type_a_first_candle_enabled"": false, ""type_a_early_fail_enabled"": false, ""scenario_c_exit_profile"": true, ""type_a_stall_enabled"": false, ""type_a_stall_min_age_sec"": 480, ""type_a_stall_min_candles"": 3, ""type_a_stall_max_mfe_pct"": 5.0, ""trend_weakening_enabled"": false, ""spread_penalty_threshold"": 5, ""spread_penalty_margin_mult"": 0.75}",2026-06-24T14:15:39.384623+00:00,2026-06-25 00:15:39 AEST,2026-06-25 00:15:39 AEST
2026-06-24T14:22:11.705974+00:00,cont-7db7da86b27d,SHORT,61095.0,61161.0,0.516274,-10.8,15.0,7,-1.62,-1.62,0.0,0.0,-0.0,0.0,THESIS_FAST_CUT,100,0.36,72,44.0,True,SIM_LIMIT,AI_DIRECT_LIMIT,,,,,0,BEAR,SR,70+,SPAWN,-3,-3,BEARISH_STRUCTURE,BEAR_ALIGNED,29.21,-4,2,9,4e-05,bitfinex,tBTCF0:USTF0,v10.6-melbourne-unified-2026-06-24,BITFINEX_ZERO,v10.6-melbourne-unified-2026-06-24,CONTINUOUS,Continuous AI Research,APPROVE,61052.0,0.0372,0.000983,NEAR_SUPPORT,-0.00688,0.491811,88.7,0.516275,-12.112284,0.491039,88.621,88.621,88.621,0-5m,AI_DIRECT,AI_DIRECT,0,,43.0,0.0,0.0,0.0,False,0.0,0.0,-1e-06,-3.8e-05,0.029061,0.000363,-75.419863,0.0,0.617148,60984.0,61748.446613,62181.660794,63222.380596,-0.006967,NEAR_SUPPORT,SHORT_PREFERRED,0.0372,0.000983,BEAR,3.0,44.0,0.0,100,4.7,True,True,APPROVE,72,"```json
{
  ""direction"": ""SHORT"",
  ""confidence"": 72,
  ""long_score"": 18,
  ""short_score"": 82,
  ""preferred_direction"": ""SHORT"",
  ""entry_zone_low"": 61050,
  ""entry_zone_high"": 61150,
  ""limit_price"": 61100,
  ""expected_mfe"": 120,
  ""expected_mae"": 80,
  ""reversal_probability"": 33,
  ""exit_style"": ""AGGRESSIVE"",
  ""reasons_for_trade"": [
    ""MTF agreement is BEAR_ALIGNED across 15m/1h/4h"",
    ""Market structure bias is BEARISH with active LH-LL sequence"",
    ""EMA stack is bearish (price below all EMAs, EMA9 below EMA21, EMA21 below EMA200)"",
    ""ADX at 29.21 indicates trending market favoring continuation"",
    ""Trend health state is BEAR with bear_score 10 vs bull_score 3"",
    ""Market structure shift is BEAR_CONTINUATION"",
    ""Liquidity sweep high occurred, suggesting bearish pressure"",
    ""Price is near support (0.18% away) but no reversal confirmation - continuation more likely"",
    ""Funding rate positive (longs pay shorts), favoring short positioning""
  ],
  ""reasons_against_trade"": [
    ""Price is very close to support (0.18% dist), bounce risk elevated"",
    ""Volume ratio is low (0.008), suggesting lack of aggressive selling"",
    ""Reversal risk score is 33, indicating some bounce potential"",
    ""Candle range is narrow (88.7), compression regime may precede expansion""
  ],
  ""bull_score"": 2,
  ""bear_score"": 9
}
```

Direction: SHORT  
Win probability: 72%  
Long score: 18  
Short score: 82  
Bull score: 2  
Bear score: 9  
Decision: APPROVE  
Reason: Strong bearish alignment across all trend hierarchy layers (MTF, structure, EMA, ADX, trend health). Price near support is a location context only - no reversal confirmation exists. Continuation bias dominates. Short entry above current price (pullback) with aggressive exit to capture momentum.",61095.0,61161.0,MAKER,TAKER,0.024569,43.0,88.621,-1.62,-1.62,0.0,0.0,-0.0,0.0,-10.8,30.976546,THESIS_FAST_CUT,-75.419863,0.000363,-3.8e-05,0.617148,False,True,"{'price': 60984.0, 'ret_1m': 0.0, 'ret_5m': -0.0002459056705847637, 'ema9': 61748.4466132, 'ema21': 62181.660793585645, 'ema200': 63222.38059647606, 'dist_to_support': 0.0009832519419225854, 'dist_to_resistance': 0.03719969846940448, 'volume': 0.029060717999999996, 'volume_ratio': 0.0003634581508533382, 'delta': -75.41986324799828, 'velocity': -3.768967654418042e-05, 'imbalance': 0.6171479775093145, 'candle_range': 88.7, 'body_ratio': 0.5987361781562894, 'wick_ratio': 0.4012638218437107}",4.7,"{'early_fail_enabled': True, 'invert_signal': False, 'ai_enabled': True, 'edge_threshold': 3.0, 'edge_threshold_max': None, 'edge_range_preset': 'min_only', 'ai_threshold': 44.0, 'leverage': 100, 'pullback_threshold': 0.001}","{'ema9': 61748.4466132, 'ema21': 62181.660793585645, 'ema200': 63222.38059647606, 'ema_spread': -0.006967, 'ema9_slope_pct': -0.8531, 'ema21_slope_pct': -0.5171, 'ema9_above_ema21': False, 'ema21_above_ema200': False}",MOMENTUM_SHORT,4.7,4.7,False,True,INV_False_EF_True,SHORT,12,8,SCENARIO_C_EARLY_12_v2_frozen,40.0,10.0,-12.0,2.0,8.0,300,1,2,-32.0,False,False,True,False,480,3,5.0,False,5,0.75,"[[12, 8], [15, 10], [25, 18], [40, 28], [60, 45], [80, 60], [100, 75], [150, 120]]","{""trail_ladder"": [[12, 8], [15, 10], [25, 18], [40, 28], [60, 45], [80, 60], [100, 75], [150, 120]], ""ladder_first_trigger_pct"": 12, ""ladder_first_lock_pct"": 8, ""exit_profile_id"": ""SCENARIO_C_EARLY_12_v2_frozen"", ""peak_never_loser_min_peak"": 40.0, ""peak_never_loser_floor"": 10.0, ""thesis_fast_exit_unreal_pct"": -12.0, ""thesis_mfe_protect_pct"": 2.0, ""thesis_exit_if_above_unreal_pct"": 8.0, ""thesis_min_age_sec"": 300, ""thesis_score_flip_margin"": 1, ""thesis_early_decay_delta"": 2, ""early_fail_pct_threshold"": -32.0, ""type_a_first_candle_enabled"": false, ""type_a_early_fail_enabled"": false, ""scenario_c_exit_profile"": true, ""type_a_stall_enabled"": false, ""type_a_stall_min_age_sec"": 480, ""type_a_stall_min_candles"": 3, ""type_a_stall_max_mfe_pct"": 5.0, ""trend_weakening_enabled"": false, ""spread_penalty_threshold"": 5, ""spread_penalty_margin_mult"": 0.75}",2026-06-24T14:22:11.705974+00:00,2026-06-25 00:22:11 AEST,2026-06-25 00:22:11 AEST
2026-06-24T14:22:17.127803+00:00,c65c-85bb9696d488,SHORT,61100.0,61162.0,0.600846,-10.15,15.0,7,-1.52,-1.52,0.0,0.0,-0.0,0.0,THESIS_FAST_CUT,100,0.34,72,44.0,True,SIM_LIMIT,AI_DIRECT_LIMIT,,,,,0,BEAR,SR,70+,SPAWN,-3,-3,BEARISH_STRUCTURE,BEAR_ALIGNED,29.21,-4,2,9,4e-05,bitfinex,tBTCF0:USTF0,v10.6-melbourne-unified-2026-06-24,BITFINEX_ZERO,v10.6-melbourne-unified-2026-06-24,COMBO_65_SP5_CHASE_3PLUS,AI65+ · Spread5+ · Chase 3+,APPROVE,61042.0,0.0372,0.000983,NEAR_SUPPORT,-0.00688,0.491811,88.7,0.600847,-13.256956,1.309329,88.534,88.534,88.534,0-5m,AI_DIRECT,AI_DIRECT,0,,58.0,0.0,0.0,0.0,False,0.0,0.0,-1e-06,-3.8e-05,0.029061,0.000363,-75.419863,0.0,0.617148,60984.0,61748.446613,62181.660794,63222.380596,-0.006967,NEAR_SUPPORT,SHORT_PREFERRED,0.0372,0.000983,BEAR,3.0,44.0,0.0,100,4.7,True,True,APPROVE,72,"```json
{
  ""direction"": ""SHORT"",
  ""confidence"": 72,
  ""long_score"": 18,
  ""short_score"": 82,
  ""preferred_direction"": ""SHORT"",
  ""entry_zone_low"": 61050,
  ""entry_zone_high"": 61150,
  ""limit_price"": 61100,
  ""expected_mfe"": 120,
  ""expected_mae"": 80,
  ""reversal_probability"": 33,
  ""exit_style"": ""AGGRESSIVE"",
  ""reasons_for_trade"": [
    ""MTF agreement is BEAR_ALIGNED across 15m/1h/4h"",
    ""Market structure bias is BEARISH with active LH-LL sequence"",
    ""EMA stack is bearish (price below all EMAs, EMA9 below EMA21, EMA21 below EMA200)"",
    ""ADX at 29.21 indicates trending market favoring continuation"",
    ""Trend health state is BEAR with bear_score 10 vs bull_score 3"",
    ""Market structure shift is BEAR_CONTINUATION"",
    ""Liquidity sweep high occurred, suggesting bearish pressure"",
    ""Price is near support (0.18% away) but no reversal confirmation - continuation more likely"",
    ""Funding rate positive (longs pay shorts), favoring short positioning""
  ],
  ""reasons_against_trade"": [
    ""Price is very close to support (0.18% dist), bounce risk elevated"",
    ""Volume ratio is low (0.008), suggesting lack of aggressive selling"",
    ""Reversal risk score is 33, indicating some bounce potential"",
    ""Candle range is narrow (88.7), compression regime may precede expansion""
  ],
  ""bull_score"": 2,
  ""bear_score"": 9
}
```

Direction: SHORT  
Win probability: 72%  
Long score: 18  
Short score: 82  
Bull score: 2  
Bear score: 9  
Decision: APPROVE  
Reason: Strong bearish alignment across all trend hierarchy layers (MTF, structure, EMA, ADX, trend health). Price near support is a location context only - no reversal confirmation exists. Continuation bias dominates. Short entry above current price (pullback) with aggressive exit to capture momentum.",61100.0,61162.0,MAKER,TAKER,0.024573,58.0,88.534,-1.52,-1.52,0.0,0.0,-0.0,0.0,-10.15,36.050871,THESIS_FAST_CUT,-75.419863,0.000363,-3.8e-05,0.617148,False,True,"{'price': 60984.0, 'ret_1m': 0.0, 'ret_5m': -0.0002459056705847637, 'ema9': 61748.4466132, 'ema21': 62181.660793585645, 'ema200': 63222.38059647606, 'dist_to_support': 0.0009832519419225854, 'dist_to_resistance': 0.03719969846940448, 'volume': 0.029060717999999996, 'volume_ratio': 0.0003634581508533382, 'delta': -75.41986324799828, 'velocity': -3.768967654418042e-05, 'imbalance': 0.6171479775093145, 'candle_range': 88.7, 'body_ratio': 0.5987361781562894, 'wick_ratio': 0.4012638218437107}",4.7,"{'early_fail_enabled': True, 'invert_signal': False, 'ai_enabled': True, 'edge_threshold': 3.0, 'edge_threshold_max': None, 'edge_range_preset': 'min_only', 'ai_threshold': 44.0, 'leverage': 100, 'pullback_threshold': 0.001}","{'ema9': 61748.4466132, 'ema21': 62181.660793585645, 'ema200': 63222.38059647606, 'ema_spread': -0.006967, 'ema9_slope_pct': -0.8531, 'ema21_slope_pct': -0.5171, 'ema9_above_ema21': False, 'ema21_above_ema200': False}",MOMENTUM_SHORT,4.7,4.7,False,True,INV_False_EF_True,SHORT,12,8,SCENARIO_C_EARLY_12_v2_frozen,40.0,10.0,-12.0,2.0,8.0,300,1,2,-32.0,False,False,True,False,480,3,5.0,False,5,0.75,"[[12, 8], [15, 10], [25, 18], [40, 28], [60, 45], [80, 60], [100, 75], [150, 120]]","{""trail_ladder"": [[12, 8], [15, 10], [25, 18], [40, 28], [60, 45], [80, 60], [100, 75], [150, 120]], ""ladder_first_trigger_pct"": 12, ""ladder_first_lock_pct"": 8, ""exit_profile_id"": ""SCENARIO_C_EARLY_12_v2_frozen"", ""peak_never_loser_min_peak"": 40.0, ""peak_never_loser_floor"": 10.0, ""thesis_fast_exit_unreal_pct"": -12.0, ""thesis_mfe_protect_pct"": 2.0, ""thesis_exit_if_above_unreal_pct"": 8.0, ""thesis_min_age_sec"": 300, ""thesis_score_flip_margin"": 1, ""thesis_early_decay_delta"": 2, ""early_fail_pct_threshold"": -32.0, ""type_a_first_candle_enabled"": false, ""type_a_early_fail_enabled"": false, ""scenario_c_exit_profile"": true, ""type_a_stall_enabled"": false, ""type_a_stall_min_age_sec"": 480, ""type_a_stall_min_candles"": 3, ""type_a_stall_max_mfe_pct"": 5.0, ""trend_weakening_enabled"": false, ""spread_penalty_threshold"": 5, ""spread_penalty_margin_mult"": 0.75}",2026-06-24T14:22:17.127803+00:00,2026-06-25 00:22:17 AEST,2026-06-25 00:22:17 AEST
2026-06-24T14:26:00.240305+00:00,cont-45c4e9377d14,SHORT,61320.0,61244.0,1.760339,12.39,15.0,7,1.86,1.86,0.0,0.0,-0.0,0.0,PROFIT_LOCK_LADDER,100,0.41,72,44.0,True,SIM_LIMIT,AI_DIRECT_LIMIT,,,,,0,BEAR,SR,70+,SPAWN,-3,-3,BEARISH_STRUCTURE,BEAR_ALIGNED,28.92,-4,3,10,4e-05,bitfinex,tBTCF0:USTF0,v10.6-melbourne-unified-2026-06-24,BITFINEX_ZERO,v10.6-melbourne-unified-2026-06-24,CONTINUOUS,Continuous AI Research,APPROVE,61280.0,0.034335,0.000719,NEAR_SUPPORT,-0.006591,0.457232,88.7,1.76034,-0.815395,15.981735,444.556,444.556,444.556,5-15m,AI_DIRECT,AI_DIRECT,0,,40.0,0.0,0.0,0.0,False,0.0,0.0,-2e-06,-5.7e-05,0.071357,7.406376,-45.112371,0.0,0.501252,61191.0,61784.646613,62198.115339,63224.181592,-0.006648,NEAR_SUPPORT,SHORT_PREFERRED,0.034335,0.000719,BEAR,3.0,44.0,0.0,100,5.2,True,True,APPROVE,72,"```json
{
  ""direction"": ""SHORT"",
  ""confidence"": 72,
  ""long_score"": 18,
  ""short_score"": 82,
  ""preferred_direction"": ""SHORT"",
  ""entry_zone_low"": 61250,
  ""entry_zone_high"": 61400,
  ""limit_price"": 61325,
  ""expected_mfe"": 180,
  ""expected_mae"": 120,
  ""reversal_probability"": 15,
  ""exit_style"": ""AGGRESSIVE"",
  ""reasons_for_trade"": [
    ""BEAR_ALIGNED multi-timeframe agreement (15m, 1h, 4h all bearish)"",
    ""Bearish structure with active LH/LL sequence and structure_score -3"",
    ""EMA stack bearish (price below all EMAs, EMA9 below EMA21 below EMA200)"",
    ""ADX 28.92 > 25 indicating strong trending conditions favoring continuation"",
    ""Trend health state BEAR with bear_score 10 vs bull_score 3"",
    ""Negative velocity and delta (-45) supporting bearish momentum"",
    ""Volume ratio elevated (7.4) confirming selling pressure"",
    ""Price near support (0.08% above recent low) but no reversal confirmation - continuation more likely"",
    ""Funding slightly positive (longs pay shorts) adding mild bearish bias""
  ],
  ""reasons_against_trade"": [
    ""Price is very close to recent low support (61147) - risk of bounce or liquidity grab"",
    ""Reversal risk score 15 indicates some potential for mean reversion"",
    ""Low distance to support (0.08%) means limited immediate downside before potential reaction"",
    ""Candle wick ratio 40% suggests some buying rejection at lows""
  ],
  ""bull_score"": 3,
  ""bear_score"": 10
}
```

Direction: SHORT
Win probability: 72
Long score: 18
Short score: 82
Bull score: 3
Bear score: 10
Decision: APPROVE
Reason: Strong bearish alignment across all trend hierarchy layers (MTF, structure, EMA, ADX) with no valid reversal confirmation. Price near support is a location context only - not a reason to go long. Short entry above current price (pullback to 61325) allows for better risk/reward while maintaining bearish bias. Aggressive exit style due to proximity to support zone.",61320.0,61244.0,MAKER,TAKER,0.024478,40.0,444.556,1.86,1.86,0.0,0.0,-0.0,0.0,12.39,105.620423,PROFIT_LOCK_LADDER,-45.112371,7.406376,-5.7e-05,0.501252,False,True,"{'price': 61191.0, 'ret_1m': 0.0, 'ret_5m': 4.902922141596391e-05, 'ema9': 61784.646613200006, 'ema21': 62198.11533904019, 'ema200': 63224.181591500936, 'dist_to_support': 0.0007190599924825547, 'dist_to_resistance': 0.03433511464104198, 'volume': 0.071356656, 'volume_ratio': 7.406376359947194, 'delta': -45.112370664998465, 'velocity': -5.715402685101582e-05, 'imbalance': 0.5012515044407965, 'candle_range': 88.7, 'body_ratio': 0.5987361781562894, 'wick_ratio': 0.4012638218437107}",5.2,"{'early_fail_enabled': True, 'invert_signal': False, 'ai_enabled': True, 'edge_threshold': 3.0, 'edge_threshold_max': None, 'edge_range_preset': 'min_only', 'ai_threshold': 44.0, 'leverage': 100, 'pullback_threshold': 0.001}","{'ema9': 61784.646613200006, 'ema21': 62198.11533904019, 'ema200': 63224.181591500936, 'ema_spread': -0.006648, 'ema9_slope_pct': -0.7949, 'ema21_slope_pct': -0.4908, 'ema9_above_ema21': False, 'ema21_above_ema200': False}",MOMENTUM_SHORT,5.2,5.2,False,True,INV_False_EF_True,SHORT,12,8,SCENARIO_C_EARLY_12_v2_frozen,40.0,10.0,-12.0,2.0,8.0,300,1,2,-32.0,False,False,True,False,480,3,5.0,False,5,0.75,"[[12, 8], [15, 10], [25, 18], [40, 28], [60, 45], [80, 60], [100, 75], [150, 120]]","{""trail_ladder"": [[12, 8], [15, 10], [25, 18], [40, 28], [60, 45], [80, 60], [100, 75], [150, 120]], ""ladder_first_trigger_pct"": 12, ""ladder_first_lock_pct"": 8, ""exit_profile_id"": ""SCENARIO_C_EARLY_12_v2_frozen"", ""peak_never_loser_min_peak"": 40.0, ""peak_never_loser_floor"": 10.0, ""thesis_fast_exit_unreal_pct"": -12.0, ""thesis_mfe_protect_pct"": 2.0, ""thesis_exit_if_above_unreal_pct"": 8.0, ""thesis_min_age_sec"": 300, ""thesis_score_flip_margin"": 1, ""thesis_early_decay_delta"": 2, ""early_fail_pct_threshold"": -32.0, ""type_a_first_candle_enabled"": false, ""type_a_early_fail_enabled"": false, ""scenario_c_exit_profile"": true, ""type_a_stall_enabled"": false, ""type_a_stall_min_age_sec"": 480, ""type_a_stall_min_candles"": 3, ""type_a_stall_max_mfe_pct"": 5.0, ""trend_weakening_enabled"": false, ""spread_penalty_threshold"": 5, ""spread_penalty_margin_mult"": 0.75}",2026-06-24T14:26:00.240305+00:00,2026-06-25 00:26:00 AEST,2026-06-25 00:26:00 AEST
2026-06-24T14:26:00.318800+00:00,c65c-f67d92a39978,SHORT,61325.0,61244.0,1.758805,13.21,15.0,7,1.98,1.98,0.0,0.0,-0.0,0.0,PROFIT_LOCK_LADDER,100,0.44,72,44.0,True,SIM_LIMIT,AI_DIRECT_LIMIT,,,,,0,BEAR,SR,70+,SPAWN,-3,-3,BEARISH_STRUCTURE,BEAR_ALIGNED,28.92,-4,3,10,4e-05,bitfinex,tBTCF0:USTF0,v10.6-melbourne-unified-2026-06-24,BITFINEX_ZERO,v10.6-melbourne-unified-2026-06-24,COMBO_65_SP5_CHASE_3PLUS,AI65+ · Spread5+ · Chase 3+,APPROVE,61280.0,0.034335,0.000719,NEAR_SUPPORT,-0.006591,1.0,88.7,1.758806,0.0,16.79576,443.552,443.552,443.552,5-15m,AI_DIRECT,AI_DIRECT,0,,45.0,0.0,0.0,0.0,False,0.0,0.0,-2e-06,-4.6e-05,0.049193,0.357545,-45.739789,0.0,0.504611,61163.0,61784.646613,62198.115339,63224.181592,-0.006648,NEAR_SUPPORT,SHORT_PREFERRED,0.034335,0.000719,BEAR,3.0,44.0,0.0,100,5.2,True,True,APPROVE,72,"```json
{
  ""direction"": ""SHORT"",
  ""confidence"": 72,
  ""long_score"": 18,
  ""short_score"": 82,
  ""preferred_direction"": ""SHORT"",
  ""entry_zone_low"": 61250,
  ""entry_zone_high"": 61400,
  ""limit_price"": 61325,
  ""expected_mfe"": 180,
  ""expected_mae"": 120,
  ""reversal_probability"": 15,
  ""exit_style"": ""AGGRESSIVE"",
  ""reasons_for_trade"": [
    ""BEAR_ALIGNED multi-timeframe agreement (15m, 1h, 4h all bearish)"",
    ""Bearish structure with active LH/LL sequence and structure_score -3"",
    ""EMA stack bearish (price below all EMAs, EMA9 below EMA21 below EMA200)"",
    ""ADX 28.92 > 25 indicating strong trending conditions favoring continuation"",
    ""Trend health state BEAR with bear_score 10 vs bull_score 3"",
    ""Negative velocity and delta (-45) supporting bearish momentum"",
    ""Volume ratio elevated (7.4) confirming selling pressure"",
    ""Price near support (0.08% above recent low) but no reversal confirmation - continuation more likely"",
    ""Funding slightly positive (longs pay shorts) adding mild bearish bias""
  ],
  ""reasons_against_trade"": [
    ""Price is very close to recent low support (61147) - risk of bounce or liquidity grab"",
    ""Reversal risk score 15 indicates some potential for mean reversion"",
    ""Low distance to support (0.08%) means limited immediate downside before potential reaction"",
    ""Candle wick ratio 40% suggests some buying rejection at lows""
  ],
  ""bull_score"": 3,
  ""bear_score"": 10
}
```

Direction: SHORT
Win probability: 72
Long score: 18
Short score: 82
Bull score: 3
Bear score: 10
Decision: APPROVE
Reason: Strong bearish alignment across all trend hierarchy layers (MTF, structure, EMA, ADX) with no valid reversal confirmation. Price near support is a location context only - not a reason to go long. Short entry above current price (pullback to 61325) allows for better risk/reward while maintaining bearish bias. Aggressive exit style due to proximity to support zone.",61325.0,61244.0,MAKER,TAKER,0.024478,45.0,443.552,1.98,1.98,0.0,0.0,-0.0,0.0,13.21,105.528424,PROFIT_LOCK_LADDER,-45.739789,0.357545,-4.6e-05,0.504611,False,True,"{'price': 61163.0, 'ret_1m': 0.0, 'ret_5m': -0.001028974618626074, 'ema9': 61784.646613200006, 'ema21': 62198.11533904019, 'ema200': 63224.181591500936, 'dist_to_support': 0.0007190599924825547, 'dist_to_resistance': 0.03433511464104198, 'volume': 0.049192828, 'volume_ratio': 0.35754463754769217, 'delta': -45.73978886999846, 'velocity': -4.5762476106917115e-05, 'imbalance': 0.5046110818936809, 'candle_range': 88.7, 'body_ratio': 0.5987361781562894, 'wick_ratio': 0.4012638218437107}",5.2,"{'early_fail_enabled': True, 'invert_signal': False, 'ai_enabled': True, 'edge_threshold': 3.0, 'edge_threshold_max': None, 'edge_range_preset': 'min_only', 'ai_threshold': 44.0, 'leverage': 100, 'pullback_threshold': 0.001}","{'ema9': 61784.646613200006, 'ema21': 62198.11533904019, 'ema200': 63224.181591500936, 'ema_spread': -0.006648, 'ema9_slope_pct': -0.7949, 'ema21_slope_pct': -0.4908, 'ema9_above_ema21': False, 'ema21_above_ema200': False}",MOMENTUM_SHORT,5.2,5.2,False,True,INV_False_EF_True,SHORT,12,8,SCENARIO_C_EARLY_12_v2_frozen,40.0,10.0,-12.0,2.0,8.0,300,1,2,-32.0,False,False,True,False,480,3,5.0,False,5,0.75,"[[12, 8], [15, 10], [25, 18], [40, 28], [60, 45], [80, 60], [100, 75], [150, 120]]","{""trail_ladder"": [[12, 8], [15, 10], [25, 18], [40, 28], [60, 45], [80, 60], [100, 75], [150, 120]], ""ladder_first_trigger_pct"": 12, ""ladder_first_lock_pct"": 8, ""exit_profile_id"": ""SCENARIO_C_EARLY_12_v2_frozen"", ""peak_never_loser_min_peak"": 40.0, ""peak_never_loser_floor"": 10.0, ""thesis_fast_exit_unreal_pct"": -12.0, ""thesis_mfe_protect_pct"": 2.0, ""thesis_exit_if_above_unreal_pct"": 8.0, ""thesis_min_age_sec"": 300, ""thesis_score_flip_margin"": 1, ""thesis_early_decay_delta"": 2, ""early_fail_pct_threshold"": -32.0, ""type_a_first_candle_enabled"": false, ""type_a_early_fail_enabled"": false, ""scenario_c_exit_profile"": true, ""type_a_stall_enabled"": false, ""type_a_stall_min_age_sec"": 480, ""type_a_stall_min_candles"": 3, ""type_a_stall_max_mfe_pct"": 5.0, ""trend_weakening_enabled"": false, ""spread_penalty_threshold"": 5, ""spread_penalty_margin_mult"": 0.75}",2026-06-24T14:26:00.318800+00:00,2026-06-25 00:26:00 AEST,2026-06-25 00:26:00 AEST
2026-06-24T15:03:55.280024+00:00,cont-42f92963f968,SHORT,61095.0,61008.27,6.295749,14.2,15.0,6,2.13,2.13,0.0,0.0,-0.0,0.0,PROFIT_LOCK_LADDER,100,0.47,68,44.0,True,SIM_LIMIT,AI_DIRECT_LIMIT,,,,,0,BEAR,SR,60-70,SPAWN,-6,-6,BEARISH_STRUCTURE,BEAR_ALIGNED,32.72,-7,2,8,4e-05,bitfinex,tBTCF0:USTF0,v10.6-melbourne-unified-2026-06-24,BITFINEX_ZERO,v10.6-melbourne-unified-2026-06-24,CONTINUOUS,Continuous AI Research,APPROVE,61049.0,0.037965,0.001214,NEAR_SUPPORT,-0.007664,0.852459,69.5,6.295749,-16.531631,19.477862,124.156,124.156,124.156,0-5m,AI_DIRECT,AI_DIRECT,0,,46.0,0.0,0.1294,0.1294,False,0.0,0.0,-9e-06,8e-05,0.067067,0.172029,-67.3889,0.0,0.455479,61026.0,61541.709832,62010.479995,63187.433218,-0.00756,NEAR_SUPPORT,SHORT_PREFERRED,0.037965,0.001214,BEAR,3.0,44.0,0.0,100,4.8,True,True,APPROVE,68,"```json
{
  ""direction"": ""SHORT"",
  ""confidence"": 68,
  ""long_score"": 18,
  ""short_score"": 82,
  ""preferred_direction"": ""SHORT"",
  ""entry_zone_low"": 61050,
  ""entry_zone_high"": 61150,
  ""limit_price"": 61100,
  ""expected_mfe"": 120,
  ""expected_mae"": 80,
  ""reversal_probability"": 63,
  ""exit_style"": ""AGGRESSIVE"",
  ""reasons_for_trade"": [
    ""Multi-timeframe agreement is BEAR_ALIGNED across 15m, 1h, 4h"",
    ""Market structure bias is BEARISH_STRUCTURE with active LH-LL sequence"",
    ""EMA stack is bearish (price below all EMAs, EMA9 below EMA21, EMA21 below EMA200)"",
    ""ADX at 32.72 (>25) confirms trending market favoring continuation"",
    ""Trend health state is BEAR with bear_score 11 vs bull_score 3"",
    ""Orderflow shows negative delta (-67.6) and low volume ratio (0.0075) suggesting weak buying"",
    ""Price is near support (0.21% away) but structure and trend strongly favor breakdown continuation"",
    ""Funding rate positive (4.5e-07) favors shorts, consistent with bearish sentiment""
  ],
  ""reasons_against_trade"": [
    ""Price is very close to micro support at 60903, increasing bounce risk"",
    ""Reversal probability score is 63, indicating some risk of mean reversion"",
    ""Volume is extremely low (volume_ratio 0.0075), could precede a squeeze"",
    ""Entry near support historically reduces short expectancy without strong continuation catalyst""
  ],
  ""bull_score"": 2,
  ""bear_score"": 8
}
```

**Direction:** SHORT  
**Win probability:** 68%  
**Long score:** 18  
**Short score:** 82  
**Bull score:** 2/10  
**Bear score:** 8/10  
**Decision:** APPROVE  

**Reason:** The trend hierarchy strongly favors bearish continuation: all three timeframes (15m, 1h, 4h) are BEAR_ALIGNED, market structure is bearish with active lower-high/lower-low sequence, EMA stack is fully bearish, ADX > 25 confirms trending conditions, and orderflow shows negative delta. Price is near support (60903), but this is a location context only - the dominant trend and structure suggest support will break. The reversal probability of 63 is noted but insufficient to override the strong bearish alignment. Entry is set above current price (pullback to 61100) to avoid chasing into support. Exit style is AGGRESSIVE given proximity to support and potential for a snap-back.",61095.0,61008.27,MAKER,TAKER,0.02457,46.0,124.156,2.13,2.13,0.0,0.0,-0.0,0.0,14.2,377.745008,PROFIT_LOCK_LADDER,-67.3889,0.172029,8e-05,0.455479,False,True,"{'price': 61026.0, 'ret_1m': 0.0, 'ret_5m': 0.00042622950819672133, 'ema9': 61541.709832448, 'ema21': 62010.4799947146, 'ema200': 63187.43321810414, 'dist_to_support': 0.0012135723305508634, 'dist_to_resistance': 0.0379651343949358, 'volume': 0.067067148, 'volume_ratio': 0.17202935163930985, 'delta': -67.38889976399992, 'velocity': 8.034101966257026e-05, 'imbalance': 0.4554787537418449, 'candle_range': 69.5, 'body_ratio': 0.7461261817846122, 'wick_ratio': 0.2538738182153878}",4.8,"{'early_fail_enabled': True, 'invert_signal': False, 'ai_enabled': True, 'edge_threshold': 3.0, 'edge_threshold_max': None, 'edge_range_preset': 'min_only', 'ai_threshold': 44.0, 'leverage': 100, 'pullback_threshold': 0.001}","{'ema9': 61541.709832448, 'ema21': 62010.4799947146, 'ema200': 63187.43321810414, 'ema_spread': -0.00756, 'ema9_slope_pct': -0.6227, 'ema21_slope_pct': -0.4592, 'ema9_above_ema21': False, 'ema21_above_ema200': False}",WEAK_SETUP,4.8,4.8,False,True,INV_False_EF_True,SHORT,12,8,SCENARIO_C_EARLY_12_v2_frozen,40.0,10.0,-12.0,2.0,8.0,300,1,2,-32.0,False,False,True,False,480,3,5.0,False,5,0.75,"[[12, 8], [15, 10], [25, 18], [40, 28], [60, 45], [80, 60], [100, 75], [150, 120]]","{""trail_ladder"": [[12, 8], [15, 10], [25, 18], [40, 28], [60, 45], [80, 60], [100, 75], [150, 120]], ""ladder_first_trigger_pct"": 12, ""ladder_first_lock_pct"": 8, ""exit_profile_id"": ""SCENARIO_C_EARLY_12_v2_frozen"", ""peak_never_loser_min_peak"": 40.0, ""peak_never_loser_floor"": 10.0, ""thesis_fast_exit_unreal_pct"": -12.0, ""thesis_mfe_protect_pct"": 2.0, ""thesis_exit_if_above_unreal_pct"": 8.0, ""thesis_min_age_sec"": 300, ""thesis_score_flip_margin"": 1, ""thesis_early_decay_delta"": 2, ""early_fail_pct_threshold"": -32.0, ""type_a_first_candle_enabled"": false, ""type_a_early_fail_enabled"": false, ""scenario_c_exit_profile"": true, ""type_a_stall_enabled"": false, ""type_a_stall_min_age_sec"": 480, ""type_a_stall_min_candles"": 3, ""type_a_stall_max_mfe_pct"": 5.0, ""trend_weakening_enabled"": false, ""spread_penalty_threshold"": 5, ""spread_penalty_margin_mult"": 0.75}",2026-06-24T15:03:55.280024+00:00,2026-06-25 01:03:55 AEST,2026-06-25 01:03:55 AEST
2026-06-24T15:03:55.602941+00:00,c65c-5cfc35b89a0c,SHORT,61100.0,61008.27,5.94432,15.01,15.0,6,2.25,2.25,0.0,0.0,-0.0,0.0,PROFIT_LOCK_LADDER,100,0.5,68,44.0,True,SIM_LIMIT,AI_DIRECT_LIMIT,,,,,0,BEAR,SR,60-70,SPAWN,-6,-6,BEARISH_STRUCTURE,BEAR_ALIGNED,32.72,-7,2,8,4e-05,bitfinex,tBTCF0:USTF0,v10.6-melbourne-unified-2026-06-24,BITFINEX_ZERO,v10.6-melbourne-unified-2026-06-24,COMBO_65_SP5_CHASE_3PLUS,AI65+ · Spread5+ · Chase 3+,APPROVE,61049.0,0.037965,0.001214,NEAR_SUPPORT,-0.007664,0.852459,69.5,5.944321,-15.711948,20.294599,145.234,145.234,145.234,0-5m,AI_DIRECT,AI_DIRECT,0,,51.0,0.0,0.1294,0.1294,False,0.0,0.0,-8e-06,8e-05,0.067067,0.172029,-67.3889,0.0,0.455479,61026.0,61541.709832,62010.479995,63187.433218,-0.00756,NEAR_SUPPORT,SHORT_PREFERRED,0.037965,0.001214,BEAR,3.0,44.0,0.0,100,4.8,True,True,APPROVE,68,"```json
{
  ""direction"": ""SHORT"",
  ""confidence"": 68,
  ""long_score"": 18,
  ""short_score"": 82,
  ""preferred_direction"": ""SHORT"",
  ""entry_zone_low"": 61050,
  ""entry_zone_high"": 61150,
  ""limit_price"": 61100,
  ""expected_mfe"": 120,
  ""expected_mae"": 80,
  ""reversal_probability"": 63,
  ""exit_style"": ""AGGRESSIVE"",
  ""reasons_for_trade"": [
    ""Multi-timeframe agreement is BEAR_ALIGNED across 15m, 1h, 4h"",
    ""Market structure bias is BEARISH_STRUCTURE with active LH-LL sequence"",
    ""EMA stack is bearish (price below all EMAs, EMA9 below EMA21, EMA21 below EMA200)"",
    ""ADX at 32.72 (>25) confirms trending market favoring continuation"",
    ""Trend health state is BEAR with bear_score 11 vs bull_score 3"",
    ""Orderflow shows negative delta (-67.6) and low volume ratio (0.0075) suggesting weak buying"",
    ""Price is near support (0.21% away) but structure and trend strongly favor breakdown continuation"",
    ""Funding rate positive (4.5e-07) favors shorts, consistent with bearish sentiment""
  ],
  ""reasons_against_trade"": [
    ""Price is very close to micro support at 60903, increasing bounce risk"",
    ""Reversal probability score is 63, indicating some risk of mean reversion"",
    ""Volume is extremely low (volume_ratio 0.0075), could precede a squeeze"",
    ""Entry near support historically reduces short expectancy without strong continuation catalyst""
  ],
  ""bull_score"": 2,
  ""bear_score"": 8
}
```

**Direction:** SHORT  
**Win probability:** 68%  
**Long score:** 18  
**Short score:** 82  
**Bull score:** 2/10  
**Bear score:** 8/10  
**Decision:** APPROVE  

**Reason:** The trend hierarchy strongly favors bearish continuation: all three timeframes (15m, 1h, 4h) are BEAR_ALIGNED, market structure is bearish with active lower-high/lower-low sequence, EMA stack is fully bearish, ADX > 25 confirms trending conditions, and orderflow shows negative delta. Price is near support (60903), but this is a location context only - the dominant trend and structure suggest support will break. The reversal probability of 63 is noted but insufficient to override the strong bearish alignment. Entry is set above current price (pullback to 61100) to avoid chasing into support. Exit style is AGGRESSIVE given proximity to support and potential for a snap-back.",61100.0,61008.27,MAKER,TAKER,0.02457,51.0,145.234,2.25,2.25,0.0,0.0,-0.0,0.0,15.01,356.659311,PROFIT_LOCK_LADDER,-67.3889,0.172029,8e-05,0.455479,False,True,"{'price': 61026.0, 'ret_1m': 0.0, 'ret_5m': 0.00042622950819672133, 'ema9': 61541.709832448, 'ema21': 62010.4799947146, 'ema200': 63187.43321810414, 'dist_to_support': 0.0012135723305508634, 'dist_to_resistance': 0.0379651343949358, 'volume': 0.067067148, 'volume_ratio': 0.17202935163930985, 'delta': -67.38889976399992, 'velocity': 8.034101966257026e-05, 'imbalance': 0.4554787537418449, 'candle_range': 69.5, 'body_ratio': 0.7461261817846122, 'wick_ratio': 0.2538738182153878}",4.8,"{'early_fail_enabled': True, 'invert_signal': False, 'ai_enabled': True, 'edge_threshold': 3.0, 'edge_threshold_max': None, 'edge_range_preset': 'min_only', 'ai_threshold': 44.0, 'leverage': 100, 'pullback_threshold': 0.001}","{'ema9': 61541.709832448, 'ema21': 62010.4799947146, 'ema200': 63187.43321810414, 'ema_spread': -0.00756, 'ema9_slope_pct': -0.6227, 'ema21_slope_pct': -0.4592, 'ema9_above_ema21': False, 'ema21_above_ema200': False}",WEAK_SETUP,4.8,4.8,False,True,INV_False_EF_True,SHORT,12,8,SCENARIO_C_EARLY_12_v2_frozen,40.0,10.0,-12.0,2.0,8.0,300,1,2,-32.0,False,False,True,False,480,3,5.0,False,5,0.75,"[[12, 8], [15, 10], [25, 18], [40, 28], [60, 45], [80, 60], [100, 75], [150, 120]]","{""trail_ladder"": [[12, 8], [15, 10], [25, 18], [40, 28], [60, 45], [80, 60], [100, 75], [150, 120]], ""ladder_first_trigger_pct"": 12, ""ladder_first_lock_pct"": 8, ""exit_profile_id"": ""SCENARIO_C_EARLY_12_v2_frozen"", ""peak_never_loser_min_peak"": 40.0, ""peak_never_loser_floor"": 10.0, ""thesis_fast_exit_unreal_pct"": -12.0, ""thesis_mfe_protect_pct"": 2.0, ""thesis_exit_if_above_unreal_pct"": 8.0, ""thesis_min_age_sec"": 300, ""thesis_score_flip_margin"": 1, ""thesis_early_decay_delta"": 2, ""early_fail_pct_threshold"": -32.0, ""type_a_first_candle_enabled"": false, ""type_a_early_fail_enabled"": false, ""scenario_c_exit_profile"": true, ""type_a_stall_enabled"": false, ""type_a_stall_min_age_sec"": 480, ""type_a_stall_min_candles"": 3, ""type_a_stall_max_mfe_pct"": 5.0, ""trend_weakening_enabled"": false, ""spread_penalty_threshold"": 5, ""spread_penalty_margin_mult"": 0.75}",2026-06-24T15:03:55.602941+00:00,2026-06-25 01:03:55 AEST,2026-06-25 01:03:55 AEST
2026-06-24T15:22:41.452023+00:00,cont-098d36efc109,SHORT,60989.2,61157.0,4.218425,-27.51,15.0,7,-4.13,-4.13,0.0,0.0,-0.0,0.0,STOP_LOSS,100,0.92,68,44.0,True,SIM_LIMIT,AI_DIRECT_LIMIT,,,,,0,BEAR,SR,60-70,SPAWN,-6,-6,BEARISH_STRUCTURE,BEAR_ALIGNED,34.59,-7,2,9,4e-05,bitfinex,tBTCF0:USTF0,v10.6-melbourne-unified-2026-06-24,BITFINEX_ZERO,v10.6-melbourne-unified-2026-06-24,CONTINUOUS,Continuous AI Research,APPROVE,60960.0,0.038834,0.000739,NEAR_SUPPORT,-0.007707,0.105066,68.4,4.218426,-30.136483,6.591331,195.605,195.605,195.605,0-5m,AI_DIRECT,AI_DIRECT,0,,29.2,0.0934,0.0,0.0934,False,0.0,0.0,-6e-06,1.3e-05,0.0103,0.15833,-65.799923,0.0,0.424583,60926.0,61450.927866,61927.849582,63168.457708,-0.007701,NEAR_SUPPORT,SHORT_PREFERRED,0.038834,0.000739,BEAR,3.0,44.0,0.0,100,5.6,True,True,APPROVE,68,"```json
{
  ""direction"": ""SHORT"",
  ""confidence"": 68,
  ""long_score"": 15,
  ""short_score"": 82,
  ""preferred_direction"": ""SHORT"",
  ""entry_zone_low"": 60950,
  ""entry_zone_high"": 61100,
  ""limit_price"": 61025,
  ""expected_mfe"": 120,
  ""expected_mae"": 80,
  ""reversal_probability"": 25,
  ""exit_style"": ""AGGRESSIVE"",
  ""reasons_for_trade"": [
    ""BEAR_ALIGNED multi-timeframe agreement across 15m, 1h, 4h"",
    ""Bearish EMA stack (price below all EMAs, EMA9 below EMA21, EMA21 below EMA200)"",
    ""ADX 34.59 confirms strong trending market favoring continuation"",
    ""Market structure bias BEARISH with active LH/LL sequence"",
    ""Trend health state BEAR with bear_score 11 vs bull_score 3"",
    ""Negative velocity and delta confirm selling pressure"",
    ""Volume ratio elevated (1.59) supporting bearish momentum"",
    ""Funding positive (longs pay shorts) favors short positioning"",
    ""Price near micro support (60903) but no reversal confirmation - continuation risk high""
  ],
  ""reasons_against_trade"": [
    ""Price extremely close to support (0.08% above recent low) - bounce risk elevated"",
    ""Reversal probability at 25% suggests non-trivial snap-back potential"",
    ""Entry near support historically reduces short expectancy without strong continuation"",
    ""Candle range narrow with small wicks - possible compression before expansion""
  ],
  ""bull_score"": 2,
  ""bear_score"": 9
}
```

**Direction:** SHORT  
**Win probability:** 68%  
**Long score:** 15  
**Short score:** 82  
**Bull score:** 2/10  
**Bear score:** 9/10  
**Decision:** APPROVE  

**Reason:** The trend hierarchy overwhelmingly favors bearish continuation - BEAR_ALIGNED MTF, bearish EMA stack, ADX > 25 trending, negative orderflow, and intact LH/LL structure. Price is near support (60903), but there is no reversal confirmation (no higher low, no structure shift, no momentum expansion upward). The short score (82) far exceeds the long score (15) by more than the required +5 threshold. Entry is set slightly above current price (61025) to allow for a minor pullback before continuation, with aggressive exit given proximity to support. The bounce risk is acknowledged but outweighed by the strong bearish conviction across all hierarchical layers.",60989.2,61157.0,MAKER,TAKER,0.024606,29.2,195.605,-4.13,-4.13,0.0,0.0,-0.0,0.0,-27.51,253.105616,STOP_LOSS,-65.799923,0.15833,1.3e-05,0.424583,False,True,"{'price': 60926.0, 'ret_1m': 0.0, 'ret_5m': -4.923763724991383e-05, 'ema9': 61450.9278659584, 'ema21': 61927.849581976014, 'ema200': 63168.45770795913, 'dist_to_support': 0.0007386009257131603, 'dist_to_resistance': 0.03883399533860749, 'volume': 0.010300382, 'volume_ratio': 0.15833032189061097, 'delta': -65.79992291700066, 'velocity': 1.3133269700163188e-05, 'imbalance': 0.4245825018157604, 'candle_range': 68.4, 'body_ratio': 0.7532690389274693, 'wick_ratio': 0.24673096107253065}",5.6,"{'early_fail_enabled': True, 'invert_signal': False, 'ai_enabled': True, 'edge_threshold': 3.0, 'edge_threshold_max': None, 'edge_range_preset': 'min_only', 'ai_threshold': 44.0, 'leverage': 100, 'pullback_threshold': 0.001}","{'ema9': 61450.9278659584, 'ema21': 61927.849581976014, 'ema200': 63168.45770795913, 'ema_spread': -0.007701, 'ema9_slope_pct': -0.5456, 'ema21_slope_pct': -0.437, 'ema9_above_ema21': False, 'ema21_above_ema200': False}",WEAK_SETUP,5.6,5.6,False,True,INV_False_EF_True,SHORT,12,8,SCENARIO_C_EARLY_12_v2_frozen,40.0,10.0,-12.0,2.0,8.0,300,1,2,-32.0,False,False,True,False,480,3,5.0,False,5,0.75,"[[12, 8], [15, 10], [25, 18], [40, 28], [60, 45], [80, 60], [100, 75], [150, 120]]","{""trail_ladder"": [[12, 8], [15, 10], [25, 18], [40, 28], [60, 45], [80, 60], [100, 75], [150, 120]], ""ladder_first_trigger_pct"": 12, ""ladder_first_lock_pct"": 8, ""exit_profile_id"": ""SCENARIO_C_EARLY_12_v2_frozen"", ""peak_never_loser_min_peak"": 40.0, ""peak_never_loser_floor"": 10.0, ""thesis_fast_exit_unreal_pct"": -12.0, ""thesis_mfe_protect_pct"": 2.0, ""thesis_exit_if_above_unreal_pct"": 8.0, ""thesis_min_age_sec"": 300, ""thesis_score_flip_margin"": 1, ""thesis_early_decay_delta"": 2, ""early_fail_pct_threshold"": -32.0, ""type_a_first_candle_enabled"": false, ""type_a_early_fail_enabled"": false, ""scenario_c_exit_profile"": true, ""type_a_stall_enabled"": false, ""type_a_stall_min_age_sec"": 480, ""type_a_stall_min_candles"": 3, ""type_a_stall_max_mfe_pct"": 5.0, ""trend_weakening_enabled"": false, ""spread_penalty_threshold"": 5, ""spread_penalty_margin_mult"": 0.75}",2026-06-24T15:22:41.452023+00:00,2026-06-25 01:22:41 AEST,2026-06-25 01:22:41 AEST
2026-06-24T15:22:41.974113+00:00,c65c-0b584b0f0da2,SHORT,60989.2,61187.0,4.221856,-32.43,15.0,7,-4.86,-4.86,0.0,0.0,-0.0,0.0,STOP_LOSS,100,1.08,68,44.0,True,SIM_LIMIT,AI_DIRECT_LIMIT,,,,,0,BEAR,SR,60-70,SPAWN,-6,-6,BEARISH_STRUCTURE,BEAR_ALIGNED,34.59,-7,2,9,4e-05,bitfinex,tBTCF0:USTF0,v10.6-melbourne-unified-2026-06-24,BITFINEX_ZERO,v10.6-melbourne-unified-2026-06-24,COMBO_65_SP5_CHASE_3PLUS,AI65+ · Spread5+ · Chase 3+,APPROVE,60970.0,0.038834,0.000739,NEAR_SUPPORT,-0.007707,0.105066,68.4,4.221857,-30.136483,6.591331,195.732,195.732,195.732,0-5m,AI_DIRECT,AI_DIRECT,0,,19.2,0.0934,0.0,0.0934,False,0.0,0.0,-6e-06,1.3e-05,0.0103,0.15833,-65.799923,0.0,0.424583,60926.0,61450.927866,61927.849582,63168.457708,-0.007701,NEAR_SUPPORT,SHORT_PREFERRED,0.038834,0.000739,BEAR,3.0,44.0,0.0,100,5.6,True,True,APPROVE,68,"```json
{
  ""direction"": ""SHORT"",
  ""confidence"": 68,
  ""long_score"": 15,
  ""short_score"": 82,
  ""preferred_direction"": ""SHORT"",
  ""entry_zone_low"": 60950,
  ""entry_zone_high"": 61100,
  ""limit_price"": 61025,
  ""expected_mfe"": 120,
  ""expected_mae"": 80,
  ""reversal_probability"": 25,
  ""exit_style"": ""AGGRESSIVE"",
  ""reasons_for_trade"": [
    ""BEAR_ALIGNED multi-timeframe agreement across 15m, 1h, 4h"",
    ""Bearish EMA stack (price below all EMAs, EMA9 below EMA21, EMA21 below EMA200)"",
    ""ADX 34.59 confirms strong trending market favoring continuation"",
    ""Market structure bias BEARISH with active LH/LL sequence"",
    ""Trend health state BEAR with bear_score 11 vs bull_score 3"",
    ""Negative velocity and delta confirm selling pressure"",
    ""Volume ratio elevated (1.59) supporting bearish momentum"",
    ""Funding positive (longs pay shorts) favors short positioning"",
    ""Price near micro support (60903) but no reversal confirmation - continuation risk high""
  ],
  ""reasons_against_trade"": [
    ""Price extremely close to support (0.08% above recent low) - bounce risk elevated"",
    ""Reversal probability at 25% suggests non-trivial snap-back potential"",
    ""Entry near support historically reduces short expectancy without strong continuation"",
    ""Candle range narrow with small wicks - possible compression before expansion""
  ],
  ""bull_score"": 2,
  ""bear_score"": 9
}
```

**Direction:** SHORT  
**Win probability:** 68%  
**Long score:** 15  
**Short score:** 82  
**Bull score:** 2/10  
**Bear score:** 9/10  
**Decision:** APPROVE  

**Reason:** The trend hierarchy overwhelmingly favors bearish continuation - BEAR_ALIGNED MTF, bearish EMA stack, ADX > 25 trending, negative orderflow, and intact LH/LL structure. Price is near support (60903), but there is no reversal confirmation (no higher low, no structure shift, no momentum expansion upward). The short score (82) far exceeds the long score (15) by more than the required +5 threshold. Entry is set slightly above current price (61025) to allow for a minor pullback before continuation, with aggressive exit given proximity to support. The bounce risk is acknowledged but outweighed by the strong bearish conviction across all hierarchical layers.",60989.2,61187.0,MAKER,TAKER,0.024602,19.2,195.732,-4.86,-4.86,0.0,0.0,-0.0,0.0,-32.43,253.311479,STOP_LOSS,-65.799923,0.15833,1.3e-05,0.424583,False,True,"{'price': 60926.0, 'ret_1m': 0.0, 'ret_5m': -4.923763724991383e-05, 'ema9': 61450.9278659584, 'ema21': 61927.849581976014, 'ema200': 63168.45770795913, 'dist_to_support': 0.0007386009257131603, 'dist_to_resistance': 0.03883399533860749, 'volume': 0.010300382, 'volume_ratio': 0.15833032189061097, 'delta': -65.79992291700066, 'velocity': 1.3133269700163188e-05, 'imbalance': 0.4245825018157604, 'candle_range': 68.4, 'body_ratio': 0.7532690389274693, 'wick_ratio': 0.24673096107253065}",5.6,"{'early_fail_enabled': True, 'invert_signal': False, 'ai_enabled': True, 'edge_threshold': 3.0, 'edge_threshold_max': None, 'edge_range_preset': 'min_only', 'ai_threshold': 44.0, 'leverage': 100, 'pullback_threshold': 0.001}","{'ema9': 61450.9278659584, 'ema21': 61927.849581976014, 'ema200': 63168.45770795913, 'ema_spread': -0.007701, 'ema9_slope_pct': -0.5456, 'ema21_slope_pct': -0.437, 'ema9_above_ema21': False, 'ema21_above_ema200': False}",WEAK_SETUP,5.6,5.6,False,True,INV_False_EF_True,SHORT,12,8,SCENARIO_C_EARLY_12_v2_frozen,40.0,10.0,-12.0,2.0,8.0,300,1,2,-32.0,False,False,True,False,480,3,5.0,False,5,0.75,"[[12, 8], [15, 10], [25, 18], [40, 28], [60, 45], [80, 60], [100, 75], [150, 120]]","{""trail_ladder"": [[12, 8], [15, 10], [25, 18], [40, 28], [60, 45], [80, 60], [100, 75], [150, 120]], ""ladder_first_trigger_pct"": 12, ""ladder_first_lock_pct"": 8, ""exit_profile_id"": ""SCENARIO_C_EARLY_12_v2_frozen"", ""peak_never_loser_min_peak"": 40.0, ""peak_never_loser_floor"": 10.0, ""thesis_fast_exit_unreal_pct"": -12.0, ""thesis_mfe_protect_pct"": 2.0, ""thesis_exit_if_above_unreal_pct"": 8.0, ""thesis_min_age_sec"": 300, ""thesis_score_flip_margin"": 1, ""thesis_early_decay_delta"": 2, ""early_fail_pct_threshold"": -32.0, ""type_a_first_candle_enabled"": false, ""type_a_early_fail_enabled"": false, ""scenario_c_exit_profile"": true, ""type_a_stall_enabled"": false, ""type_a_stall_min_age_sec"": 480, ""type_a_stall_min_candles"": 3, ""type_a_stall_max_mfe_pct"": 5.0, ""trend_weakening_enabled"": false, ""spread_penalty_threshold"": 5, ""spread_penalty_margin_mult"": 0.75}",2026-06-24T15:22:41.974113+00:00,2026-06-25 01:22:41 AEST,2026-06-25 01:22:41 AEST
2026-06-24T16:14:09.311937+00:00,cont-0695dfa6b217,SHORT,60395.0,60549.0,6.80536,-25.5,15.0,6,-3.82,-3.82,0.0,0.0,-0.0,-0.0,STOP_LOSS,100,0.85,68,44.0,True,SIM_LIMIT,AI_DIRECT_LIMIT,,,,,0,BEAR,SR,60-70,SPAWN,-6,-6,BEARISH_STRUCTURE,BEAR_ALIGNED,42.58,-7,2,8,0.0004,bitfinex,tBTCF0:USTF0,v10.6-melbourne-unified-2026-06-24,BITFINEX_ZERO,v10.6-melbourne-unified-2026-06-24,CONTINUOUS,Continuous AI Research,APPROVE,60354.0,0.048801,0.001177,NEAR_SUPPORT,-0.009401,0.69556,84.6,6.80536,-30.466098,2.318073,374.288,374.288,374.288,5-15m,AI_DIRECT,AI_DIRECT,0,,41.0,0.0,0.0,0.0,False,0.0,0.0,-8.5e-05,4.3e-05,0.001695,0.185859,-73.306663,0.0,0.363099,60362.0,60878.646294,61477.568373,63067.87126,-0.009742,NEAR_SUPPORT,SHORT_PREFERRED,0.048801,0.001177,BEAR,3.0,44.0,0.0,100,5.6,True,True,APPROVE,68,"```json
{
  ""direction"": ""SHORT"",
  ""confidence"": 68,
  ""long_score"": 18,
  ""short_score"": 82,
  ""preferred_direction"": ""SHORT"",
  ""entry_zone_low"": 60350,
  ""entry_zone_high"": 60450,
  ""limit_price"": 60400,
  ""expected_mfe"": 120,
  ""expected_mae"": 80,
  ""reversal_probability"": 43,
  ""exit_style"": ""AGGRESSIVE"",
  ""reasons_for_trade"": [
    ""BEAR_ALIGNED multi-timeframe agreement (15m, 1h, 4h all bearish)"",
    ""Bearish EMA stack (price below all EMAs, EMA9 below EMA21, EMA21 below EMA200)"",
    ""ADX 42.58 (>25) confirms strong trending bear market, favoring continuation"",
    ""Market structure is BEARISH with LH/LL sequence active and structure_score -6"",
    ""Trend health state is BEAR with bear_score 11 vs bull_score 3"",
    ""Negative velocity and delta (-73.3) support bearish orderflow"",
    ""Price is near support (0.1% away) but no reversal confirmation - continuation more likely"",
    ""Funding rate positive (3.99e-06) favors shorts, longs paying""
  ],
  ""reasons_against_trade"": [
    ""Price is very close to support (0.1% dist) - bounce risk elevated"",
    ""Reversal probability 43% suggests non-trivial chance of mean reversion"",
    ""Volume ratio very low (0.045) - low participation could lead to erratic moves"",
    ""Edge score (5.6) above threshold but not extreme"",
    ""Market in COMPRESSION regime - may lack momentum for large continuation""
  ],
  ""bull_score"": 2,
  ""bear_score"": 8
}
```",60395.0,60549.0,MAKER,TAKER,0.024853,41.0,374.288,-3.82,-3.82,0.0,0.0,-0.0,-0.0,-25.5,408.321676,STOP_LOSS,-73.306663,0.185859,4.3e-05,0.363099,False,True,"{'price': 60362.0, 'ret_1m': 0.0, 'ret_5m': -0.0003477800043058477, 'ema9': 60878.64629389657, 'ema21': 61477.56837286646, 'ema200': 63067.871259643136, 'dist_to_support': 0.0011765290735247817, 'dist_to_resistance': 0.04880110030324623, 'volume': 0.0016946539999999999, 'volume_ratio': 0.1858588385765433, 'delta': -73.30666321000304, 'velocity': 4.3090012878831555e-05, 'imbalance': 0.3630988280266646, 'candle_range': 84.6, 'body_ratio': 0.6496351869901564, 'wick_ratio': 0.35036481300984346}",5.6,"{'early_fail_enabled': True, 'invert_signal': False, 'ai_enabled': True, 'edge_threshold': 3.0, 'edge_threshold_max': None, 'edge_range_preset': 'min_only', 'ai_threshold': 44.0, 'leverage': 100, 'pullback_threshold': 0.001}","{'ema9': 60878.64629389657, 'ema21': 61477.56837286646, 'ema200': 63067.871259643136, 'ema_spread': -0.009742, 'ema9_slope_pct': -0.7412, 'ema21_slope_pct': -0.5707, 'ema9_above_ema21': False, 'ema21_above_ema200': False}",WEAK_SETUP,5.6,5.6,False,True,INV_False_EF_True,SHORT,12,8,SCENARIO_C_EARLY_12_v2_frozen,40.0,10.0,-12.0,2.0,8.0,300,1,2,-32.0,False,False,True,False,480,3,5.0,False,5,0.75,"[[12, 8], [15, 10], [25, 18], [40, 28], [60, 45], [80, 60], [100, 75], [150, 120]]","{""trail_ladder"": [[12, 8], [15, 10], [25, 18], [40, 28], [60, 45], [80, 60], [100, 75], [150, 120]], ""ladder_first_trigger_pct"": 12, ""ladder_first_lock_pct"": 8, ""exit_profile_id"": ""SCENARIO_C_EARLY_12_v2_frozen"", ""peak_never_loser_min_peak"": 40.0, ""peak_never_loser_floor"": 10.0, ""thesis_fast_exit_unreal_pct"": -12.0, ""thesis_mfe_protect_pct"": 2.0, ""thesis_exit_if_above_unreal_pct"": 8.0, ""thesis_min_age_sec"": 300, ""thesis_score_flip_margin"": 1, ""thesis_early_decay_delta"": 2, ""early_fail_pct_threshold"": -32.0, ""type_a_first_candle_enabled"": false, ""type_a_early_fail_enabled"": false, ""scenario_c_exit_profile"": true, ""type_a_stall_enabled"": false, ""type_a_stall_min_age_sec"": 480, ""type_a_stall_min_candles"": 3, ""type_a_stall_max_mfe_pct"": 5.0, ""trend_weakening_enabled"": false, ""spread_penalty_threshold"": 5, ""spread_penalty_margin_mult"": 0.75}",2026-06-24T16:14:09.311937+00:00,2026-06-25 02:14:09 AEST,2026-06-25 02:14:09 AEST
2026-06-24T16:14:09.384756+00:00,c65c-ff9719d3d08f,SHORT,60500.0,60549.0,3.437733,-8.1,15.0,6,-1.21,-1.21,0.0,0.0,-0.0,0.0,THESIS_FAST_CUT,100,0.27,68,44.0,True,SIM_LIMIT,AI_DIRECT_LIMIT,,,,,0,BEAR,SR,60-70,SPAWN,-6,-6,BEARISH_STRUCTURE,BEAR_ALIGNED,42.58,-7,2,8,0.0004,bitfinex,tBTCF0:USTF0,v10.6-melbourne-unified-2026-06-24,BITFINEX_ZERO,v10.6-melbourne-unified-2026-06-24,COMBO_65_SP5_CHASE_3PLUS,AI65+ · Spread5+ · Chase 3+,APPROVE,60448.0,0.048454,0.001507,NEAR_SUPPORT,-0.009401,0.729177,84.6,3.437734,-13.057851,1.983471,377.169,377.169,377.169,5-15m,AI_DIRECT,AI_DIRECT,0,,52.0,0.0,0.0,0.0,False,0.0,0.0,-4.3e-05,-6.8e-05,0.010661,0.001374,-74.095753,0.0,0.360479,60320.0,60872.446294,61474.750191,63067.562802,-0.009798,NEAR_SUPPORT,SHORT_PREFERRED,0.048454,0.001507,BEAR,3.0,44.0,0.0,100,4.8,True,True,APPROVE,68,"```json
{
  ""direction"": ""SHORT"",
  ""confidence"": 68,
  ""long_score"": 18,
  ""short_score"": 82,
  ""preferred_direction"": ""SHORT"",
  ""entry_zone_low"": 60400,
  ""entry_zone_high"": 60600,
  ""limit_price"": 60500,
  ""expected_mfe"": 250,
  ""expected_mae"": 120,
  ""reversal_probability"": 37,
  ""exit_style"": ""AGGRESSIVE"",
  ""reasons_for_trade"": [
    ""Multi-timeframe agreement is BEAR_ALIGNED across 15m, 1h, 4h"",
    ""Market structure bias is BEARISH_STRUCTURE with active LH-LL sequence"",
    ""EMA stack is bearish (price below all EMAs, EMA9 below EMA21, EMA21 below EMA200)"",
    ""ADX at 42.58 indicates strong trending conditions favoring continuation"",
    ""Trend health state is BEAR with bear_score 11 vs bull_score 3"",
    ""Orderflow shows negative delta (-74.13) and low volume ratio (0.032) suggesting weak buying pressure"",
    ""Funding rate positive (3.99e-06) favors shorts, longs paying"",
    ""Price is near support (0.11% away) but structure is bearish continuation, not reversal""
  ],
  ""reasons_against_trade"": [
    ""Price is very close to support (60276), increasing bounce risk"",
    ""Reversal risk score is elevated at 63, suggesting potential for mean reversion"",
    ""Volume ratio is extremely low, indicating lack of conviction in current move"",
    ""Compression regime may precede expansion in either direction"",
    ""Short entry near support historically shows reduced expectancy without strong continuation""
  ],
  ""bull_score"": 2,
  ""bear_score"": 8
}
```

**Direction:** SHORT  
**Win probability:** 68%  
**Long score:** 18  
**Short score:** 82  
**Bull score:** 2  
**Bear score:** 8  
**Decision:** APPROVE  
**Reason:** Strong bearish alignment across all trend hierarchy layers (MTF, structure, EMA, ADX) with orderflow confirming weakness. Price near support is a location context only - no reversal confirmation exists. Short entry above current price (limit 60500) targets continuation toward new lows. Elevated reversal risk (63) and proximity to support warrant aggressive exit style to manage bounce risk.",60500.0,60549.0,MAKER,TAKER,0.024815,52.0,377.169,-1.21,-1.21,0.0,0.0,-0.0,0.0,-8.1,206.264108,THESIS_FAST_CUT,-74.095753,0.001374,-6.8e-05,0.360479,False,True,"{'price': 60320.0, 'ret_1m': -6.630860022544923e-05, 'ret_5m': -0.00036458851214742636, 'ema9': 60872.44629389657, 'ema21': 61474.750191048275, 'ema200': 63067.562801931694, 'dist_to_support': 0.0015074461212251727, 'dist_to_resistance': 0.04845362532509483, 'volume': 0.010660788000000001, 'volume_ratio': 0.0013738045436208599, 'delta': -74.09575348200323, 'velocity': -6.791523946960201e-05, 'imbalance': 0.3604789536154916, 'candle_range': 84.6, 'body_ratio': 0.6496351869901564, 'wick_ratio': 0.35036481300984346}",4.8,"{'early_fail_enabled': True, 'invert_signal': False, 'ai_enabled': True, 'edge_threshold': 3.0, 'edge_threshold_max': None, 'edge_range_preset': 'min_only', 'ai_threshold': 44.0, 'leverage': 100, 'pullback_threshold': 0.001}","{'ema9': 60872.44629389657, 'ema21': 61474.750191048275, 'ema200': 63067.562801931694, 'ema_spread': -0.009798, 'ema9_slope_pct': -0.7513, 'ema21_slope_pct': -0.5753, 'ema9_above_ema21': False, 'ema21_above_ema200': False}",MOMENTUM_SHORT,4.8,4.8,False,True,INV_False_EF_True,SHORT,12,8,SCENARIO_C_EARLY_12_v2_frozen,40.0,10.0,-12.0,2.0,8.0,300,1,2,-32.0,False,False,True,False,480,3,5.0,False,5,0.75,"[[12, 8], [15, 10], [25, 18], [40, 28], [60, 45], [80, 60], [100, 75], [150, 120]]","{""trail_ladder"": [[12, 8], [15, 10], [25, 18], [40, 28], [60, 45], [80, 60], [100, 75], [150, 120]], ""ladder_first_trigger_pct"": 12, ""ladder_first_lock_pct"": 8, ""exit_profile_id"": ""SCENARIO_C_EARLY_12_v2_frozen"", ""peak_never_loser_min_peak"": 40.0, ""peak_never_loser_floor"": 10.0, ""thesis_fast_exit_unreal_pct"": -12.0, ""thesis_mfe_protect_pct"": 2.0, ""thesis_exit_if_above_unreal_pct"": 8.0, ""thesis_min_age_sec"": 300, ""thesis_score_flip_margin"": 1, ""thesis_early_decay_delta"": 2, ""early_fail_pct_threshold"": -32.0, ""type_a_first_candle_enabled"": false, ""type_a_early_fail_enabled"": false, ""scenario_c_exit_profile"": true, ""type_a_stall_enabled"": false, ""type_a_stall_min_age_sec"": 480, ""type_a_stall_min_candles"": 3, ""type_a_stall_max_mfe_pct"": 5.0, ""trend_weakening_enabled"": false, ""spread_penalty_threshold"": 5, ""spread_penalty_margin_mult"": 0.75}",2026-06-24T16:14:09.384756+00:00,2026-06-25 02:14:09 AEST,2026-06-25 02:14:09 AEST
2026-06-24T16:23:25.072791+00:00,cont-599a8aade415,SHORT,60620.0,60692.99,0.612339,-12.04,15.0,6,-1.81,-1.81,0.0,0.0,-0.0,0.0,THESIS_FAST_CUT,100,0.4,72,44.0,True,SIM_LIMIT,AI_DIRECT_LIMIT,,,,,0,BEAR,SR,70+,SPAWN,-6,-6,BEARISH_STRUCTURE,BEAR_ALIGNED,44.34,-7,2,8,0.0004,bitfinex,tBTCF0:USTF0,v10.6-melbourne-unified-2026-06-24,BITFINEX_ZERO,v10.6-melbourne-unified-2026-06-24,CONTINUOUS,Continuous AI Research,APPROVE,60562.0,0.045803,0.004313,NEAR_SUPPORT,-0.009009,0.743445,73.9,0.61234,-12.040581,0.164962,319.621,319.621,319.621,5-15m,AI_DIRECT,AI_DIRECT,0,,58.0,0.0,0.0741,0.0741,False,0.0,0.0,-8e-06,1.5e-05,0.000944,0.040412,-72.401766,0.0,0.342947,60520.0,60843.277035,61409.136537,63044.023895,-0.009215,NEAR_SUPPORT,SHORT_PREFERRED,0.045803,0.004313,BEAR,3.0,44.0,0.0,100,5.3,True,True,APPROVE,72,"```json
{
  ""direction"": ""SHORT"",
  ""confidence"": 72,
  ""long_score"": 18,
  ""short_score"": 82,
  ""preferred_direction"": ""SHORT"",
  ""entry_zone_low"": 60550,
  ""entry_zone_high"": 60700,
  ""limit_price"": 60625,
  ""expected_mfe"": 180,
  ""expected_mae"": 120,
  ""reversal_probability"": 25,
  ""exit_style"": ""AGGRESSIVE"",
  ""reasons_for_trade"": [
    ""BEAR_ALIGNED multi-timeframe agreement (15m, 1h, 4h all bearish)"",
    ""Bearish market structure with active LH-LL sequence and structure_score -6"",
    ""Bearish EMA stack (price below all EMAs, EMA9 below EMA21 below EMA200)"",
    ""ADX 44.34 indicates strong trending market favoring continuation"",
    ""Trend health state BEAR with bear_score 11 vs bull_score 3"",
    ""Market regime tracker shows recent TRENDING and EXPANSION phases supporting bear momentum"",
    ""Negative delta (-72.4) and low volume ratio (0.04) suggest weak buying pressure"",
    ""Price near support (0.45% away) but no reversal confirmation - continuation more likely""
  ],
  ""reasons_against_trade"": [
    ""Price is very close to support (0.45% dist_to_support) - bounce risk elevated"",
    ""Reversal risk score 63 suggests some mean-reversion potential"",
    ""Low volume ratio (0.04) could indicate lack of conviction in current move"",
    ""Entry near support historically reduces short expectancy without strong continuation""
  ],
  ""bull_score"": 2,
  ""bear_score"": 8
}
```",60620.0,60692.99,MAKER,TAKER,0.024768,58.0,319.621,-1.81,-1.81,0.0,0.0,-0.0,0.0,-12.04,36.740453,THESIS_FAST_CUT,-72.401766,0.040412,1.5e-05,0.342947,False,True,"{'price': 60520.0, 'ret_1m': -0.00014868905813742174, 'ret_5m': 3.304801877127466e-05, 'ema9': 60843.27703511726, 'ema21': 61409.13653730934, 'ema200': 63044.02389546752, 'dist_to_support': 0.004312623925974884, 'dist_to_resistance': 0.04580304031725049, 'volume': 0.0009439999999999999, 'volume_ratio': 0.04041158389970168, 'delta': -72.40176574000421, 'velocity': 1.4877970296382768e-05, 'imbalance': 0.34294717344865544, 'candle_range': 73.9, 'body_ratio': 0.6582243342769782, 'wick_ratio': 0.3417756657230217}",5.3,"{'early_fail_enabled': True, 'invert_signal': False, 'ai_enabled': True, 'edge_threshold': 3.0, 'edge_threshold_max': None, 'edge_range_preset': 'min_only', 'ai_threshold': 44.0, 'leverage': 100, 'pullback_threshold': 0.001}","{'ema9': 60843.27703511726, 'ema21': 61409.13653730934, 'ema200': 63044.02389546752, 'ema_spread': -0.009215, 'ema9_slope_pct': -0.5618, 'ema21_slope_pct': -0.5017, 'ema9_above_ema21': False, 'ema21_above_ema200': False}",WEAK_SETUP,5.3,5.3,False,True,INV_False_EF_True,SHORT,12,8,SCENARIO_C_EARLY_12_v2_frozen,40.0,10.0,-12.0,2.0,8.0,300,1,2,-32.0,False,False,True,False,480,3,5.0,False,5,0.75,"[[12, 8], [15, 10], [25, 18], [40, 28], [60, 45], [80, 60], [100, 75], [150, 120]]","{""trail_ladder"": [[12, 8], [15, 10], [25, 18], [40, 28], [60, 45], [80, 60], [100, 75], [150, 120]], ""ladder_first_trigger_pct"": 12, ""ladder_first_lock_pct"": 8, ""exit_profile_id"": ""SCENARIO_C_EARLY_12_v2_frozen"", ""peak_never_loser_min_peak"": 40.0, ""peak_never_loser_floor"": 10.0, ""thesis_fast_exit_unreal_pct"": -12.0, ""thesis_mfe_protect_pct"": 2.0, ""thesis_exit_if_above_unreal_pct"": 8.0, ""thesis_min_age_sec"": 300, ""thesis_score_flip_margin"": 1, ""thesis_early_decay_delta"": 2, ""early_fail_pct_threshold"": -32.0, ""type_a_first_candle_enabled"": false, ""type_a_early_fail_enabled"": false, ""scenario_c_exit_profile"": true, ""type_a_stall_enabled"": false, ""type_a_stall_min_age_sec"": 480, ""type_a_stall_min_candles"": 3, ""type_a_stall_max_mfe_pct"": 5.0, ""trend_weakening_enabled"": false, ""spread_penalty_threshold"": 5, ""spread_penalty_margin_mult"": 0.75}",2026-06-24T16:23:25.072791+00:00,2026-06-25 02:23:25 AEST,2026-06-25 02:23:25 AEST
2026-06-24T16:23:37.820407+00:00,c65c-d483a1d2967c,SHORT,60625.0,60682.0,0.794706,-9.4,15.0,6,-1.41,-1.41,0.0,0.0,-0.0,0.0,THESIS_FAST_CUT,100,0.31,72,44.0,True,SIM_LIMIT,AI_DIRECT_LIMIT,,,,,0,BEAR,SR,70+,SPAWN,-6,-6,BEARISH_STRUCTURE,BEAR_ALIGNED,44.34,-7,2,8,0.0004,bitfinex,tBTCF0:USTF0,v10.6-melbourne-unified-2026-06-24,BITFINEX_ZERO,v10.6-melbourne-unified-2026-06-24,COMBO_65_SP5_CHASE_3PLUS,AI65+ · Spread5+ · Chase 3+,APPROVE,60570.0,0.045803,0.004313,NEAR_SUPPORT,-0.009009,0.743445,73.9,0.794707,-13.690722,0.989691,321.076,321.076,321.076,5-15m,AI_DIRECT,AI_DIRECT,0,,55.0,0.0,0.0,0.0,False,0.0,0.0,-1e-05,1.5e-05,0.000944,0.040412,-72.401766,0.0,0.342947,60520.0,60843.277035,61409.136537,63044.023895,-0.009215,NEAR_SUPPORT,SHORT_PREFERRED,0.045803,0.004313,BEAR,3.0,44.0,0.0,100,5.3,True,True,APPROVE,72,"```json
{
  ""direction"": ""SHORT"",
  ""confidence"": 72,
  ""long_score"": 18,
  ""short_score"": 82,
  ""preferred_direction"": ""SHORT"",
  ""entry_zone_low"": 60550,
  ""entry_zone_high"": 60700,
  ""limit_price"": 60625,
  ""expected_mfe"": 180,
  ""expected_mae"": 120,
  ""reversal_probability"": 25,
  ""exit_style"": ""AGGRESSIVE"",
  ""reasons_for_trade"": [
    ""BEAR_ALIGNED multi-timeframe agreement (15m, 1h, 4h all bearish)"",
    ""Bearish market structure with active LH-LL sequence and structure_score -6"",
    ""Bearish EMA stack (price below all EMAs, EMA9 below EMA21 below EMA200)"",
    ""ADX 44.34 indicates strong trending market favoring continuation"",
    ""Trend health state BEAR with bear_score 11 vs bull_score 3"",
    ""Market regime tracker shows recent TRENDING and EXPANSION phases supporting bear momentum"",
    ""Negative delta (-72.4) and low volume ratio (0.04) suggest weak buying pressure"",
    ""Price near support (0.45% away) but no reversal confirmation - continuation more likely""
  ],
  ""reasons_against_trade"": [
    ""Price is very close to support (0.45% dist_to_support) - bounce risk elevated"",
    ""Reversal risk score 63 suggests some mean-reversion potential"",
    ""Low volume ratio (0.04) could indicate lack of conviction in current move"",
    ""Entry near support historically reduces short expectancy without strong continuation""
  ],
  ""bull_score"": 2,
  ""bear_score"": 8
}
```",60625.0,60682.0,MAKER,TAKER,0.024765,55.0,321.076,-1.41,-1.41,0.0,0.0,-0.0,0.0,-9.4,47.68243,THESIS_FAST_CUT,-72.401766,0.040412,1.5e-05,0.342947,False,True,"{'price': 60520.0, 'ret_1m': -0.00014868905813742174, 'ret_5m': 3.304801877127466e-05, 'ema9': 60843.27703511726, 'ema21': 61409.13653730934, 'ema200': 63044.02389546752, 'dist_to_support': 0.004312623925974884, 'dist_to_resistance': 0.04580304031725049, 'volume': 0.0009439999999999999, 'volume_ratio': 0.04041158389970168, 'delta': -72.40176574000421, 'velocity': 1.4877970296382768e-05, 'imbalance': 0.34294717344865544, 'candle_range': 73.9, 'body_ratio': 0.6582243342769782, 'wick_ratio': 0.3417756657230217}",5.3,"{'early_fail_enabled': True, 'invert_signal': False, 'ai_enabled': True, 'edge_threshold': 3.0, 'edge_threshold_max': None, 'edge_range_preset': 'min_only', 'ai_threshold': 44.0, 'leverage': 100, 'pullback_threshold': 0.001}","{'ema9': 60843.27703511726, 'ema21': 61409.13653730934, 'ema200': 63044.02389546752, 'ema_spread': -0.009215, 'ema9_slope_pct': -0.5618, 'ema21_slope_pct': -0.5017, 'ema9_above_ema21': False, 'ema21_above_ema200': False}",WEAK_SETUP,5.3,5.3,False,True,INV_False_EF_True,SHORT,12,8,SCENARIO_C_EARLY_12_v2_frozen,40.0,10.0,-12.0,2.0,8.0,300,1,2,-32.0,False,False,True,False,480,3,5.0,False,5,0.75,"[[12, 8], [15, 10], [25, 18], [40, 28], [60, 45], [80, 60], [100, 75], [150, 120]]","{""trail_ladder"": [[12, 8], [15, 10], [25, 18], [40, 28], [60, 45], [80, 60], [100, 75], [150, 120]], ""ladder_first_trigger_pct"": 12, ""ladder_first_lock_pct"": 8, ""exit_profile_id"": ""SCENARIO_C_EARLY_12_v2_frozen"", ""peak_never_loser_min_peak"": 40.0, ""peak_never_loser_floor"": 10.0, ""thesis_fast_exit_unreal_pct"": -12.0, ""thesis_mfe_protect_pct"": 2.0, ""thesis_exit_if_above_unreal_pct"": 8.0, ""thesis_min_age_sec"": 300, ""thesis_score_flip_margin"": 1, ""thesis_early_decay_delta"": 2, ""early_fail_pct_threshold"": -32.0, ""type_a_first_candle_enabled"": false, ""type_a_early_fail_enabled"": false, ""scenario_c_exit_profile"": true, ""type_a_stall_enabled"": false, ""type_a_stall_min_age_sec"": 480, ""type_a_stall_min_candles"": 3, ""type_a_stall_max_mfe_pct"": 5.0, ""trend_weakening_enabled"": false, ""spread_penalty_threshold"": 5, ""spread_penalty_margin_mult"": 0.75}",2026-06-24T16:23:37.820407+00:00,2026-06-25 02:23:37 AEST,2026-06-25 02:23:37 AEST
2026-06-24T17:01:38.080884+00:00,cont-90b70a3b8508,SHORT,60020.0,59979.69,0.457606,6.72,15.0,6,1.01,1.01,0.0,0.0,-0.0,0.0,PROFIT_LOCK_LADDER,100,0.22,68,44.0,True,SIM_LIMIT,AI_DIRECT_LIMIT,,,,,0,BEAR,SR,60-70,SPAWN,-6,-6,BEARISH_STRUCTURE,BEAR_ALIGNED,47.02,-7,2,8,0.0004,bitfinex,tBTCF0:USTF0,v10.6-melbourne-unified-2026-06-24,BITFINEX_ZERO,v10.6-melbourne-unified-2026-06-24,CONTINUOUS,Continuous AI Research,APPROVE,59970.0,0.057528,0.003676,NEAR_SUPPORT,-0.010216,1.0,64.0,0.457607,-5.331556,13.662113,291.036,291.036,291.036,0-5m,AI_DIRECT,AI_DIRECT,0,,50.0,0.0,0.3173,0.3173,False,0.0,0.0,-6e-06,-4e-05,0.000169,0.007599,-134.209977,0.0,0.331765,59828.0,60561.905302,61178.710887,62985.167419,-0.010082,NEAR_SUPPORT,SHORT_PREFERRED,0.057528,0.003676,BEAR,3.0,44.0,0.0,100,5.6,True,True,APPROVE,68,"```json
{
  ""direction"": ""SHORT"",
  ""confidence"": 68,
  ""long_score"": 18,
  ""short_score"": 82,
  ""preferred_direction"": ""SHORT"",
  ""entry_zone_low"": 59950,
  ""entry_zone_high"": 60100,
  ""limit_price"": 60025,
  ""expected_mfe"": 180,
  ""expected_mae"": 120,
  ""reversal_probability"": 43,
  ""exit_style"": ""AGGRESSIVE"",
  ""reasons_for_trade"": [
    ""BEAR_ALIGNED multi-timeframe agreement (15m, 1h, 4h all bearish)"",
    ""Bearish market structure with active LH-LL sequence and structure_score -6"",
    ""Bearish EMA stack: price below all EMAs, EMA9 below EMA21, EMA21 below EMA200"",
    ""Strong trend with ADX 47.02 (>25) favoring continuation"",
    ""Trend health state BEAR with bear_score 11 vs bull_score 3"",
    ""Negative delta (-134) and negative velocity confirm selling pressure"",
    ""Price near support (0.36% away) but no reversal confirmation - continuation more likely"",
    ""Market regime in COMPRESSION after recent expansions - potential breakdown""
  ],
  ""reasons_against_trade"": [
    ""Price is very close to recent low support (59629) - risk of bounce"",
    ""Reversal risk score of 43 suggests moderate reversal probability"",
    ""Volume ratio very low (0.03) - could indicate lack of conviction"",
    ""Entry near support historically reduces short expectancy without strong continuation""
  ],
  ""bull_score"": 2,
  ""bear_score"": 8
}
```",60020.0,59979.69,MAKER,TAKER,0.025013,50.0,291.036,1.01,1.01,0.0,0.0,-0.0,0.0,6.72,27.456449,PROFIT_LOCK_LADDER,-134.209977,0.007599,-4e-05,0.331765,False,True,"{'price': 59828.0, 'ret_1m': 0.0, 'ret_5m': -0.0009518243299657677, 'ema9': 60561.90530247506, 'ema21': 61178.710887320056, 'ema200': 62985.16741926718, 'dist_to_support': 0.003675917726277799, 'dist_to_resistance': 0.05752811241624756, 'volume': 0.00016854300000000003, 'volume_ratio': 0.007599012569108748, 'delta': -134.20997695900752, 'velocity': -4.009983179268608e-05, 'imbalance': 0.33176527449036824, 'candle_range': 64.0, 'body_ratio': 0.6568805707273324, 'wick_ratio': 0.34311942927266764}",5.6,"{'early_fail_enabled': True, 'invert_signal': False, 'ai_enabled': True, 'edge_threshold': 3.0, 'edge_threshold_max': None, 'edge_range_preset': 'min_only', 'ai_threshold': 44.0, 'leverage': 100, 'pullback_threshold': 0.001}","{'ema9': 60561.90530247506, 'ema21': 61178.710887320056, 'ema200': 62985.16741926718, 'ema_spread': -0.010082, 'ema9_slope_pct': -0.5892, 'ema21_slope_pct': -0.5172, 'ema9_above_ema21': False, 'ema21_above_ema200': False}",MOMENTUM_SHORT,5.6,5.6,False,True,INV_False_EF_True,SHORT,12,8,SCENARIO_C_EARLY_12_v2_frozen,40.0,10.0,-12.0,2.0,8.0,300,1,2,-32.0,False,False,True,False,480,3,5.0,False,5,0.75,"[[12, 8], [15, 10], [25, 18], [40, 28], [60, 45], [80, 60], [100, 75], [150, 120]]","{""trail_ladder"": [[12, 8], [15, 10], [25, 18], [40, 28], [60, 45], [80, 60], [100, 75], [150, 120]], ""ladder_first_trigger_pct"": 12, ""ladder_first_lock_pct"": 8, ""exit_profile_id"": ""SCENARIO_C_EARLY_12_v2_frozen"", ""peak_never_loser_min_peak"": 40.0, ""peak_never_loser_floor"": 10.0, ""thesis_fast_exit_unreal_pct"": -12.0, ""thesis_mfe_protect_pct"": 2.0, ""thesis_exit_if_above_unreal_pct"": 8.0, ""thesis_min_age_sec"": 300, ""thesis_score_flip_margin"": 1, ""thesis_early_decay_delta"": 2, ""early_fail_pct_threshold"": -32.0, ""type_a_first_candle_enabled"": false, ""type_a_early_fail_enabled"": false, ""scenario_c_exit_profile"": true, ""type_a_stall_enabled"": false, ""type_a_stall_min_age_sec"": 480, ""type_a_stall_min_candles"": 3, ""type_a_stall_max_mfe_pct"": 5.0, ""trend_weakening_enabled"": false, ""spread_penalty_threshold"": 5, ""spread_penalty_margin_mult"": 0.75}",2026-06-24T17:01:38.080884+00:00,2026-06-25 03:01:38 AEST,2026-06-25 03:01:38 AEST
2026-06-24T17:01:38.170589+00:00,c65c-d4ea1e0a1dde,SHORT,60025.0,59979.69,0.400264,7.55,15.0,6,1.13,1.13,0.0,0.0,-0.0,0.0,PROFIT_LOCK_LADDER,100,0.25,68,44.0,True,SIM_LIMIT,AI_DIRECT_LIMIT,,,,,0,BEAR,SR,60-70,SPAWN,-6,-6,BEARISH_STRUCTURE,BEAR_ALIGNED,47.02,-7,2,8,0.0004,bitfinex,tBTCF0:USTF0,v10.6-melbourne-unified-2026-06-24,BITFINEX_ZERO,v10.6-melbourne-unified-2026-06-24,COMBO_65_SP5_CHASE_3PLUS,AI65+ · Spread5+ · Chase 3+,APPROVE,59970.0,0.056769,0.004391,NEAR_SUPPORT,-0.010216,1.0,64.0,0.400265,-4.498126,14.493961,482.615,482.615,482.615,5-15m,AI_DIRECT,AI_DIRECT,0,,55.0,0.0,0.3173,0.3173,False,0.0,0.0,-5e-06,0.000122,0.001992,0.001113,-128.752362,0.0,0.324141,59916.0,60570.505302,61182.619978,62985.59528,-0.010005,NEAR_SUPPORT,SHORT_PREFERRED,0.056769,0.004391,BEAR,3.0,44.0,0.0,100,4.6,True,True,APPROVE,68,"```json
{
  ""direction"": ""SHORT"",
  ""confidence"": 68,
  ""long_score"": 18,
  ""short_score"": 82,
  ""preferred_direction"": ""SHORT"",
  ""entry_zone_low"": 59950,
  ""entry_zone_high"": 60100,
  ""limit_price"": 60025,
  ""expected_mfe"": 180,
  ""expected_mae"": 120,
  ""reversal_probability"": 37,
  ""exit_style"": ""AGGRESSIVE"",
  ""reasons_for_trade"": [
    ""BEAR_ALIGNED multi-timeframe agreement (15m, 1h, 4h all bearish)"",
    ""Bearish EMA stack: price below all EMAs, EMA9 below EMA21, EMA21 below EMA200"",
    ""ADX at 47.02 indicates strong trending market favoring continuation"",
    ""Market structure is BEAR_CONTINUATION with LH-LL sequence active"",
    ""Trend health bear_score (11) dominates bull_score (3), trend intact"",
    ""Negative delta (-128.34) and bearish orderflow imbalance (0.323 favoring shorts)"",
    ""Price near support (0.46% away) but no reversal confirmation - support is location only"",
    ""Funding positive (longs pay shorts) adds slight tailwind for short positions""
  ],
  ""reasons_against_trade"": [
    ""Price is very close to recent low support (59629), increasing bounce risk"",
    ""Reversal risk score is elevated at 63, suggesting potential for mean reversion"",
    ""Volume ratio is very low (0.0125), indicating lack of conviction in current move"",
    ""Compression regime may precede expansion in either direction"",
    ""Entry near support historically reduces short expectancy without strong continuation""
  ],
  ""bull_score"": 2,
  ""bear_score"": 8
}
```

**Direction:** SHORT  
**Win probability:** 68%  
**Long score:** 18  
**Short score:** 82  
**Bull score:** 2/10  
**Bear score:** 8/10  
**Decision:** APPROVE  
**Reason:** Strong bearish alignment across all trend hierarchy layers (MTF, structure, EMA, ADX) with no reversal confirmation. Price near support is a location-only factor - without a structure shift or momentum reversal, continuation is favored. The low volume and proximity to support warrant a conservative entry zone above current price (pullback entry) and an aggressive exit to manage bounce risk.",60025.0,59979.69,MAKER,TAKER,0.025013,55.0,482.615,1.13,1.13,0.0,0.0,-0.0,0.0,7.55,24.015912,PROFIT_LOCK_LADDER,-128.752362,0.001113,0.000122,0.324141,False,True,"{'price': 59916.0, 'ret_1m': -0.0001668724760537997, 'ret_5m': 0.0009689598716963481, 'ema9': 60570.50530247506, 'ema21': 61182.619978229144, 'ema200': 62985.595279963694, 'dist_to_support': 0.004391237560943031, 'dist_to_resistance': 0.0567688505977426, 'volume': 0.001992, 'volume_ratio': 0.001112688637790546, 'delta': -128.75236195000747, 'velocity': 0.00012194695872934629, 'imbalance': 0.32414100443404864, 'candle_range': 64.0, 'body_ratio': 0.6568805707273324, 'wick_ratio': 0.34311942927266764}",4.6,"{'early_fail_enabled': True, 'invert_signal': False, 'ai_enabled': True, 'edge_threshold': 3.0, 'edge_threshold_max': None, 'edge_range_preset': 'min_only', 'ai_threshold': 44.0, 'leverage': 100, 'pullback_threshold': 0.001}","{'ema9': 60570.50530247506, 'ema21': 61182.619978229144, 'ema200': 62985.595279963694, 'ema_spread': -0.010005, 'ema9_slope_pct': -0.5751, 'ema21_slope_pct': -0.5108, 'ema9_above_ema21': False, 'ema21_above_ema200': False}",WEAK_SETUP,4.6,4.6,False,True,INV_False_EF_True,SHORT,12,8,SCENARIO_C_EARLY_12_v2_frozen,40.0,10.0,-12.0,2.0,8.0,300,1,2,-32.0,False,False,True,False,480,3,5.0,False,5,0.75,"[[12, 8], [15, 10], [25, 18], [40, 28], [60, 45], [80, 60], [100, 75], [150, 120]]","{""trail_ladder"": [[12, 8], [15, 10], [25, 18], [40, 28], [60, 45], [80, 60], [100, 75], [150, 120]], ""ladder_first_trigger_pct"": 12, ""ladder_first_lock_pct"": 8, ""exit_profile_id"": ""SCENARIO_C_EARLY_12_v2_frozen"", ""peak_never_loser_min_peak"": 40.0, ""peak_never_loser_floor"": 10.0, ""thesis_fast_exit_unreal_pct"": -12.0, ""thesis_mfe_protect_pct"": 2.0, ""thesis_exit_if_above_unreal_pct"": 8.0, ""thesis_min_age_sec"": 300, ""thesis_score_flip_margin"": 1, ""thesis_early_decay_delta"": 2, ""early_fail_pct_threshold"": -32.0, ""type_a_first_candle_enabled"": false, ""type_a_early_fail_enabled"": false, ""scenario_c_exit_profile"": true, ""type_a_stall_enabled"": false, ""type_a_stall_min_age_sec"": 480, ""type_a_stall_min_candles"": 3, ""type_a_stall_max_mfe_pct"": 5.0, ""trend_weakening_enabled"": false, ""spread_penalty_threshold"": 5, ""spread_penalty_margin_mult"": 0.75}",2026-06-24T17:01:38.170589+00:00,2026-06-25 03:01:38 AEST,2026-06-25 03:01:38 AEST
2026-06-24T17:04:30.836107+00:00,c65c-ee099fc7ad84,SHORT,60074.5,60016.0,0.172522,9.74,15.0,6,1.46,1.46,0.0,0.0,-0.0,0.0,PROFIT_LOCK_LADDER,100,0.32,68,44.0,True,SIM_LIMIT,AI_DIRECT_LIMIT,,,,,0,BEAR,SR,60-70,SPAWN,-6,-6,BEARISH_STRUCTURE,BEAR_ALIGNED,46.66,-7,2,8,0.0004,bitfinex,tBTCF0:USTF0,v10.6-melbourne-unified-2026-06-24,BITFINEX_ZERO,v10.6-melbourne-unified-2026-06-24,COMBO_65_SP5_CHASE_3PLUS,AI65+ · Spread5+ · Chase 3+,APPROVE,59997.0,0.052779,0.00168,NEAR_SUPPORT,-0.010016,0.565498,64.0,0.172523,0.0,15.896928,870.221,870.221,870.221,5-15m,AI_DIRECT,AI_DIRECT_CHASE,4,,77.5,0.0,0.0,0.0,False,0.0,0.0,-2e-06,4.2e-05,0.000808,0.061555,-81.82029,0.0,0.349561,60119.0,60616.105302,61203.347251,62987.863937,-0.009595,NEAR_SUPPORT,SHORT_PREFERRED,0.052779,0.00168,BEAR,3.0,44.0,0.0,100,4.6,True,True,APPROVE,68,"```json
{
  ""direction"": ""SHORT"",
  ""confidence"": 68,
  ""long_score"": 18,
  ""short_score"": 82,
  ""preferred_direction"": ""SHORT"",
  ""entry_zone_low"": 60150,
  ""entry_zone_high"": 60300,
  ""limit_price"": 60225,
  ""expected_mfe"": 180,
  ""expected_mae"": 120,
  ""reversal_probability"": 37,
  ""exit_style"": ""AGGRESSIVE"",
  ""reasons_for_trade"": [
    ""MTF agreement is BEAR_ALIGNED across 15m/1h/4h"",
    ""Market structure is BEARISH with active LH-LL sequence and structure_score -6"",
    ""EMA stack is bearish (price below all EMAs, EMA9 below EMA21, EMA21 below EMA200)"",
    ""ADX at 46.66 indicates strong trending conditions favoring continuation"",
    ""Trend health state is BEAR with bear_score 11 vs bull_score 3"",
    ""Regime is BEAR and market_structure_shift is BEAR_CONTINUATION"",
    ""Price is near support (0.168% away) but no reversal confirmation - continuation more likely"",
    ""Delta is negative (-81.82) and imbalance favors sellers (0.35)"",
    ""Edge_score (4.6) above threshold supports trade quality""
  ],
  ""reasons_against_trade"": [
    ""Price is very close to recent low support (60018) - bounce risk elevated"",
    ""Reversal probability is 63 (moderate) suggesting some squeeze potential"",
    ""Volume ratio is very low (0.062) indicating low participation"",
    ""Candle range is narrow (64) suggesting compression phase"",
    ""Short entries near support historically have reduced expectancy""
  ],
  ""bull_score"": 2,
  ""bear_score"": 8
}
```",60074.5,60016.0,MAKER,TAKER,0.025001,77.5,870.221,1.46,1.46,0.0,0.0,-0.0,0.0,9.74,10.351413,PROFIT_LOCK_LADDER,-81.82029,0.061555,4.2e-05,0.349561,False,True,"{'price': 60119.0, 'ret_1m': 0.0, 'ret_5m': 0.0002827489854301111, 'ema9': 60616.10530247506, 'ema21': 61203.347250956416, 'ema200': 62987.86393668011, 'dist_to_support': 0.0016800013306941233, 'dist_to_resistance': 0.052778655666261914, 'volume': 0.000808, 'volume_ratio': 0.06155524168674609, 'delta': -81.8202895900071, 'velocity': 4.1586100369878436e-05, 'imbalance': 0.3495612681086412, 'candle_range': 64.0, 'body_ratio': 0.6568805707273324, 'wick_ratio': 0.34311942927266764}",4.6,"{'early_fail_enabled': True, 'invert_signal': False, 'ai_enabled': True, 'edge_threshold': 3.0, 'edge_threshold_max': None, 'edge_range_preset': 'min_only', 'ai_threshold': 44.0, 'leverage': 100, 'pullback_threshold': 0.001}","{'ema9': 60616.10530247506, 'ema21': 61203.347250956416, 'ema200': 62987.86393668011, 'ema_spread': -0.009595, 'ema9_slope_pct': -0.5002, 'ema21_slope_pct': -0.4771, 'ema9_above_ema21': False, 'ema21_above_ema200': False}",WEAK_SETUP,4.6,4.6,False,True,INV_False_EF_True,SHORT,12,8,SCENARIO_C_EARLY_12_v2_frozen,40.0,10.0,-12.0,2.0,8.0,300,1,2,-32.0,False,False,True,False,480,3,5.0,False,5,0.75,"[[12, 8], [15, 10], [25, 18], [40, 28], [60, 45], [80, 60], [100, 75], [150, 120]]","{""trail_ladder"": [[12, 8], [15, 10], [25, 18], [40, 28], [60, 45], [80, 60], [100, 75], [150, 120]], ""ladder_first_trigger_pct"": 12, ""ladder_first_lock_pct"": 8, ""exit_profile_id"": ""SCENARIO_C_EARLY_12_v2_frozen"", ""peak_never_loser_min_peak"": 40.0, ""peak_never_loser_floor"": 10.0, ""thesis_fast_exit_unreal_pct"": -12.0, ""thesis_mfe_protect_pct"": 2.0, ""thesis_exit_if_above_unreal_pct"": 8.0, ""thesis_min_age_sec"": 300, ""thesis_score_flip_margin"": 1, ""thesis_early_decay_delta"": 2, ""early_fail_pct_threshold"": -32.0, ""type_a_first_candle_enabled"": false, ""type_a_early_fail_enabled"": false, ""scenario_c_exit_profile"": true, ""type_a_stall_enabled"": false, ""type_a_stall_min_age_sec"": 480, ""type_a_stall_min_candles"": 3, ""type_a_stall_max_mfe_pct"": 5.0, ""trend_weakening_enabled"": false, ""spread_penalty_threshold"": 5, ""spread_penalty_margin_mult"": 0.75}",2026-06-24T17:04:30.836107+00:00,2026-06-25 03:04:30 AEST,2026-06-25 03:04:30 AEST
2026-06-24T17:09:19.921184+00:00,cont-d5427cbbdea1,SHORT,60070.99,59884.0,3.150306,31.13,15.0,6,4.67,4.67,0.0,0.0,-0.0,0.0,PROFIT_LOCK_LADDER,100,1.04,68,44.0,True,SIM_LIMIT,AI_DIRECT_LIMIT,,,,,0,BEAR,SR,60-70,SPAWN,-6,-6,BEARISH_STRUCTURE,BEAR_ALIGNED,45.04,-7,2,8,0.0004,bitfinex,tBTCF0:USTF0,v10.6-melbourne-unified-2026-06-24,BITFINEX_ZERO,v10.6-melbourne-unified-2026-06-24,CONTINUOUS,Continuous AI Research,APPROVE,59997.0,0.049827,0.000481,NEAR_SUPPORT,-0.010439,0.862756,72.1,3.150307,0.0,44.778686,1375.722,1375.722,1375.722,15-30m,AI_DIRECT,AI_DIRECT_CHASE,6,,73.99,0.0,0.0,0.0,False,0.0,0.0,-3.9e-05,1.8e-05,0.016656,0.080613,-72.449963,0.0,0.327153,60298.0,60745.181628,61313.909249,63017.069749,-0.009276,NEAR_SUPPORT,SHORT_PREFERRED,0.049827,0.000481,BEAR,3.0,44.0,0.0,100,5.7,True,True,APPROVE,68,"```json
{
  ""direction"": ""SHORT"",
  ""confidence"": 68,
  ""long_score"": 15,
  ""short_score"": 82,
  ""preferred_direction"": ""SHORT"",
  ""entry_zone_low"": 60300,
  ""entry_zone_high"": 60400,
  ""limit_price"": 60350,
  ""expected_mfe"": 250,
  ""expected_mae"": 120,
  ""reversal_probability"": 25,
  ""exit_style"": ""AGGRESSIVE"",
  ""reasons_for_trade"": [
    ""Multi-timeframe agreement is BEAR_ALIGNED across 15m, 1h, 4h"",
    ""Market structure is BEARISH with LL sequence active and structure_score -6"",
    ""EMA stack is bearish (price below all EMAs, EMA9 below EMA21, EMA21 below EMA200)"",
    ""ADX at 45.04 indicates strong trending market favoring continuation"",
    ""Trend health state is BEAR with bear_score 11 vs bull_score 3"",
    ""Orderflow shows negative delta (-72.4) and bearish velocity"",
    ""Price is near micro support (60259) but no reversal confirmation - continuation more likely"",
    ""Funding rate positive (longs pay shorts) supporting bearish bias""
  ],
  ""reasons_against_trade"": [
    ""Price is extremely close to micro support (0.028% away) - bounce risk elevated"",
    ""Volume ratio is elevated (3.54) suggesting possible exhaustion or absorption"",
    ""Reversal risk score is 25 - non-trivial chance of mean reversion"",
    ""Entry near support historically reduces short expectancy without strong continuation""
  ],
  ""bull_score"": 2,
  ""bear_score"": 8
}
```

Direction: SHORT
Win probability: 68
Long score: 15
Short score: 82
Bull score: 2
Bear score: 8
Decision: APPROVE
Reason: Strong bearish alignment across all trend hierarchy layers (MTF, structure, EMA, ADX, trend health) with no reversal confirmation near support. Short continuation is the high-probability path despite proximity to support. Entry limit above current price to avoid chasing into the support zone.",60070.99,59884.0,MAKER,TAKER,0.025001,73.99,1375.722,4.67,4.67,0.0,0.0,-0.0,0.0,31.13,189.018506,PROFIT_LOCK_LADDER,-72.449963,0.080613,1.8e-05,0.327153,False,True,"{'price': 60298.0, 'ret_1m': 0.0001658704883227176, 'ret_5m': 0.00043137775418104594, 'ema9': 60745.181628093815, 'ema21': 61313.909248786826, 'ema200': 63017.06974905835, 'dist_to_support': 0.0004810244161358811, 'dist_to_resistance': 0.049827494692144376, 'volume': 0.016656405000000003, 'volume_ratio': 0.08061329823408832, 'delta': -72.44996333700601, 'velocity': 1.8251147367239578e-05, 'imbalance': 0.3271534109897194, 'candle_range': 72.1, 'body_ratio': 0.5899688060214501, 'wick_ratio': 0.41003119397855}",5.7,"{'early_fail_enabled': True, 'invert_signal': False, 'ai_enabled': True, 'edge_threshold': 3.0, 'edge_threshold_max': None, 'edge_range_preset': 'min_only', 'ai_threshold': 44.0, 'leverage': 100, 'pullback_threshold': 0.001}","{'ema9': 60745.181628093815, 'ema21': 61313.909248786826, 'ema200': 63017.06974905835, 'ema_spread': -0.009276, 'ema9_slope_pct': -0.4354, 'ema21_slope_pct': -0.4488, 'ema9_above_ema21': False, 'ema21_above_ema200': False}",WEAK_SETUP,5.7,5.7,False,True,INV_False_EF_True,SHORT,12,8,SCENARIO_C_EARLY_12_v2_frozen,40.0,10.0,-12.0,2.0,8.0,300,1,2,-32.0,False,False,True,False,480,3,5.0,False,5,0.75,"[[12, 8], [15, 10], [25, 18], [40, 28], [60, 45], [80, 60], [100, 75], [150, 120]]","{""trail_ladder"": [[12, 8], [15, 10], [25, 18], [40, 28], [60, 45], [80, 60], [100, 75], [150, 120]], ""ladder_first_trigger_pct"": 12, ""ladder_first_lock_pct"": 8, ""exit_profile_id"": ""SCENARIO_C_EARLY_12_v2_frozen"", ""peak_never_loser_min_peak"": 40.0, ""peak_never_loser_floor"": 10.0, ""thesis_fast_exit_unreal_pct"": -12.0, ""thesis_mfe_protect_pct"": 2.0, ""thesis_exit_if_above_unreal_pct"": 8.0, ""thesis_min_age_sec"": 300, ""thesis_score_flip_margin"": 1, ""thesis_early_decay_delta"": 2, ""early_fail_pct_threshold"": -32.0, ""type_a_first_candle_enabled"": false, ""type_a_early_fail_enabled"": false, ""scenario_c_exit_profile"": true, ""type_a_stall_enabled"": false, ""type_a_stall_min_age_sec"": 480, ""type_a_stall_min_candles"": 3, ""type_a_stall_max_mfe_pct"": 5.0, ""trend_weakening_enabled"": false, ""spread_penalty_threshold"": 5, ""spread_penalty_margin_mult"": 0.75}",2026-06-24T17:09:19.921184+00:00,2026-06-25 03:09:19 AEST,2026-06-25 03:09:19 AEST
2026-06-24T17:09:21.455784+00:00,cont-5c7af9f34f85,SHORT,60082.11,59884.0,4.120976,32.97,15.0,6,4.95,4.95,0.0,0.0,-0.0,-0.0,PROFIT_LOCK_LADDER,100,1.1,62,44.0,True,SIM_LIMIT,AI_DIRECT_LIMIT,,,,,0,BEAR,SR,60-70,SPAWN,-6,-6,BEARISH_STRUCTURE,BEAR_ALIGNED,48.78,-7,2,8,0.0004,bitfinex,tBTCF0:USTF0,v10.6-melbourne-unified-2026-06-24,BITFINEX_ZERO,v10.6-melbourne-unified-2026-06-24,CONTINUOUS,Continuous AI Research,APPROVE,60025.0,0.053971,0.007027,NEAR_SUPPORT,-0.010439,1.0,60.9,4.120977,0.0,46.621199,129.489,129.489,129.489,0-5m,AI_DIRECT,AI_DIRECT_CHASE,3,,57.11,0.0,0.0,0.0,False,0.0,0.0,-5.1e-05,3.8e-05,0.015717,0.067986,-138.400806,0.0,0.335044,60025.0,60464.924242,61078.753699,62955.960234,-0.01005,NEAR_SUPPORT,SHORT_PREFERRED,0.053971,0.007027,BEAR,3.0,44.0,0.0,100,5.0,True,True,APPROVE,62,"```json
{
  ""direction"": ""SHORT"",
  ""confidence"": 62,
  ""long_score"": 18,
  ""short_score"": 82,
  ""preferred_direction"": ""SHORT"",
  ""entry_zone_low"": 60100,
  ""entry_zone_high"": 60250,
  ""limit_price"": 60175,
  ""expected_mfe"": 350,
  ""expected_mae"": 120,
  ""reversal_probability"": 45,
  ""exit_style"": ""AGGRESSIVE"",
  ""reasons_for_trade"": [
    ""BEAR_ALIGNED multi-timeframe agreement (15m, 1h, 4h all bearish)"",
    ""Bearish structure with active LH-LL sequence and structure_score -6"",
    ""Bearish EMA stack (price below all EMAs, EMA9 below EMA21, EMA21 below EMA200)"",
    ""Strong trend with ADX 48.78 (>25) favoring continuation"",
    ""Trend health state BEAR with bear_score 11 vs bull_score 3"",
    ""Negative delta (-138.4) and bearish orderflow imbalance (0.335)"",
    ""Volume ratio elevated (3.4x) supporting directional conviction"",
    ""Market structure shift is BEAR_CONTINUATION, no reversal evidence""
  ],
  ""reasons_against_trade"": [
    ""Price is very near support (0.7% above recent low) - bounce risk elevated"",
    ""Reversal probability at 45% suggests non-trivial snap-back potential"",
    ""Micro support at 60903 could act as magnet for short squeeze"",
    ""Funding slightly positive (longs paying) but not extreme enough to force squeeze"",
    ""Entry near support historically reduces short expectancy without strong continuation""
  ],
  ""bull_score"": 2,
  ""bear_score"": 8
}
```",60082.11,59884.0,MAKER,TAKER,0.02499,57.11,129.489,4.95,4.95,0.0,0.0,-0.0,-0.0,32.97,247.258684,PROFIT_LOCK_LADDER,-138.400806,0.067986,3.8e-05,0.335044,False,True,"{'price': 60025.0, 'ret_1m': 0.0, 'ret_5m': 0.0010840560373582388, 'ema9': 60464.92424198006, 'ema21': 61078.75369921057, 'ema200': 62955.96023415468, 'dist_to_support': 0.007027360077267656, 'dist_to_resistance': 0.05397079149389685, 'volume': 0.015716937, 'volume_ratio': 0.0679861823795153, 'delta': -138.40080619800693, 'velocity': 3.836201056063971e-05, 'imbalance': 0.3350437999736008, 'candle_range': 60.9, 'body_ratio': 0.5862319664580384, 'wick_ratio': 0.4137680335419616}",5.0,"{'early_fail_enabled': True, 'invert_signal': False, 'ai_enabled': True, 'edge_threshold': 3.0, 'edge_threshold_max': None, 'edge_range_preset': 'min_only', 'ai_threshold': 44.0, 'leverage': 100, 'pullback_threshold': 0.001}","{'ema9': 60464.92424198006, 'ema21': 61078.75369921057, 'ema200': 62955.96023415468, 'ema_spread': -0.01005, 'ema9_slope_pct': -0.6483, 'ema21_slope_pct': -0.5499, 'ema9_above_ema21': False, 'ema21_above_ema200': False}",WEAK_SETUP,5.0,5.0,False,True,INV_False_EF_True,SHORT,12,8,SCENARIO_C_EARLY_12_v2_frozen,40.0,10.0,-12.0,2.0,8.0,300,1,2,-32.0,False,False,True,False,480,3,5.0,False,5,0.75,"[[12, 8], [15, 10], [25, 18], [40, 28], [60, 45], [80, 60], [100, 75], [150, 120]]","{""trail_ladder"": [[12, 8], [15, 10], [25, 18], [40, 28], [60, 45], [80, 60], [100, 75], [150, 120]], ""ladder_first_trigger_pct"": 12, ""ladder_first_lock_pct"": 8, ""exit_profile_id"": ""SCENARIO_C_EARLY_12_v2_frozen"", ""peak_never_loser_min_peak"": 40.0, ""peak_never_loser_floor"": 10.0, ""thesis_fast_exit_unreal_pct"": -12.0, ""thesis_mfe_protect_pct"": 2.0, ""thesis_exit_if_above_unreal_pct"": 8.0, ""thesis_min_age_sec"": 300, ""thesis_score_flip_margin"": 1, ""thesis_early_decay_delta"": 2, ""early_fail_pct_threshold"": -32.0, ""type_a_first_candle_enabled"": false, ""type_a_early_fail_enabled"": false, ""scenario_c_exit_profile"": true, ""type_a_stall_enabled"": false, ""type_a_stall_min_age_sec"": 480, ""type_a_stall_min_candles"": 3, ""type_a_stall_max_mfe_pct"": 5.0, ""trend_weakening_enabled"": false, ""spread_penalty_threshold"": 5, ""spread_penalty_margin_mult"": 0.75}",2026-06-24T17:09:21.455784+00:00,2026-06-25 03:09:21 AEST,2026-06-25 03:09:21 AEST
2026-06-24T17:11:57.809232+00:00,c65c-c44bd442436d,SHORT,59960.33,59895.0,2.087656,10.9,15.0,6,1.63,1.63,0.0,0.0,-0.0,0.0,PROFIT_LOCK_LADDER,100,0.36,72,44.0,True,SIM_LIMIT,AI_DIRECT_LIMIT,,,,,0,BEAR,SR,70+,SPAWN,-6,-6,BEARISH_STRUCTURE,BEAR_ALIGNED,48.78,-7,2,8,0.0004,bitfinex,tBTCF0:USTF0,v10.6-melbourne-unified-2026-06-24,BITFINEX_ZERO,v10.6-melbourne-unified-2026-06-24,COMBO_65_SP5_CHASE_3PLUS,AI65+ · Spread5+ · Chase 3+,APPROVE,59941.0,0.055905,0.005205,NEAR_SUPPORT,-0.010316,0.933816,60.9,2.087657,-6.616041,20.735376,217.026,217.026,217.026,0-5m,AI_DIRECT,AI_DIRECT_CHASE,3,,19.33,0.0,0.0,0.0,False,0.0,0.0,-2.6e-05,-3.7e-05,0.000882,0.247222,-138.822645,0.0,0.330459,59941.0,60450.724242,61072.299154,62955.253766,-0.010178,NEAR_SUPPORT,SHORT_PREFERRED,0.055905,0.005205,BEAR,3.0,44.0,0.0,100,4.0,True,True,APPROVE,72,"```json
{
  ""direction"": ""SHORT"",
  ""confidence"": 72,
  ""long_score"": 18,
  ""short_score"": 82,
  ""preferred_direction"": ""SHORT"",
  ""entry_zone_low"": 60050,
  ""entry_zone_high"": 60150,
  ""limit_price"": 60100,
  ""expected_mfe"": 180,
  ""expected_mae"": 80,
  ""reversal_probability"": 63,
  ""exit_style"": ""AGGRESSIVE"",
  ""reasons_for_trade"": [
    ""BEAR_ALIGNED multi-timeframe agreement (15m, 1h, 4h all bearish)"",
    ""Bearish structure with LH/LL sequence active and structure_score -6"",
    ""EMA stack bearish (price below all EMAs, ema9 below ema21 below ema200)"",
    ""ADX 48.78 (>25) indicating strong trending market favoring continuation"",
    ""Trend health BEAR with bear_score 11 vs bull_score 3"",
    ""Negative delta (-138.8) and imbalance favoring sellers (0.33)"",
    ""Price near support (0.57% away) but no reversal confirmation - continuation more likely"",
    ""Funding positive (longs pay shorts) favoring short positioning"",
    ""Edge score 4.0 above threshold 3.0 supporting trade viability""
  ],
  ""reasons_against_trade"": [
    ""Price is very close to support (0.57% dist) - bounce risk elevated"",
    ""Reversal probability 63% suggests non-trivial chance of mean reversion"",
    ""Volume ratio low (0.17) - lack of aggressive selling participation"",
    ""Entry near support historically reduces short expectancy without strong continuation""
  ],
  ""bull_score"": 2,
  ""bear_score"": 8
}
```

Direction: SHORT
Win probability: 72
Long score: 18
Short score: 82
Bull score: 2
Bear score: 8
Decision: APPROVE
Reason: Strong bearish alignment across all trend hierarchy layers (MTF, structure, EMA, ADX) with no reversal confirmation. Price near support is a location context only - not a reversal signal. Short entry above current price targets continuation below support.",59960.33,59895.0,MAKER,TAKER,0.025025,19.33,217.026,1.63,1.63,0.0,0.0,-0.0,0.0,10.9,125.259458,PROFIT_LOCK_LADDER,-138.822645,0.247222,-3.7e-05,0.330459,False,True,"{'price': 59941.0, 'ret_1m': 0.0, 'ret_5m': -0.0004669079024162484, 'ema9': 60450.72424198005, 'ema21': 61072.299153756016, 'ema200': 62955.253766492984, 'dist_to_support': 0.00520511836639362, 'dist_to_resistance': 0.05590497322366994, 'volume': 0.0008822859999999998, 'volume_ratio': 0.2472220278782392, 'delta': -138.8226454730064, 'velocity': -3.6689209096633915e-05, 'imbalance': 0.3304593929441946, 'candle_range': 60.9, 'body_ratio': 0.5862319664580384, 'wick_ratio': 0.4137680335419616}",4.0,"{'early_fail_enabled': True, 'invert_signal': False, 'ai_enabled': True, 'edge_threshold': 3.0, 'edge_threshold_max': None, 'edge_range_preset': 'min_only', 'ai_threshold': 44.0, 'leverage': 100, 'pullback_threshold': 0.001}","{'ema9': 60450.72424198005, 'ema21': 61072.299153756016, 'ema200': 62955.253766492984, 'ema_spread': -0.010178, 'ema9_slope_pct': -0.6716, 'ema21_slope_pct': -0.5604, 'ema9_above_ema21': False, 'ema21_above_ema200': False}",MOMENTUM_SHORT,4.0,4.0,False,True,INV_False_EF_True,SHORT,12,8,SCENARIO_C_EARLY_12_v2_frozen,40.0,10.0,-12.0,2.0,8.0,300,1,2,-32.0,False,False,True,False,480,3,5.0,False,5,0.75,"[[12, 8], [15, 10], [25, 18], [40, 28], [60, 45], [80, 60], [100, 75], [150, 120]]","{""trail_ladder"": [[12, 8], [15, 10], [25, 18], [40, 28], [60, 45], [80, 60], [100, 75], [150, 120]], ""ladder_first_trigger_pct"": 12, ""ladder_first_lock_pct"": 8, ""exit_profile_id"": ""SCENARIO_C_EARLY_12_v2_frozen"", ""peak_never_loser_min_peak"": 40.0, ""peak_never_loser_floor"": 10.0, ""thesis_fast_exit_unreal_pct"": -12.0, ""thesis_mfe_protect_pct"": 2.0, ""thesis_exit_if_above_unreal_pct"": 8.0, ""thesis_min_age_sec"": 300, ""thesis_score_flip_margin"": 1, ""thesis_early_decay_delta"": 2, ""early_fail_pct_threshold"": -32.0, ""type_a_first_candle_enabled"": false, ""type_a_early_fail_enabled"": false, ""scenario_c_exit_profile"": true, ""type_a_stall_enabled"": false, ""type_a_stall_min_age_sec"": 480, ""type_a_stall_min_candles"": 3, ""type_a_stall_max_mfe_pct"": 5.0, ""trend_weakening_enabled"": false, ""spread_penalty_threshold"": 5, ""spread_penalty_margin_mult"": 0.75}",2026-06-24T17:11:57.809232+00:00,2026-06-25 03:11:57 AEST,2026-06-25 03:11:57 AEST
2026-06-24T17:14:21.527428+00:00,cont-ac3ae51d5627,SHORT,59970.83,59856.98,1.736334,18.98,15.0,6,2.85,2.85,0.0,0.0,-0.0,0.0,PROFIT_LOCK_LADDER,100,0.63,68,44.0,True,SIM_LIMIT,AI_DIRECT_LIMIT,,,,,0,BEAR,SR,60-70,SPAWN,-6,-6,BEARISH_STRUCTURE,BEAR_ALIGNED,48.78,-7,2,8,0.0004,bitfinex,tBTCF0:USTF0,v10.6-melbourne-unified-2026-06-24,BITFINEX_ZERO,v10.6-melbourne-unified-2026-06-24,CONTINUOUS,Continuous AI Research,APPROVE,59928.0,0.056257,0.004873,NEAR_SUPPORT,-0.01048,1.0,60.9,1.736335,0.0,37.656641,182.956,182.956,182.956,0-5m,AI_DIRECT,AI_DIRECT_CHASE,4,,42.83,0.0,0.0246,0.0246,False,0.0,0.0,-2.2e-05,8.3e-05,0.018154,0.003264,-140.080343,0.0,0.331887,59928.0,60421.724242,61059.117336,62953.81098,-0.010439,NEAR_SUPPORT,SHORT_PREFERRED,0.056257,0.004873,BEAR,3.0,44.0,0.0,100,4.0,True,True,APPROVE,68,"```json
{
  ""direction"": ""SHORT"",
  ""confidence"": 68,
  ""long_score"": 18,
  ""short_score"": 82,
  ""preferred_direction"": ""SHORT"",
  ""entry_zone_low"": 60050,
  ""entry_zone_high"": 60150,
  ""limit_price"": 60100,
  ""expected_mfe"": 180,
  ""expected_mae"": 120,
  ""reversal_probability"": 37,
  ""exit_style"": ""AGGRESSIVE"",
  ""reasons_for_trade"": [
    ""BEAR_ALIGNED multi-timeframe agreement across 15m/1h/4h"",
    ""Bearish structure with active LH-LL sequence and structure_score -6"",
    ""Bearish EMA stack (price below all EMAs, EMA9 below EMA21 below EMA200)"",
    ""Strong trend with ADX 48.78 (>25) favoring continuation"",
    ""Trend health BEAR with bear_score 11 vs bull_score 3"",
    ""Negative delta (-140) and bearish orderflow imbalance (0.33 favoring shorts)"",
    ""Price near support (0.4% away) but no reversal confirmation - continuation more likely"",
    ""Funding positive (3.99e-6) meaning longs pay shorts, slight tailwind for shorts"",
    ""Market regime in COMPRESSION after recent EXPANSION - potential for breakdown""
  ],
  ""reasons_against_trade"": [
    ""Price is very close to support (0.4% away) - bounce risk elevated"",
    ""Reversal risk score 63 indicates moderate reversal probability"",
    ""Low volume ratio (0.003) suggests lack of conviction in current move"",
    ""Short entries near support historically have reduced expectancy"",
    ""Candle wick ratio 0.41 shows some buying pressure in recent candle""
  ],
  ""bull_score"": 2,
  ""bear_score"": 8
}
```

**Direction:** SHORT  
**Win probability:** 68%  
**Long score:** 18  
**Short score:** 82  
**Bull score:** 2/10  
**Bear score:** 8/10  
**Decision:** APPROVE  

**Reason:** The trend hierarchy strongly favors continuation - BEAR_ALIGNED across all timeframes, bearish structure with active LH-LL sequence, bearish EMA stack, and ADX > 25 all point to bearish continuation. Price is near support (0.4% away), but there are no reversal confirmations (no higher low, no structure shift, no momentum expansion in bullish direction). The short entry is planned as a pullback to the micro resistance zone (60712) with limit above current price, targeting a breakdown below support. The low volume and proximity to support introduce some bounce risk, but the overwhelming bearish alignment justifies the trade with aggressive exit to capture the expected move.",59970.83,59856.98,MAKER,TAKER,0.02503,42.83,182.956,2.85,2.85,0.0,0.0,-0.0,0.0,18.98,104.180159,PROFIT_LOCK_LADDER,-140.080343,0.003264,8.3e-05,0.331887,False,True,"{'price': 59928.0, 'ret_1m': 0.00011682048029906043, 'ret_5m': 0.0011359839625793519, 'ema9': 60421.72424198005, 'ema21': 61059.1173355742, 'ema200': 62953.81098042333, 'dist_to_support': 0.004873082892475092, 'dist_to_resistance': 0.05625740558401896, 'volume': 0.018154000000000003, 'volume_ratio': 0.0032635290576142114, 'delta': -140.0803433000055, 'velocity': 8.348517246127102e-05, 'imbalance': 0.33188698364297253, 'candle_range': 60.9, 'body_ratio': 0.5862319664580384, 'wick_ratio': 0.4137680335419616}",4.0,"{'early_fail_enabled': True, 'invert_signal': False, 'ai_enabled': True, 'edge_threshold': 3.0, 'edge_threshold_max': None, 'edge_range_preset': 'min_only', 'ai_threshold': 44.0, 'leverage': 100, 'pullback_threshold': 0.001}","{'ema9': 60421.72424198005, 'ema21': 61059.1173355742, 'ema200': 62953.81098042333, 'ema_spread': -0.010439, 'ema9_slope_pct': -0.7193, 'ema21_slope_pct': -0.5819, 'ema9_above_ema21': False, 'ema21_above_ema200': False}",WEAK_SETUP,4.0,4.0,False,True,INV_False_EF_True,SHORT,12,8,SCENARIO_C_EARLY_12_v2_frozen,40.0,10.0,-12.0,2.0,8.0,300,1,2,-32.0,False,False,True,False,480,3,5.0,False,5,0.75,"[[12, 8], [15, 10], [25, 18], [40, 28], [60, 45], [80, 60], [100, 75], [150, 120]]","{""trail_ladder"": [[12, 8], [15, 10], [25, 18], [40, 28], [60, 45], [80, 60], [100, 75], [150, 120]], ""ladder_first_trigger_pct"": 12, ""ladder_first_lock_pct"": 8, ""exit_profile_id"": ""SCENARIO_C_EARLY_12_v2_frozen"", ""peak_never_loser_min_peak"": 40.0, ""peak_never_loser_floor"": 10.0, ""thesis_fast_exit_unreal_pct"": -12.0, ""thesis_mfe_protect_pct"": 2.0, ""thesis_exit_if_above_unreal_pct"": 8.0, ""thesis_min_age_sec"": 300, ""thesis_score_flip_margin"": 1, ""thesis_early_decay_delta"": 2, ""early_fail_pct_threshold"": -32.0, ""type_a_first_candle_enabled"": false, ""type_a_early_fail_enabled"": false, ""scenario_c_exit_profile"": true, ""type_a_stall_enabled"": false, ""type_a_stall_min_age_sec"": 480, ""type_a_stall_min_candles"": 3, ""type_a_stall_max_mfe_pct"": 5.0, ""trend_weakening_enabled"": false, ""spread_penalty_threshold"": 5, ""spread_penalty_margin_mult"": 0.75}",2026-06-24T17:14:21.527428+00:00,2026-06-25 03:14:21 AEST,2026-06-25 03:14:21 AEST
2026-06-24T17:16:29.167361+00:00,c65c-641689742410,SHORT,59898.34,59854.55,0.582538,7.31,15.0,6,1.1,1.1,0.0,0.0,-0.0,0.0,PROFIT_LOCK_LADDER,100,0.24,68,44.0,True,SIM_LIMIT,AI_DIRECT_LIMIT,,,,,0,BEAR,SR,60-70,SPAWN,-6,-6,BEARISH_STRUCTURE,BEAR_ALIGNED,48.78,-7,2,8,0.0004,bitfinex,tBTCF0:USTF0,v10.6-melbourne-unified-2026-06-24,BITFINEX_ZERO,v10.6-melbourne-unified-2026-06-24,COMBO_65_SP5_CHASE_3PLUS,AI65+ · Spread5+ · Chase 3+,APPROVE,59837.0,0.057864,0.00336,NEAR_SUPPORT,-0.010462,0.868752,60.9,0.582539,-0.277136,13.078827,186.926,186.926,186.926,0-5m,AI_DIRECT,AI_DIRECT_CHASE,4,,61.34,0.0,0.0639,0.0639,False,0.0,0.0,-7e-06,-2.2e-05,0.000845,0.369088,-140.882817,0.0,0.332856,59830.0,60420.324242,61058.480972,62953.741329,-0.010452,NEAR_SUPPORT,SHORT_PREFERRED,0.057864,0.00336,BEAR,3.0,44.0,0.0,100,5.4,True,True,APPROVE,68,"```json
{
  ""direction"": ""SHORT"",
  ""confidence"": 68,
  ""long_score"": 18,
  ""short_score"": 82,
  ""preferred_direction"": ""SHORT"",
  ""entry_zone_low"": 59950,
  ""entry_zone_high"": 60100,
  ""limit_price"": 60025,
  ""expected_mfe"": 180,
  ""expected_mae"": 120,
  ""reversal_probability"": 43,
  ""exit_style"": ""AGGRESSIVE"",
  ""reasons_for_trade"": [
    ""BEAR_ALIGNED multi-timeframe agreement (15m, 1h, 4h all bearish)"",
    ""Bearish market structure with LH/LL sequence active and structure_score -6"",
    ""EMA stack bearish (price below all EMAs, EMA9 below EMA21, EMA21 below EMA200)"",
    ""ADX 48.78 indicates strong trending market favoring continuation"",
    ""Trend health state BEAR with bear_score 11 vs bull_score 3"",
    ""Negative velocity and delta (-140.87) confirm selling pressure"",
    ""Funding rate positive (3.99e-6) meaning longs pay shorts, favorable for short positions"",
    ""Market regime in COMPRESSION after recent EXPANSION, potential for breakdown"",
    ""Price near support (0.396% away) but no reversal confirmation - continuation more likely"",
    ""Edge score 5.4 above threshold 3.0 supports trade viability""
  ],
  ""reasons_against_trade"": [
    ""Price is very close to support (0.396% away), bounce risk exists"",
    ""Reversal probability at 43% suggests non-trivial chance of mean reversion"",
    ""Volume ratio very low (0.021) indicating low participation, could be false move"",
    ""Candle range narrow (60.9) with compression regime, may lack momentum for large move"",
    ""Entry near support historically reduces short expectancy without strong continuation""
  ],
  ""bull_score"": 2,
  ""bear_score"": 8
}
```

**Direction:** SHORT  
**Win probability:** 68%  
**Long score:** 18  
**Short score:** 82  
**Bull score:** 2  
**Bear score:** 8  
**Decision:** APPROVE  
**Reason:** Strong bearish alignment across all trend hierarchy layers (MTF, structure, EMA, ADX, trend health) with orderflow confirming selling pressure. Price near support is a location context only - no reversal confirmation exists. The low volume and compression regime warrant an aggressive exit style to capture quick continuation rather than holding through potential support bounces. Entry above current price (pullback to 60025) aligns with short continuation strategy.",59898.34,59854.55,MAKER,TAKER,0.025068,61.34,186.926,1.1,1.1,0.0,0.0,-0.0,0.0,7.31,34.952385,PROFIT_LOCK_LADDER,-140.882817,0.369088,-2.2e-05,0.332856,False,True,"{'price': 59830.0, 'ret_1m': 0.0, 'ret_5m': -0.0004343758353381449, 'ema9': 60420.32424198005, 'ema21': 61058.48097193784, 'ema200': 62953.741328682045, 'dist_to_support': 0.003359518636135718, 'dist_to_resistance': 0.057863947852248035, 'volume': 0.000845454, 'volume_ratio': 0.36908815810909934, 'delta': -140.8828168030049, 'velocity': -2.1724235894579346e-05, 'imbalance': 0.33285552686510717, 'candle_range': 60.9, 'body_ratio': 0.5862319664580384, 'wick_ratio': 0.4137680335419616}",5.4,"{'early_fail_enabled': True, 'invert_signal': False, 'ai_enabled': True, 'edge_threshold': 3.0, 'edge_threshold_max': None, 'edge_range_preset': 'min_only', 'ai_threshold': 44.0, 'leverage': 100, 'pullback_threshold': 0.001}","{'ema9': 60420.32424198005, 'ema21': 61058.48097193784, 'ema200': 62953.741328682045, 'ema_spread': -0.010452, 'ema9_slope_pct': -0.7216, 'ema21_slope_pct': -0.5829, 'ema9_above_ema21': False, 'ema21_above_ema200': False}",MOMENTUM_SHORT,5.4,5.4,False,True,INV_False_EF_True,SHORT,12,8,SCENARIO_C_EARLY_12_v2_frozen,40.0,10.0,-12.0,2.0,8.0,300,1,2,-32.0,False,False,True,False,480,3,5.0,False,5,0.75,"[[12, 8], [15, 10], [25, 18], [40, 28], [60, 45], [80, 60], [100, 75], [150, 120]]","{""trail_ladder"": [[12, 8], [15, 10], [25, 18], [40, 28], [60, 45], [80, 60], [100, 75], [150, 120]], ""ladder_first_trigger_pct"": 12, ""ladder_first_lock_pct"": 8, ""exit_profile_id"": ""SCENARIO_C_EARLY_12_v2_frozen"", ""peak_never_loser_min_peak"": 40.0, ""peak_never_loser_floor"": 10.0, ""thesis_fast_exit_unreal_pct"": -12.0, ""thesis_mfe_protect_pct"": 2.0, ""thesis_exit_if_above_unreal_pct"": 8.0, ""thesis_min_age_sec"": 300, ""thesis_score_flip_margin"": 1, ""thesis_early_decay_delta"": 2, ""early_fail_pct_threshold"": -32.0, ""type_a_first_candle_enabled"": false, ""type_a_early_fail_enabled"": false, ""scenario_c_exit_profile"": true, ""type_a_stall_enabled"": false, ""type_a_stall_min_age_sec"": 480, ""type_a_stall_min_candles"": 3, ""type_a_stall_max_mfe_pct"": 5.0, ""trend_weakening_enabled"": false, ""spread_penalty_threshold"": 5, ""spread_penalty_margin_mult"": 0.75}",2026-06-24T17:16:29.167361+00:00,2026-06-25 03:16:29 AEST,2026-06-25 03:16:29 AEST
2026-06-24T17:19:46.073147+00:00,cont-3ba3c4ee1d9c,SHORT,59849.04,59676.0,0.687277,28.91,15.0,6,4.34,4.34,0.0,0.0,-0.0,0.0,PROFIT_LOCK_LADDER,100,0.96,62,44.0,True,SIM_LIMIT,AI_DIRECT_LIMIT,,,,,0,BEAR,SR,60-70,SPAWN,-6,-6,BEARISH_STRUCTURE,BEAR_ALIGNED,48.78,-7,2,8,0.0004,bitfinex,tBTCF0:USTF0,v10.6-melbourne-unified-2026-06-24,BITFINEX_ZERO,v10.6-melbourne-unified-2026-06-24,CONTINUOUS,Continuous AI Research,APPROVE,59882.0,0.056928,0.004242,NEAR_SUPPORT,-0.010916,0.200374,60.9,0.687278,0.0,41.611361,184.646,184.646,184.646,0-5m,AI_DIRECT,AI_DIRECT_CHASE,4,,32.96,0.0,0.05,0.05,False,0.0,0.0,-9e-06,2.3e-05,0.000876,0.22396,-140.687129,0.0,0.331899,59882.0,60423.324242,61059.844608,62953.890582,-0.010425,NEAR_SUPPORT,SHORT_PREFERRED,0.056928,0.004242,BEAR,3.0,44.0,0.0,100,5.7,True,True,APPROVE,62,"```json
{
  ""direction"": ""SHORT"",
  ""confidence"": 62,
  ""long_score"": 18,
  ""short_score"": 82,
  ""preferred_direction"": ""SHORT"",
  ""entry_zone_low"": 59950,
  ""entry_zone_high"": 60150,
  ""limit_price"": 60050,
  ""expected_mfe"": 180,
  ""expected_mae"": 120,
  ""reversal_probability"": 43,
  ""exit_style"": ""AGGRESSIVE"",
  ""reasons_for_trade"": [
    ""Multi-timeframe agreement is BEAR_ALIGNED across 15m, 1h, 4h"",
    ""Market structure bias is BEARISH_STRUCTURE with active LH-LL sequence"",
    ""EMA stack is bearish (price below all EMAs, EMA9 below EMA21 below EMA200)"",
    ""ADX at 48.78 indicates strong trending conditions favoring continuation"",
    ""Trend health state is BEAR with bear_score 11 vs bull_score 3"",
    ""Orderflow shows negative delta (-140.69) and bearish velocity"",
    ""Funding rate positive (3.99e-06) favors shorts, longs paying"",
    ""Market structure shift is BEAR_CONTINUATION, no reversal evidence""
  ],
  ""reasons_against_trade"": [
    ""Price is very near support (0.4% away), increasing bounce risk"",
    ""Volume ratio is low (0.45), suggesting lack of aggressive selling"",
    ""Reversal probability is moderate at 43, not negligible"",
    ""Entry near support historically reduces short expectancy without strong continuation""
  ],
  ""bull_score"": 2,
  ""bear_score"": 8
}
```",59849.04,59676.0,MAKER,TAKER,0.025049,32.96,184.646,4.34,4.34,0.0,0.0,-0.0,0.0,28.91,41.236742,PROFIT_LOCK_LADDER,-140.687129,0.22396,2.3e-05,0.331899,False,True,"{'price': 59882.0, 'ret_1m': 0.0, 'ret_5m': -0.00010018701576275714, 'ema9': 60423.32424198005, 'ema21': 61059.84460830147, 'ema200': 62953.89058241338, 'dist_to_support': 0.0042416044620343, 'dist_to_resistance': 0.05692767563415327, 'volume': 0.000876406, 'volume_ratio': 0.22396011288306358, 'delta': -140.6871290550045, 'velocity': 2.3406178863899805e-05, 'imbalance': 0.3318989666744899, 'candle_range': 60.9, 'body_ratio': 0.5862319664580384, 'wick_ratio': 0.4137680335419616}",5.7,"{'early_fail_enabled': True, 'invert_signal': False, 'ai_enabled': True, 'edge_threshold': 3.0, 'edge_threshold_max': None, 'edge_range_preset': 'min_only', 'ai_threshold': 44.0, 'leverage': 100, 'pullback_threshold': 0.001}","{'ema9': 60423.32424198005, 'ema21': 61059.84460830147, 'ema200': 62953.89058241338, 'ema_spread': -0.010425, 'ema9_slope_pct': -0.7167, 'ema21_slope_pct': -0.5807, 'ema9_above_ema21': False, 'ema21_above_ema200': False}",WEAK_SETUP,5.7,5.7,False,True,INV_False_EF_True,SHORT,12,8,SCENARIO_C_EARLY_12_v2_frozen,40.0,10.0,-12.0,2.0,8.0,300,1,2,-32.0,False,False,True,False,480,3,5.0,False,5,0.75,"[[12, 8], [15, 10], [25, 18], [40, 28], [60, 45], [80, 60], [100, 75], [150, 120]]","{""trail_ladder"": [[12, 8], [15, 10], [25, 18], [40, 28], [60, 45], [80, 60], [100, 75], [150, 120]], ""ladder_first_trigger_pct"": 12, ""ladder_first_lock_pct"": 8, ""exit_profile_id"": ""SCENARIO_C_EARLY_12_v2_frozen"", ""peak_never_loser_min_peak"": 40.0, ""peak_never_loser_floor"": 10.0, ""thesis_fast_exit_unreal_pct"": -12.0, ""thesis_mfe_protect_pct"": 2.0, ""thesis_exit_if_above_unreal_pct"": 8.0, ""thesis_min_age_sec"": 300, ""thesis_score_flip_margin"": 1, ""thesis_early_decay_delta"": 2, ""early_fail_pct_threshold"": -32.0, ""type_a_first_candle_enabled"": false, ""type_a_early_fail_enabled"": false, ""scenario_c_exit_profile"": true, ""type_a_stall_enabled"": false, ""type_a_stall_min_age_sec"": 480, ""type_a_stall_min_candles"": 3, ""type_a_stall_max_mfe_pct"": 5.0, ""trend_weakening_enabled"": false, ""spread_penalty_threshold"": 5, ""spread_penalty_margin_mult"": 0.75}",2026-06-24T17:19:46.073147+00:00,2026-06-25 03:19:46 AEST,2026-06-25 03:19:46 AEST
2026-06-24T17:26:40.783340+00:00,cont-47b25b7d3845,SHORT,59484.75,59645.0,3.402643,-26.94,15.0,6,-4.04,-4.04,0.0,0.0,-0.0,0.0,STOP_LOSS,100,0.9,72,44.0,True,SIM_LIMIT,AI_DIRECT_LIMIT,,,,,0,BEAR,SR,70+,SPAWN,-6,-6,BEARISH_STRUCTURE,BEAR_ALIGNED,50.71,-7,2,8,0.0004,bitfinex,tBTCF0:USTF0,v10.6-melbourne-unified-2026-06-24,BITFINEX_ZERO,v10.6-melbourne-unified-2026-06-24,CONTINUOUS,Continuous AI Research,APPROVE,59379.0,0.065701,0.000404,NEAR_SUPPORT,-0.011006,0.202078,66.1,3.402644,-30.638105,11.053253,28.369,28.369,28.369,0-5m,AI_DIRECT,AI_DIRECT_CHASE,1,,105.75,0.0,0.0,0.0,False,0.0,0.0,-4.3e-05,2e-05,0.022657,3.019285,-161.881352,0.0,0.335004,59377.0,60220.859394,60909.949644,62918.783265,-0.011313,NEAR_SUPPORT,SHORT_PREFERRED,0.065701,0.000404,BEAR,3.0,44.0,0.0,100,4.8,True,True,APPROVE,72,"```json
{
  ""direction"": ""SHORT"",
  ""confidence"": 72,
  ""long_score"": 18,
  ""short_score"": 82,
  ""preferred_direction"": ""SHORT"",
  ""entry_zone_low"": 59450,
  ""entry_zone_high"": 59600,
  ""limit_price"": 59525,
  ""expected_mfe"": 0.0045,
  ""expected_mae"": 0.0035,
  ""reversal_probability"": 25,
  ""exit_style"": ""AGGRESSIVE"",
  ""reasons_for_trade"": [
    ""Multi-timeframe agreement is BEAR_ALIGNED across 15m, 1h, 4h"",
    ""Market structure bias is BEARISH_STRUCTURE with active LH-LL sequence"",
    ""EMA stack is bearish (price below all EMAs, EMA9 below EMA21 below EMA200)"",
    ""ADX at 50.71 indicates strong trending conditions favoring continuation"",
    ""Trend health state is BEAR with bear_score 11 vs bull_score 3"",
    ""Orderflow shows negative delta (-162) and bearish velocity"",
    ""Volume ratio above 1.6 suggests selling pressure"",
    ""Funding rate positive (3.99e-06) favors shorts"",
    ""Market structure shift is BEAR_CONTINUATION"",
    ""Price is near support but no reversal confirmation - continuation more likely""
  ],
  ""reasons_against_trade"": [
    ""Price is very close to support (0.008% away) - bounce risk elevated"",
    ""Reversal risk score is 25 (non-trivial)"",
    ""Candle has small body ratio (0.52) indicating indecision near support"",
    ""Edge score of 4.8 is above threshold but not extreme""
  ],
  ""bull_score"": 2,
  ""bear_score"": 8
}
```",59484.75,59645.0,MAKER,TAKER,0.025261,105.75,28.369,-4.04,-4.04,0.0,0.0,-0.0,0.0,-26.94,204.158697,STOP_LOSS,-161.881352,3.019285,2e-05,0.335004,False,True,"{'price': 59379.0, 'ret_1m': 0.0, 'ret_5m': -0.00010103901790074601, 'ema9': 60220.85939358405, 'ema21': 60909.94964390602, 'ema200': 62918.78326514988, 'dist_to_support': 0.00040410843576359657, 'dist_to_resistance': 0.06570129651456474, 'volume': 0.022657, 'volume_ratio': 3.019285089763998, 'delta': -161.88135217100347, 'velocity': 2.0243457965058494e-05, 'imbalance': 0.3350036111226555, 'candle_range': 66.1, 'body_ratio': 0.5230740717211964, 'wick_ratio': 0.47692592827880365}",4.8,"{'early_fail_enabled': True, 'invert_signal': False, 'ai_enabled': True, 'edge_threshold': 3.0, 'edge_threshold_max': None, 'edge_range_preset': 'min_only', 'ai_threshold': 44.0, 'leverage': 100, 'pullback_threshold': 0.001}","{'ema9': 60220.85939358405, 'ema21': 60909.94964390602, 'ema200': 62918.78326514988, 'ema_spread': -0.011313, 'ema9_slope_pct': -0.8569, 'ema21_slope_pct': -0.656, 'ema9_above_ema21': False, 'ema21_above_ema200': False}",ORDERFLOW_SPIKE,4.8,4.8,False,True,INV_False_EF_True,SHORT,12,8,SCENARIO_C_EARLY_12_v2_frozen,40.0,10.0,-12.0,2.0,8.0,300,1,2,-32.0,False,False,True,False,480,3,5.0,False,5,0.75,"[[12, 8], [15, 10], [25, 18], [40, 28], [60, 45], [80, 60], [100, 75], [150, 120]]","{""trail_ladder"": [[12, 8], [15, 10], [25, 18], [40, 28], [60, 45], [80, 60], [100, 75], [150, 120]], ""ladder_first_trigger_pct"": 12, ""ladder_first_lock_pct"": 8, ""exit_profile_id"": ""SCENARIO_C_EARLY_12_v2_frozen"", ""peak_never_loser_min_peak"": 40.0, ""peak_never_loser_floor"": 10.0, ""thesis_fast_exit_unreal_pct"": -12.0, ""thesis_mfe_protect_pct"": 2.0, ""thesis_exit_if_above_unreal_pct"": 8.0, ""thesis_min_age_sec"": 300, ""thesis_score_flip_margin"": 1, ""thesis_early_decay_delta"": 2, ""early_fail_pct_threshold"": -32.0, ""type_a_first_candle_enabled"": false, ""type_a_early_fail_enabled"": false, ""scenario_c_exit_profile"": true, ""type_a_stall_enabled"": false, ""type_a_stall_min_age_sec"": 480, ""type_a_stall_min_candles"": 3, ""type_a_stall_max_mfe_pct"": 5.0, ""trend_weakening_enabled"": false, ""spread_penalty_threshold"": 5, ""spread_penalty_margin_mult"": 0.75}",2026-06-24T17:26:40.783340+00:00,2026-06-25 03:26:40 AEST,2026-06-25 03:26:40 AEST
2026-06-24T17:26:42.760427+00:00,c65c-7453abd96670,SHORT,59499.5,59643.0,2.984699,-24.12,15.0,6,-3.62,-3.62,0.0,0.0,-0.0,0.0,EARLY_FAIL,100,0.8,72,44.0,True,SIM_LIMIT,AI_DIRECT_LIMIT,,,,,0,BEAR,SR,70+,SPAWN,-6,-6,BEARISH_STRUCTURE,BEAR_ALIGNED,50.71,-7,2,8,0.0004,bitfinex,tBTCF0:USTF0,v10.6-melbourne-unified-2026-06-24,BITFINEX_ZERO,v10.6-melbourne-unified-2026-06-24,COMBO_65_SP5_CHASE_3PLUS,AI65+ · Spread5+ · Chase 3+,APPROVE,59423.0,0.065701,0.000404,NEAR_SUPPORT,-0.011006,1.0,0.0,2.9847,-32.017076,5.294162,51.47,51.47,51.47,0-5m,AI_DIRECT,AI_DIRECT_CHASE,1,,76.5,0.0,0.0,0.0,False,0.0,0.0,-3.7e-05,0.000185,4e-05,0.002279,-161.5438,4e-05,0.33383,59426.0,60220.859394,60909.949644,62918.783265,-0.011313,NEAR_SUPPORT,SHORT_PREFERRED,0.065701,0.000404,BEAR,3.0,44.0,0.0,100,4.8,True,True,APPROVE,72,"```json
{
  ""direction"": ""SHORT"",
  ""confidence"": 72,
  ""long_score"": 18,
  ""short_score"": 82,
  ""preferred_direction"": ""SHORT"",
  ""entry_zone_low"": 59450,
  ""entry_zone_high"": 59600,
  ""limit_price"": 59525,
  ""expected_mfe"": 0.0045,
  ""expected_mae"": 0.0035,
  ""reversal_probability"": 25,
  ""exit_style"": ""AGGRESSIVE"",
  ""reasons_for_trade"": [
    ""Multi-timeframe agreement is BEAR_ALIGNED across 15m, 1h, 4h"",
    ""Market structure bias is BEARISH_STRUCTURE with active LH-LL sequence"",
    ""EMA stack is bearish (price below all EMAs, EMA9 below EMA21 below EMA200)"",
    ""ADX at 50.71 indicates strong trending conditions favoring continuation"",
    ""Trend health state is BEAR with bear_score 11 vs bull_score 3"",
    ""Orderflow shows negative delta (-162) and bearish velocity"",
    ""Volume ratio above 1.6 suggests selling pressure"",
    ""Funding rate positive (3.99e-06) favors shorts"",
    ""Market structure shift is BEAR_CONTINUATION"",
    ""Price is near support but no reversal confirmation - continuation more likely""
  ],
  ""reasons_against_trade"": [
    ""Price is very close to support (0.008% away) - bounce risk elevated"",
    ""Reversal risk score is 25 (non-trivial)"",
    ""Candle has small body ratio (0.52) indicating indecision near support"",
    ""Edge score of 4.8 is above threshold but not extreme""
  ],
  ""bull_score"": 2,
  ""bear_score"": 8
}
```",59499.5,59643.0,MAKER,TAKER,0.025243,76.5,51.47,-3.62,-3.62,0.0,0.0,-0.0,0.0,-24.12,179.082047,EARLY_FAIL,-161.5438,0.002279,0.000185,0.33383,True,True,"{'velocity': 0.00018516336458666488, 'volume': 4e-05, 'volume_ratio': 0.002279391436221522, 'delta': -161.54379970000352, 'imbalance': 0.3338301677495204, 'delta_change': 4.0000000012696546e-05}",4.8,"{'early_fail_enabled': True, 'invert_signal': False, 'ai_enabled': True, 'edge_threshold': 3.0, 'edge_threshold_max': None, 'edge_range_preset': 'min_only', 'ai_threshold': 44.0, 'leverage': 100, 'pullback_threshold': 0.001}","{'ema9': 60220.85939358405, 'ema21': 60909.94964390602, 'ema200': 62918.78326514988, 'ema_spread': -0.011313, 'ema9_slope_pct': -0.8569, 'ema21_slope_pct': -0.656, 'ema9_above_ema21': False, 'ema21_above_ema200': False}",WEAK_SETUP,4.8,4.8,False,True,INV_False_EF_True,SHORT,12,8,SCENARIO_C_EARLY_12_v2_frozen,40.0,10.0,-12.0,2.0,8.0,300,1,2,-32.0,False,False,True,False,480,3,5.0,False,5,0.75,"[[12, 8], [15, 10], [25, 18], [40, 28], [60, 45], [80, 60], [100, 75], [150, 120]]","{""trail_ladder"": [[12, 8], [15, 10], [25, 18], [40, 28], [60, 45], [80, 60], [100, 75], [150, 120]], ""ladder_first_trigger_pct"": 12, ""ladder_first_lock_pct"": 8, ""exit_profile_id"": ""SCENARIO_C_EARLY_12_v2_frozen"", ""peak_never_loser_min_peak"": 40.0, ""peak_never_loser_floor"": 10.0, ""thesis_fast_exit_unreal_pct"": -12.0, ""thesis_mfe_protect_pct"": 2.0, ""thesis_exit_if_above_unreal_pct"": 8.0, ""thesis_min_age_sec"": 300, ""thesis_score_flip_margin"": 1, ""thesis_early_decay_delta"": 2, ""early_fail_pct_threshold"": -32.0, ""type_a_first_candle_enabled"": false, ""type_a_early_fail_enabled"": false, ""scenario_c_exit_profile"": true, ""type_a_stall_enabled"": false, ""type_a_stall_min_age_sec"": 480, ""type_a_stall_min_candles"": 3, ""type_a_stall_max_mfe_pct"": 5.0, ""trend_weakening_enabled"": false, ""spread_penalty_threshold"": 5, ""spread_penalty_margin_mult"": 0.75}",2026-06-24T17:26:42.760427+00:00,2026-06-25 03:26:42 AEST,2026-06-25 03:26:42 AEST
2026-06-24T17:31:23.817360+00:00,cont-804223e335e9,SHORT,59704.0,59651.0,4.35549,8.88,15.0,6,1.33,1.33,0.0,0.0,-0.0,-0.0,PROFIT_LOCK_LADDER,100,0.3,72,44.0,True,SIM_LIMIT,AI_DIRECT_LIMIT,,,,,0,BEAR,SR,70+,SPAWN,-6,-6,BEARISH_STRUCTURE,BEAR_ALIGNED,50.71,-7,2,8,0.0004,bitfinex,tBTCF0:USTF0,v10.6-melbourne-unified-2026-06-24,BITFINEX_ZERO,v10.6-melbourne-unified-2026-06-24,CONTINUOUS,Continuous AI Research,APPROVE,59581.0,0.06357,0.00242,NEAR_SUPPORT,-0.010839,1.0,66.1,4.355491,-19.429184,12.561972,69.16,69.16,69.16,0-5m,AI_DIRECT,AI_DIRECT_CHASE,1,,123.0,0.0,0.0,0.0,False,0.0,0.0,-5.4e-05,0.000173,0.003589,0.011019,-161.171872,0.0,0.330503,59571.0,60253.459394,60924.767826,62920.405156,-0.011019,NEAR_SUPPORT,SHORT_PREFERRED,0.06357,0.00242,BEAR,3.0,44.0,0.0,100,5.8,True,True,APPROVE,72,"```json
{
  ""direction"": ""SHORT"",
  ""confidence"": 72,
  ""long_score"": 18,
  ""short_score"": 82,
  ""preferred_direction"": ""SHORT"",
  ""entry_zone_low"": 59650,
  ""entry_zone_high"": 59850,
  ""limit_price"": 59750,
  ""expected_mfe"": 350,
  ""expected_mae"": 120,
  ""reversal_probability"": 25,
  ""exit_style"": ""AGGRESSIVE"",
  ""reasons_for_trade"": [
    ""MTF agreement is BEAR_ALIGNED across 15m/1h/4h"",
    ""Market structure bias is BEARISH with active LH-LL sequence"",
    ""EMA stack is bearish (price below all EMAs, EMA9 below EMA21, EMA21 below EMA200)"",
    ""ADX at 50.71 indicates strong trending conditions favoring continuation"",
    ""Trend health state is BEAR with bear_score 11 vs bull_score 3"",
    ""Orderflow shows negative delta (-161) and bearish imbalance (0.33)"",
    ""Funding rate positive (3.99e-06) favors shorts as longs pay"",
    ""Price is near support (0.24% away) but structure is bearish continuation, not reversal""
  ],
  ""reasons_against_trade"": [
    ""Price is very close to recent low support (59365), increasing bounce risk"",
    ""Volume ratio below 1 (0.73) suggests lack of aggressive selling"",
    ""Reversal risk score is 45, indicating moderate reversal potential from support"",
    ""Entry near support historically shows reduced expectancy for shorts""
  ],
  ""bull_score"": 2,
  ""bear_score"": 8
}
```

Direction: SHORT
Win probability: 72
Long score: 18
Short score: 82
Bull score: 2
Bear score: 8
Decision: APPROVE
Reason: Strong bearish alignment across all trend hierarchy layers (MTF, structure, EMA, ADX) with negative orderflow. Price near support is a location context only - no reversal confirmation exists. Short entry above current price (pullback) to avoid chasing into support.",59704.0,59651.0,MAKER,TAKER,0.025176,123.0,69.16,1.33,1.33,0.0,0.0,-0.0,-0.0,8.88,261.329495,PROFIT_LOCK_LADDER,-161.171872,0.011019,0.000173,0.330503,False,True,"{'price': 59571.0, 'ret_1m': 0.0, 'ret_5m': 0.00033584658527984417, 'ema9': 60253.459393584046, 'ema21': 60924.7678257242, 'ema200': 62920.405155697146, 'dist_to_support': 0.002419802046749231, 'dist_to_resistance': 0.06357021626980792, 'volume': 0.0035894809999999994, 'volume_ratio': 0.011019048699665595, 'delta': -161.17187217000344, 'velocity': 0.00017319062916928922, 'imbalance': 0.3305030422404602, 'candle_range': 66.1, 'body_ratio': 0.5230740717211964, 'wick_ratio': 0.47692592827880365}",5.8,"{'early_fail_enabled': True, 'invert_signal': False, 'ai_enabled': True, 'edge_threshold': 3.0, 'edge_threshold_max': None, 'edge_range_preset': 'min_only', 'ai_threshold': 44.0, 'leverage': 100, 'pullback_threshold': 0.001}","{'ema9': 60253.459393584046, 'ema21': 60924.7678257242, 'ema200': 62920.405155697146, 'ema_spread': -0.011019, 'ema9_slope_pct': -0.8033, 'ema21_slope_pct': -0.6319, 'ema9_above_ema21': False, 'ema21_above_ema200': False}",WEAK_SETUP,5.8,5.8,False,True,INV_False_EF_True,SHORT,12,8,SCENARIO_C_EARLY_12_v2_frozen,40.0,10.0,-12.0,2.0,8.0,300,1,2,-32.0,False,False,True,False,480,3,5.0,False,5,0.75,"[[12, 8], [15, 10], [25, 18], [40, 28], [60, 45], [80, 60], [100, 75], [150, 120]]","{""trail_ladder"": [[12, 8], [15, 10], [25, 18], [40, 28], [60, 45], [80, 60], [100, 75], [150, 120]], ""ladder_first_trigger_pct"": 12, ""ladder_first_lock_pct"": 8, ""exit_profile_id"": ""SCENARIO_C_EARLY_12_v2_frozen"", ""peak_never_loser_min_peak"": 40.0, ""peak_never_loser_floor"": 10.0, ""thesis_fast_exit_unreal_pct"": -12.0, ""thesis_mfe_protect_pct"": 2.0, ""thesis_exit_if_above_unreal_pct"": 8.0, ""thesis_min_age_sec"": 300, ""thesis_score_flip_margin"": 1, ""thesis_early_decay_delta"": 2, ""early_fail_pct_threshold"": -32.0, ""type_a_first_candle_enabled"": false, ""type_a_early_fail_enabled"": false, ""scenario_c_exit_profile"": true, ""type_a_stall_enabled"": false, ""type_a_stall_min_age_sec"": 480, ""type_a_stall_min_candles"": 3, ""type_a_stall_max_mfe_pct"": 5.0, ""trend_weakening_enabled"": false, ""spread_penalty_threshold"": 5, ""spread_penalty_margin_mult"": 0.75}",2026-06-24T17:31:23.817360+00:00,2026-06-25 03:31:23 AEST,2026-06-25 03:31:23 AEST
2026-06-24T17:31:42.942020+00:00,c65c-fff8e9d3c0a9,SHORT,59707.75,59634.0,4.670159,12.35,15.0,6,1.85,1.85,0.0,0.0,-0.0,-0.0,PROFIT_LOCK_LADDER,100,0.41,72,44.0,True,SIM_LIMIT,AI_DIRECT_LIMIT,,,,,0,BEAR,SR,70+,SPAWN,-6,-6,BEARISH_STRUCTURE,BEAR_ALIGNED,50.71,-7,2,8,0.0004,bitfinex,tBTCF0:USTF0,v10.6-melbourne-unified-2026-06-24,BITFINEX_ZERO,v10.6-melbourne-unified-2026-06-24,COMBO_65_SP5_CHASE_3PLUS,AI65+ · Spread5+ · Chase 3+,APPROVE,59581.0,0.06357,0.00242,NEAR_SUPPORT,-0.010839,1.0,66.1,4.670159,-18.799905,18.213716,68.011,68.011,68.011,0-5m,AI_DIRECT,AI_DIRECT_CHASE,1,,126.75,0.0,0.0,0.0,False,0.0,0.0,-5.8e-05,0.00019,0.003635,0.026591,-161.168616,0.0,0.330494,59581.0,60253.459394,60924.767826,62920.405156,-0.011019,NEAR_SUPPORT,SHORT_PREFERRED,0.06357,0.00242,BEAR,3.0,44.0,0.0,100,5.8,True,True,APPROVE,72,"```json
{
  ""direction"": ""SHORT"",
  ""confidence"": 72,
  ""long_score"": 18,
  ""short_score"": 82,
  ""preferred_direction"": ""SHORT"",
  ""entry_zone_low"": 59650,
  ""entry_zone_high"": 59850,
  ""limit_price"": 59750,
  ""expected_mfe"": 350,
  ""expected_mae"": 120,
  ""reversal_probability"": 25,
  ""exit_style"": ""AGGRESSIVE"",
  ""reasons_for_trade"": [
    ""MTF agreement is BEAR_ALIGNED across 15m/1h/4h"",
    ""Market structure bias is BEARISH with active LH-LL sequence"",
    ""EMA stack is bearish (price below all EMAs, EMA9 below EMA21, EMA21 below EMA200)"",
    ""ADX at 50.71 indicates strong trending conditions favoring continuation"",
    ""Trend health state is BEAR with bear_score 11 vs bull_score 3"",
    ""Orderflow shows negative delta (-161) and bearish imbalance (0.33)"",
    ""Funding rate positive (3.99e-06) favors shorts as longs pay"",
    ""Price is near support (0.24% away) but structure is bearish continuation, not reversal""
  ],
  ""reasons_against_trade"": [
    ""Price is very close to recent low support (59365), increasing bounce risk"",
    ""Volume ratio below 1 (0.73) suggests lack of aggressive selling"",
    ""Reversal risk score is 45, indicating moderate reversal potential from support"",
    ""Entry near support historically shows reduced expectancy for shorts""
  ],
  ""bull_score"": 2,
  ""bear_score"": 8
}
```

Direction: SHORT
Win probability: 72
Long score: 18
Short score: 82
Bull score: 2
Bear score: 8
Decision: APPROVE
Reason: Strong bearish alignment across all trend hierarchy layers (MTF, structure, EMA, ADX) with negative orderflow. Price near support is a location context only - no reversal confirmation exists. Short entry above current price (pullback) to avoid chasing into support.",59707.75,59634.0,MAKER,TAKER,0.025176,126.75,68.011,1.85,1.85,0.0,0.0,-0.0,-0.0,12.35,280.209617,PROFIT_LOCK_LADDER,-161.168616,0.026591,0.00019,0.330494,False,True,"{'price': 59581.0, 'ret_1m': 0.00016786691510970104, 'ret_5m': 0.0005037698779197662, 'ema9': 60253.459393584046, 'ema21': 60924.7678257242, 'ema200': 62920.405155697146, 'dist_to_support': 0.002419802046749231, 'dist_to_resistance': 0.06357021626980792, 'volume': 0.0036349429999999994, 'volume_ratio': 0.026590813411713824, 'delta': -161.16861589300348, 'velocity': 0.00018997732068025934, 'imbalance': 0.33049390130557504, 'candle_range': 66.1, 'body_ratio': 0.5230740717211964, 'wick_ratio': 0.47692592827880365}",5.8,"{'early_fail_enabled': True, 'invert_signal': False, 'ai_enabled': True, 'edge_threshold': 3.0, 'edge_threshold_max': None, 'edge_range_preset': 'min_only', 'ai_threshold': 44.0, 'leverage': 100, 'pullback_threshold': 0.001}","{'ema9': 60253.459393584046, 'ema21': 60924.7678257242, 'ema200': 62920.405155697146, 'ema_spread': -0.011019, 'ema9_slope_pct': -0.8033, 'ema21_slope_pct': -0.6319, 'ema9_above_ema21': False, 'ema21_above_ema200': False}",WEAK_SETUP,5.8,5.8,False,True,INV_False_EF_True,SHORT,12,8,SCENARIO_C_EARLY_12_v2_frozen,40.0,10.0,-12.0,2.0,8.0,300,1,2,-32.0,False,False,True,False,480,3,5.0,False,5,0.75,"[[12, 8], [15, 10], [25, 18], [40, 28], [60, 45], [80, 60], [100, 75], [150, 120]]","{""trail_ladder"": [[12, 8], [15, 10], [25, 18], [40, 28], [60, 45], [80, 60], [100, 75], [150, 120]], ""ladder_first_trigger_pct"": 12, ""ladder_first_lock_pct"": 8, ""exit_profile_id"": ""SCENARIO_C_EARLY_12_v2_frozen"", ""peak_never_loser_min_peak"": 40.0, ""peak_never_loser_floor"": 10.0, ""thesis_fast_exit_unreal_pct"": -12.0, ""thesis_mfe_protect_pct"": 2.0, ""thesis_exit_if_above_unreal_pct"": 8.0, ""thesis_min_age_sec"": 300, ""thesis_score_flip_margin"": 1, ""thesis_early_decay_delta"": 2, ""early_fail_pct_threshold"": -32.0, ""type_a_first_candle_enabled"": false, ""type_a_early_fail_enabled"": false, ""scenario_c_exit_profile"": true, ""type_a_stall_enabled"": false, ""type_a_stall_min_age_sec"": 480, ""type_a_stall_min_candles"": 3, ""type_a_stall_max_mfe_pct"": 5.0, ""trend_weakening_enabled"": false, ""spread_penalty_threshold"": 5, ""spread_penalty_margin_mult"": 0.75}",2026-06-24T17:31:42.942020+00:00,2026-06-25 03:31:42 AEST,2026-06-25 03:31:42 AEST
2026-06-24T17:31:43.554873+00:00,cont-20f9204c99c1,SHORT,59780.88,59634.0,0.398741,24.57,15.0,6,3.69,3.69,0.0,0.0,-0.0,0.0,PROFIT_LOCK_LADDER,100,0.82,68,44.0,True,SIM_LIMIT,AI_DIRECT_LIMIT,,,,,0,BEAR,SR,60-70,SPAWN,-6,-6,BEARISH_STRUCTURE,BEAR_ALIGNED,50.71,-7,2,8,0.0004,bitfinex,tBTCF0:USTF0,v10.6-melbourne-unified-2026-06-24,BITFINEX_ZERO,v10.6-melbourne-unified-2026-06-24,CONTINUOUS,Continuous AI Research,APPROVE,59723.0,0.059617,0.006127,NEAR_SUPPORT,-0.010839,1.0,66.1,0.398743,0.0,30.424443,133.742,133.742,133.742,0-5m,AI_DIRECT,AI_DIRECT_CHASE,3,,57.88,0.0,0.0,0.0,False,0.0,0.0,-5e-06,3.5e-05,0.047243,0.006651,-165.102744,0.0,0.33343,59731.0,60279.459394,60936.586008,62921.698688,-0.010784,NEAR_SUPPORT,SHORT_PREFERRED,0.059617,0.006127,BEAR,3.0,44.0,0.0,100,5.5,True,True,APPROVE,68,"```json
{
  ""direction"": ""SHORT"",
  ""confidence"": 68,
  ""long_score"": 18,
  ""short_score"": 82,
  ""preferred_direction"": ""SHORT"",
  ""entry_zone_low"": 59850,
  ""entry_zone_high"": 59950,
  ""limit_price"": 59900,
  ""expected_mfe"": 350,
  ""expected_mae"": 120,
  ""reversal_probability"": 45,
  ""exit_style"": ""AGGRESSIVE"",
  ""reasons_for_trade"": [
    ""Multi-timeframe agreement is BEAR_ALIGNED across 15m, 1h, 4h"",
    ""Market structure bias is BEARISH with active LH-LL sequence and structure_score -6"",
    ""EMA stack is bearish (price below all EMAs, EMA9 below EMA21, EMA21 below EMA200)"",
    ""ADX at 50.71 indicates strong trending conditions favoring continuation"",
    ""Trend health state is BEAR with bear_score 11 vs bull_score 3"",
    ""Orderflow shows negative delta (-164) and imbalance favoring sellers (0.33)"",
    ""Volume ratio elevated (1.62) supporting bearish momentum"",
    ""Price is near support (0.6% away) but no reversal confirmation - continuation more likely"",
    ""Market regime tracker shows recent TRENDING and EXPANSION phases consistent with bear move""
  ],
  ""reasons_against_trade"": [
    ""Price is very close to support (0.6% away), increasing bounce risk"",
    ""Reversal probability at 45% suggests non-trivial chance of mean reversion"",
    ""Entry near support historically reduces short expectancy without strong continuation"",
    ""Candle shows balanced body/wick ratio, not aggressive selling at this level"",
    ""Micro structure shows price rejecting micro support (60903) but not yet breaking lower""
  ],
  ""bull_score"": 2,
  ""bear_score"": 8
}
```",59780.88,59634.0,MAKER,TAKER,0.025116,57.88,133.742,3.69,3.69,0.0,0.0,-0.0,0.0,24.57,23.92461,PROFIT_LOCK_LADDER,-165.102744,0.006651,3.5e-05,0.33343,False,True,"{'price': 59731.0, 'ret_1m': 0.0005527823377667594, 'ret_5m': 0.00015069823515622384, 'ema9': 60279.459393584046, 'ema21': 60936.586007542384, 'ema200': 62921.69868803545, 'dist_to_support': 0.006127471497212503, 'dist_to_resistance': 0.05961728415730525, 'volume': 0.04724295, 'volume_ratio': 0.0066509609765672524, 'delta': -165.10274380000277, 'velocity': 3.518581256414064e-05, 'imbalance': 0.3334304306715198, 'candle_range': 66.1, 'body_ratio': 0.5230740717211964, 'wick_ratio': 0.47692592827880365}",5.5,"{'early_fail_enabled': True, 'invert_signal': False, 'ai_enabled': True, 'edge_threshold': 3.0, 'edge_threshold_max': None, 'edge_range_preset': 'min_only', 'ai_threshold': 44.0, 'leverage': 100, 'pullback_threshold': 0.001}","{'ema9': 60279.459393584046, 'ema21': 60936.586007542384, 'ema200': 62921.69868803545, 'ema_spread': -0.010784, 'ema9_slope_pct': -0.7605, 'ema21_slope_pct': -0.6126, 'ema9_above_ema21': False, 'ema21_above_ema200': False}",WEAK_SETUP,5.5,5.5,False,True,INV_False_EF_True,SHORT,12,8,SCENARIO_C_EARLY_12_v2_frozen,40.0,10.0,-12.0,2.0,8.0,300,1,2,-32.0,False,False,True,False,480,3,5.0,False,5,0.75,"[[12, 8], [15, 10], [25, 18], [40, 28], [60, 45], [80, 60], [100, 75], [150, 120]]","{""trail_ladder"": [[12, 8], [15, 10], [25, 18], [40, 28], [60, 45], [80, 60], [100, 75], [150, 120]], ""ladder_first_trigger_pct"": 12, ""ladder_first_lock_pct"": 8, ""exit_profile_id"": ""SCENARIO_C_EARLY_12_v2_frozen"", ""peak_never_loser_min_peak"": 40.0, ""peak_never_loser_floor"": 10.0, ""thesis_fast_exit_unreal_pct"": -12.0, ""thesis_mfe_protect_pct"": 2.0, ""thesis_exit_if_above_unreal_pct"": 8.0, ""thesis_min_age_sec"": 300, ""thesis_score_flip_margin"": 1, ""thesis_early_decay_delta"": 2, ""early_fail_pct_threshold"": -32.0, ""type_a_first_candle_enabled"": false, ""type_a_early_fail_enabled"": false, ""scenario_c_exit_profile"": true, ""type_a_stall_enabled"": false, ""type_a_stall_min_age_sec"": 480, ""type_a_stall_min_candles"": 3, ""type_a_stall_max_mfe_pct"": 5.0, ""trend_weakening_enabled"": false, ""spread_penalty_threshold"": 5, ""spread_penalty_margin_mult"": 0.75}",2026-06-24T17:31:43.554873+00:00,2026-06-25 03:31:43 AEST,2026-06-25 03:31:43 AEST
2026-06-24T17:31:43.665644+00:00,c65c-870dd3f2eb5b,SHORT,59780.54,59634.0,0.392507,24.51,15.0,6,3.68,3.68,0.0,0.0,-0.0,0.0,PROFIT_LOCK_LADDER,100,0.82,68,44.0,True,SIM_LIMIT,AI_DIRECT_LIMIT,,,,,0,BEAR,SR,60-70,SPAWN,-6,-6,BEARISH_STRUCTURE,BEAR_ALIGNED,50.71,-7,2,8,0.0004,bitfinex,tBTCF0:USTF0,v10.6-melbourne-unified-2026-06-24,BITFINEX_ZERO,v10.6-melbourne-unified-2026-06-24,COMBO_65_SP5_CHASE_3PLUS,AI65+ · Spread5+ · Chase 3+,APPROVE,59723.0,0.059617,0.006127,NEAR_SUPPORT,-0.010839,0.669669,66.1,0.392508,0.0,30.367742,132.588,132.588,132.588,0-5m,AI_DIRECT,AI_DIRECT_CHASE,3,,57.54,0.0,0.0,0.0,False,0.0,0.0,-5e-06,4.2e-05,0.047325,0.016624,-165.149754,0.0,0.333494,59723.0,60279.459394,60936.586008,62921.698688,-0.010784,NEAR_SUPPORT,SHORT_PREFERRED,0.059617,0.006127,BEAR,3.0,44.0,0.0,100,5.5,True,True,APPROVE,68,"```json
{
  ""direction"": ""SHORT"",
  ""confidence"": 68,
  ""long_score"": 18,
  ""short_score"": 82,
  ""preferred_direction"": ""SHORT"",
  ""entry_zone_low"": 59850,
  ""entry_zone_high"": 59950,
  ""limit_price"": 59900,
  ""expected_mfe"": 350,
  ""expected_mae"": 120,
  ""reversal_probability"": 45,
  ""exit_style"": ""AGGRESSIVE"",
  ""reasons_for_trade"": [
    ""Multi-timeframe agreement is BEAR_ALIGNED across 15m, 1h, 4h"",
    ""Market structure bias is BEARISH with active LH-LL sequence and structure_score -6"",
    ""EMA stack is bearish (price below all EMAs, EMA9 below EMA21, EMA21 below EMA200)"",
    ""ADX at 50.71 indicates strong trending conditions favoring continuation"",
    ""Trend health state is BEAR with bear_score 11 vs bull_score 3"",
    ""Orderflow shows negative delta (-164) and imbalance favoring sellers (0.33)"",
    ""Volume ratio elevated (1.62) supporting bearish momentum"",
    ""Price is near support (0.6% away) but no reversal confirmation - continuation more likely"",
    ""Market regime tracker shows recent TRENDING and EXPANSION phases consistent with bear move""
  ],
  ""reasons_against_trade"": [
    ""Price is very close to support (0.6% away), increasing bounce risk"",
    ""Reversal probability at 45% suggests non-trivial chance of mean reversion"",
    ""Entry near support historically reduces short expectancy without strong continuation"",
    ""Candle shows balanced body/wick ratio, not aggressive selling at this level"",
    ""Micro structure shows price rejecting micro support (60903) but not yet breaking lower""
  ],
  ""bull_score"": 2,
  ""bear_score"": 8
}
```",59780.54,59634.0,MAKER,TAKER,0.025116,57.54,132.588,3.68,3.68,0.0,0.0,-0.0,0.0,24.51,23.550502,PROFIT_LOCK_LADDER,-165.149754,0.016624,4.2e-05,0.333494,False,True,"{'price': 59723.0, 'ret_1m': -0.00013393380321775962, 'ret_5m': 1.6744248350691538e-05, 'ema9': 60279.459393584046, 'ema21': 60936.586007542384, 'ema200': 62921.69868803545, 'dist_to_support': 0.006127471497212503, 'dist_to_resistance': 0.05961728415730525, 'volume': 0.047325475, 'volume_ratio': 0.016624085457108737, 'delta': -165.14975432500276, 'velocity': 4.1889568400462146e-05, 'imbalance': 0.33349351443623104, 'candle_range': 66.1, 'body_ratio': 0.5230740717211964, 'wick_ratio': 0.47692592827880365}",5.5,"{'early_fail_enabled': True, 'invert_signal': False, 'ai_enabled': True, 'edge_threshold': 3.0, 'edge_threshold_max': None, 'edge_range_preset': 'min_only', 'ai_threshold': 44.0, 'leverage': 100, 'pullback_threshold': 0.001}","{'ema9': 60279.459393584046, 'ema21': 60936.586007542384, 'ema200': 62921.69868803545, 'ema_spread': -0.010784, 'ema9_slope_pct': -0.7605, 'ema21_slope_pct': -0.6126, 'ema9_above_ema21': False, 'ema21_above_ema200': False}",WEAK_SETUP,5.5,5.5,False,True,INV_False_EF_True,SHORT,12,8,SCENARIO_C_EARLY_12_v2_frozen,40.0,10.0,-12.0,2.0,8.0,300,1,2,-32.0,False,False,True,False,480,3,5.0,False,5,0.75,"[[12, 8], [15, 10], [25, 18], [40, 28], [60, 45], [80, 60], [100, 75], [150, 120]]","{""trail_ladder"": [[12, 8], [15, 10], [25, 18], [40, 28], [60, 45], [80, 60], [100, 75], [150, 120]], ""ladder_first_trigger_pct"": 12, ""ladder_first_lock_pct"": 8, ""exit_profile_id"": ""SCENARIO_C_EARLY_12_v2_frozen"", ""peak_never_loser_min_peak"": 40.0, ""peak_never_loser_floor"": 10.0, ""thesis_fast_exit_unreal_pct"": -12.0, ""thesis_mfe_protect_pct"": 2.0, ""thesis_exit_if_above_unreal_pct"": 8.0, ""thesis_min_age_sec"": 300, ""thesis_score_flip_margin"": 1, ""thesis_early_decay_delta"": 2, ""early_fail_pct_threshold"": -32.0, ""type_a_first_candle_enabled"": false, ""type_a_early_fail_enabled"": false, ""scenario_c_exit_profile"": true, ""type_a_stall_enabled"": false, ""type_a_stall_min_age_sec"": 480, ""type_a_stall_min_candles"": 3, ""type_a_stall_max_mfe_pct"": 5.0, ""trend_weakening_enabled"": false, ""spread_penalty_threshold"": 5, ""spread_penalty_margin_mult"": 0.75}",2026-06-24T17:31:43.665644+00:00,2026-06-25 03:31:43 AEST,2026-06-25 03:31:43 AEST
2026-06-24T17:35:39.395223+00:00,cont-367e1693cbb9,SHORT,59712.29,59686.0,0.847999,4.4,15.0,6,0.66,0.66,0.0,0.0,-0.0,0.0,PROFIT_LOCK_LADDER,100,0.15,68,44.0,True,SIM_LIMIT,AI_DIRECT_LIMIT,,,,,0,BEAR,SR,60-70,SPAWN,-6,-6,BEARISH_STRUCTURE,BEAR_ALIGNED,52.5,-7,2,8,0.0004,bitfinex,tBTCF0:USTF0,v10.6-melbourne-unified-2026-06-24,BITFINEX_ZERO,v10.6-melbourne-unified-2026-06-24,CONTINUOUS,Continuous AI Research,APPROVE,59710.0,0.05999,0.005778,NEAR_SUPPORT,-0.010875,1.0,73.0,0.848,-5.645404,12.943734,161.574,161.574,161.574,0-5m,AI_DIRECT,AI_DIRECT_CHASE,3,,2.29,0.0,0.0,0.0,False,0.0,0.0,-1.1e-05,0.000174,0.001728,0.022711,-166.776624,0.0,0.335094,59710.0,60167.807515,60826.235213,62890.501745,-0.010825,NEAR_SUPPORT,SHORT_PREFERRED,0.05999,0.005778,BEAR,3.0,44.0,0.0,100,4.6,True,True,APPROVE,68,"```json
{
  ""direction"": ""SHORT"",
  ""confidence"": 68,
  ""long_score"": 18,
  ""short_score"": 82,
  ""preferred_direction"": ""SHORT"",
  ""entry_zone_low"": 59700,
  ""entry_zone_high"": 59900,
  ""limit_price"": 59800,
  ""expected_mfe"": 350,
  ""expected_mae"": 120,
  ""reversal_probability"": 63,
  ""exit_style"": ""AGGRESSIVE"",
  ""reasons_for_trade"": [
    ""BEAR_ALIGNED multi-timeframe agreement (15m, 1h, 4h all bearish)"",
    ""Bearish market structure with active LH-LL sequence and structure_score -6"",
    ""EMA stack bearish (price below all EMAs, EMA9 below EMA21, EMA21 below EMA200)"",
    ""ADX 52.5 indicates strong trending conditions favoring continuation"",
    ""Trend health state BEAR with bear_score 11 vs bull_score 3"",
    ""Funding positive (LONGS_PAY_SHORTS) favoring short positioning"",
    ""Price near support (0.56% away) but no reversal confirmation - continuation risk high"",
    ""Edge score 4.6 above threshold supports directional conviction""
  ],
  ""reasons_against_trade"": [
    ""Price is very close to recent low support (59365) - bounce risk elevated"",
    ""Reversal probability 63% suggests non-trivial chance of mean reversion"",
    ""Volume ratio very low (0.018) - weak participation could lead to false break"",
    ""Candle wick ratio 0.55 indicates some buying pressure rejection of lows"",
    ""Compression regime may precede volatile expansion in either direction""
  ],
  ""bull_score"": 2,
  ""bear_score"": 8
}
```",59712.29,59686.0,MAKER,TAKER,0.025121,2.29,161.574,0.66,0.66,0.0,0.0,-0.0,0.0,4.4,50.880025,PROFIT_LOCK_LADDER,-166.776624,0.022711,0.000174,0.335094,False,True,"{'price': 59710.0, 'ret_1m': 0.0002177663869206158, 'ret_5m': 0.0018624473564992701, 'ema9': 60167.807514867236, 'ema21': 60826.23521346945, 'ema200': 62890.501744647416, 'dist_to_support': 0.005777926645453023, 'dist_to_resistance': 0.05998995143192095, 'volume': 0.0017277380000000001, 'volume_ratio': 0.0227113069362938, 'delta': -166.77662359300274, 'velocity': 0.00017435176741048295, 'imbalance': 0.33509359507547054, 'candle_range': 73.0, 'body_ratio': 0.4533066298607312, 'wick_ratio': 0.5466933701392688}",4.6,"{'early_fail_enabled': True, 'invert_signal': False, 'ai_enabled': True, 'edge_threshold': 3.0, 'edge_threshold_max': None, 'edge_range_preset': 'min_only', 'ai_threshold': 44.0, 'leverage': 100, 'pullback_threshold': 0.001}","{'ema9': 60167.807514867236, 'ema21': 60826.23521346945, 'ema200': 62890.501744647416, 'ema_spread': -0.010825, 'ema9_slope_pct': -0.6573, 'ema21_slope_pct': -0.5791, 'ema9_above_ema21': False, 'ema21_above_ema200': False}",WEAK_SETUP,4.6,4.6,False,True,INV_False_EF_True,SHORT,12,8,SCENARIO_C_EARLY_12_v2_frozen,40.0,10.0,-12.0,2.0,8.0,300,1,2,-32.0,False,False,True,False,480,3,5.0,False,5,0.75,"[[12, 8], [15, 10], [25, 18], [40, 28], [60, 45], [80, 60], [100, 75], [150, 120]]","{""trail_ladder"": [[12, 8], [15, 10], [25, 18], [40, 28], [60, 45], [80, 60], [100, 75], [150, 120]], ""ladder_first_trigger_pct"": 12, ""ladder_first_lock_pct"": 8, ""exit_profile_id"": ""SCENARIO_C_EARLY_12_v2_frozen"", ""peak_never_loser_min_peak"": 40.0, ""peak_never_loser_floor"": 10.0, ""thesis_fast_exit_unreal_pct"": -12.0, ""thesis_mfe_protect_pct"": 2.0, ""thesis_exit_if_above_unreal_pct"": 8.0, ""thesis_min_age_sec"": 300, ""thesis_score_flip_margin"": 1, ""thesis_early_decay_delta"": 2, ""early_fail_pct_threshold"": -32.0, ""type_a_first_candle_enabled"": false, ""type_a_early_fail_enabled"": false, ""scenario_c_exit_profile"": true, ""type_a_stall_enabled"": false, ""type_a_stall_min_age_sec"": 480, ""type_a_stall_min_candles"": 3, ""type_a_stall_max_mfe_pct"": 5.0, ""trend_weakening_enabled"": false, ""spread_penalty_threshold"": 5, ""spread_penalty_margin_mult"": 0.75}",2026-06-24T17:35:39.395223+00:00,2026-06-25 03:35:39 AEST,2026-06-25 03:35:39 AEST
2026-06-24T17:35:39.432782+00:00,c65c-c06c959e0db6,SHORT,59714.41,59686.0,0.841763,4.76,15.0,6,0.71,0.71,0.0,0.0,-0.0,0.0,PROFIT_LOCK_LADDER,100,0.16,68,44.0,True,SIM_LIMIT,AI_DIRECT_LIMIT,,,,,0,BEAR,SR,60-70,SPAWN,-6,-6,BEARISH_STRUCTURE,BEAR_ALIGNED,52.5,-7,2,8,0.0004,bitfinex,tBTCF0:USTF0,v10.6-melbourne-unified-2026-06-24,BITFINEX_ZERO,v10.6-melbourne-unified-2026-06-24,COMBO_65_SP5_CHASE_3PLUS,AI65+ · Spread5+ · Chase 3+,APPROVE,59710.0,0.05999,0.005778,NEAR_SUPPORT,-0.010875,1.0,73.0,0.841764,-5.29018,13.298298,161.046,161.046,161.046,0-5m,AI_DIRECT,AI_DIRECT_CHASE,3,,4.41,0.0,0.0,0.0,False,0.0,0.0,-1e-05,0.000174,0.001728,0.022711,-166.776624,0.0,0.335094,59710.0,60167.807515,60826.235213,62890.501745,-0.010825,NEAR_SUPPORT,SHORT_PREFERRED,0.05999,0.005778,BEAR,3.0,44.0,0.0,100,4.6,True,True,APPROVE,68,"```json
{
  ""direction"": ""SHORT"",
  ""confidence"": 68,
  ""long_score"": 18,
  ""short_score"": 82,
  ""preferred_direction"": ""SHORT"",
  ""entry_zone_low"": 59700,
  ""entry_zone_high"": 59900,
  ""limit_price"": 59800,
  ""expected_mfe"": 350,
  ""expected_mae"": 120,
  ""reversal_probability"": 63,
  ""exit_style"": ""AGGRESSIVE"",
  ""reasons_for_trade"": [
    ""BEAR_ALIGNED multi-timeframe agreement (15m, 1h, 4h all bearish)"",
    ""Bearish market structure with active LH-LL sequence and structure_score -6"",
    ""EMA stack bearish (price below all EMAs, EMA9 below EMA21, EMA21 below EMA200)"",
    ""ADX 52.5 indicates strong trending conditions favoring continuation"",
    ""Trend health state BEAR with bear_score 11 vs bull_score 3"",
    ""Funding positive (LONGS_PAY_SHORTS) favoring short positioning"",
    ""Price near support (0.56% away) but no reversal confirmation - continuation risk high"",
    ""Edge score 4.6 above threshold supports directional conviction""
  ],
  ""reasons_against_trade"": [
    ""Price is very close to recent low support (59365) - bounce risk elevated"",
    ""Reversal probability 63% suggests non-trivial chance of mean reversion"",
    ""Volume ratio very low (0.018) - weak participation could lead to false break"",
    ""Candle wick ratio 0.55 indicates some buying pressure rejection of lows"",
    ""Compression regime may precede volatile expansion in either direction""
  ],
  ""bull_score"": 2,
  ""bear_score"": 8
}
```",59714.41,59686.0,MAKER,TAKER,0.025121,4.41,161.046,0.71,0.71,0.0,0.0,-0.0,0.0,4.76,50.50589,PROFIT_LOCK_LADDER,-166.776624,0.022711,0.000174,0.335094,False,True,"{'price': 59710.0, 'ret_1m': 0.0002177663869206158, 'ret_5m': 0.0018624473564992701, 'ema9': 60167.807514867236, 'ema21': 60826.23521346945, 'ema200': 62890.501744647416, 'dist_to_support': 0.005777926645453023, 'dist_to_resistance': 0.05998995143192095, 'volume': 0.0017277380000000001, 'volume_ratio': 0.0227113069362938, 'delta': -166.77662359300274, 'velocity': 0.00017435176741048295, 'imbalance': 0.33509359507547054, 'candle_range': 73.0, 'body_ratio': 0.4533066298607312, 'wick_ratio': 0.5466933701392688}",4.6,"{'early_fail_enabled': True, 'invert_signal': False, 'ai_enabled': True, 'edge_threshold': 3.0, 'edge_threshold_max': None, 'edge_range_preset': 'min_only', 'ai_threshold': 44.0, 'leverage': 100, 'pullback_threshold': 0.001}","{'ema9': 60167.807514867236, 'ema21': 60826.23521346945, 'ema200': 62890.501744647416, 'ema_spread': -0.010825, 'ema9_slope_pct': -0.6573, 'ema21_slope_pct': -0.5791, 'ema9_above_ema21': False, 'ema21_above_ema200': False}",WEAK_SETUP,4.6,4.6,False,True,INV_False_EF_True,SHORT,12,8,SCENARIO_C_EARLY_12_v2_frozen,40.0,10.0,-12.0,2.0,8.0,300,1,2,-32.0,False,False,True,False,480,3,5.0,False,5,0.75,"[[12, 8], [15, 10], [25, 18], [40, 28], [60, 45], [80, 60], [100, 75], [150, 120]]","{""trail_ladder"": [[12, 8], [15, 10], [25, 18], [40, 28], [60, 45], [80, 60], [100, 75], [150, 120]], ""ladder_first_trigger_pct"": 12, ""ladder_first_lock_pct"": 8, ""exit_profile_id"": ""SCENARIO_C_EARLY_12_v2_frozen"", ""peak_never_loser_min_peak"": 40.0, ""peak_never_loser_floor"": 10.0, ""thesis_fast_exit_unreal_pct"": -12.0, ""thesis_mfe_protect_pct"": 2.0, ""thesis_exit_if_above_unreal_pct"": 8.0, ""thesis_min_age_sec"": 300, ""thesis_score_flip_margin"": 1, ""thesis_early_decay_delta"": 2, ""early_fail_pct_threshold"": -32.0, ""type_a_first_candle_enabled"": false, ""type_a_early_fail_enabled"": false, ""scenario_c_exit_profile"": true, ""type_a_stall_enabled"": false, ""type_a_stall_min_age_sec"": 480, ""type_a_stall_min_candles"": 3, ""type_a_stall_max_mfe_pct"": 5.0, ""trend_weakening_enabled"": false, ""spread_penalty_threshold"": 5, ""spread_penalty_margin_mult"": 0.75}",2026-06-24T17:35:39.432782+00:00,2026-06-25 03:35:39 AEST,2026-06-25 03:35:39 AEST
2026-06-24T17:41:41.022997+00:00,cont-596c01b503d6,SHORT,59559.41,59495.0,0.053992,10.81,15.0,6,1.62,1.62,0.0,0.0,-0.0,0.0,PROFIT_LOCK_LADDER,100,0.36,68,44.0,True,SIM_LIMIT,AI_DIRECT_LIMIT,,,,,0,BEAR,SR,60-70,SPAWN,-6,-6,BEARISH_STRUCTURE,BEAR_ALIGNED,52.5,-7,2,8,0.0004,bitfinex,tBTCF0:USTF0,v10.6-melbourne-unified-2026-06-24,BITFINEX_ZERO,v10.6-melbourne-unified-2026-06-24,CONTINUOUS,Continuous AI Research,APPROVE,59551.0,0.06282,0.003123,NEAR_SUPPORT,-0.011125,1.0,73.0,0.053993,0.0,15.5156,182.27,182.27,182.27,0-5m,AI_DIRECT,AI_DIRECT_CHASE,4,,8.41,0.0,0.0,0.0,False,0.0,0.0,-1e-06,-4.2e-05,0.010789,0.024459,-168.137476,0.0,0.330714,59551.0,60136.207515,60811.871577,62888.929605,-0.011111,NEAR_SUPPORT,SHORT_PREFERRED,0.06282,0.003123,BEAR,3.0,44.0,0.0,100,5.6,True,True,APPROVE,68,"```json
{
  ""direction"": ""SHORT"",
  ""confidence"": 68,
  ""long_score"": 15,
  ""short_score"": 82,
  ""preferred_direction"": ""SHORT"",
  ""entry_zone_low"": 59600,
  ""entry_zone_high"": 59800,
  ""limit_price"": 59700,
  ""expected_mfe"": 250,
  ""expected_mae"": 120,
  ""reversal_probability"": 43,
  ""exit_style"": ""AGGRESSIVE"",
  ""reasons_for_trade"": [
    ""Multi-timeframe agreement is BEAR_ALIGNED across 15m/1h/4h"",
    ""Market structure bias is BEARISH_STRUCTURE with active LH-LL sequence"",
    ""EMA stack is bearish (price below all EMAs, EMA9 below EMA21 below EMA200)"",
    ""ADX at 52.5 indicates strong trending conditions favoring continuation"",
    ""Trend health state is BEAR with bear_score 11 vs bull_score 3"",
    ""Orderflow shows negative delta (-168) and bearish velocity"",
    ""Market regime tracker shows recent EXPANSION/TRENDING bearish phases"",
    ""Price is near support (0.31% away) but no reversal confirmation - continuation more likely""
  ],
  ""reasons_against_trade"": [
    ""Price is very close to support (0.31% dist) - bounce risk is elevated"",
    ""Reversal probability at 43% suggests non-trivial bounce potential"",
    ""Volume ratio is low (0.024) - may indicate lack of conviction on breakdown"",
    ""Entry near support historically reduces short expectancy without strong continuation""
  ],
  ""bull_score"": 2,
  ""bear_score"": 8
}
```

**Direction:** SHORT  
**Win probability:** 68%  
**Long score:** 15  
**Short score:** 82  
**Bull score:** 2/10  
**Bear score:** 8/10  
**Decision:** APPROVE  
**Reason:** Strong bearish alignment across all trend hierarchy layers (MTF, structure, EMA, ADX, trend health) with no reversal confirmation. Price near support is a location context only - without higher low or structure shift, continuation is favored. Short entry above current price (pullback to 59700) aligns with bearish momentum while managing bounce risk near support.",59559.41,59495.0,MAKER,TAKER,0.025188,8.41,182.27,1.62,1.62,0.0,0.0,-0.0,0.0,10.81,3.239652,PROFIT_LOCK_LADDER,-168.137476,0.024459,-4.2e-05,0.330714,False,True,"{'price': 59551.0, 'ret_1m': -0.0003357338302194021, 'ret_5m': -3.3583530636575824e-05, 'ema9': 60136.20751486724, 'ema21': 60811.87157710582, 'ema200': 62888.92960534393, 'dist_to_support': 0.0031233732431025507, 'dist_to_resistance': 0.06282010377659485, 'volume': 0.010788508, 'volume_ratio': 0.02445945006703064, 'delta': -168.13747614800215, 'velocity': -4.194578988175761e-05, 'imbalance': 0.3307142907276484, 'candle_range': 73.0, 'body_ratio': 0.4533066298607312, 'wick_ratio': 0.5466933701392688}",5.6,"{'early_fail_enabled': True, 'invert_signal': False, 'ai_enabled': True, 'edge_threshold': 3.0, 'edge_threshold_max': None, 'edge_range_preset': 'min_only', 'ai_threshold': 44.0, 'leverage': 100, 'pullback_threshold': 0.001}","{'ema9': 60136.20751486724, 'ema21': 60811.87157710582, 'ema200': 62888.92960534393, 'ema_spread': -0.011111, 'ema9_slope_pct': -0.7095, 'ema21_slope_pct': -0.6026, 'ema9_above_ema21': False, 'ema21_above_ema200': False}",MOMENTUM_SHORT,5.6,5.6,False,True,INV_False_EF_True,SHORT,12,8,SCENARIO_C_EARLY_12_v2_frozen,40.0,10.0,-12.0,2.0,8.0,300,1,2,-32.0,False,False,True,False,480,3,5.0,False,5,0.75,"[[12, 8], [15, 10], [25, 18], [40, 28], [60, 45], [80, 60], [100, 75], [150, 120]]","{""trail_ladder"": [[12, 8], [15, 10], [25, 18], [40, 28], [60, 45], [80, 60], [100, 75], [150, 120]], ""ladder_first_trigger_pct"": 12, ""ladder_first_lock_pct"": 8, ""exit_profile_id"": ""SCENARIO_C_EARLY_12_v2_frozen"", ""peak_never_loser_min_peak"": 40.0, ""peak_never_loser_floor"": 10.0, ""thesis_fast_exit_unreal_pct"": -12.0, ""thesis_mfe_protect_pct"": 2.0, ""thesis_exit_if_above_unreal_pct"": 8.0, ""thesis_min_age_sec"": 300, ""thesis_score_flip_margin"": 1, ""thesis_early_decay_delta"": 2, ""early_fail_pct_threshold"": -32.0, ""type_a_first_candle_enabled"": false, ""type_a_early_fail_enabled"": false, ""scenario_c_exit_profile"": true, ""type_a_stall_enabled"": false, ""type_a_stall_min_age_sec"": 480, ""type_a_stall_min_candles"": 3, ""type_a_stall_max_mfe_pct"": 5.0, ""trend_weakening_enabled"": false, ""spread_penalty_threshold"": 5, ""spread_penalty_margin_mult"": 0.75}",2026-06-24T17:41:41.022997+00:00,2026-06-25 03:41:41 AEST,2026-06-25 03:41:41 AEST
2026-06-24T17:41:54.758922+00:00,c65c-0155ec8b1ac7,SHORT,59555.74,59500.9,0.254301,9.21,15.0,6,1.38,1.38,0.0,0.0,-0.0,0.0,PROFIT_LOCK_LADDER,100,0.31,68,44.0,True,SIM_LIMIT,AI_DIRECT_LIMIT,,,,,0,BEAR,SR,60-70,SPAWN,-6,-6,BEARISH_STRUCTURE,BEAR_ALIGNED,52.5,-7,2,8,0.0004,bitfinex,tBTCF0:USTF0,v10.6-melbourne-unified-2026-06-24,BITFINEX_ZERO,v10.6-melbourne-unified-2026-06-24,COMBO_65_SP5_CHASE_3PLUS,AI65+ · Spread5+ · Chase 3+,APPROVE,59551.0,0.06282,0.003123,NEAR_SUPPORT,-0.011125,1.0,73.0,0.254302,0.0,17.083156,183.073,183.073,183.073,0-5m,AI_DIRECT,AI_DIRECT_CHASE,4,,4.74,0.0,0.1487,0.1487,False,0.0,0.0,-3e-06,-4.2e-05,0.010789,0.024459,-168.137476,0.0,0.330714,59551.0,60136.207515,60811.871577,62888.929605,-0.011111,NEAR_SUPPORT,SHORT_PREFERRED,0.06282,0.003123,BEAR,3.0,44.0,0.0,100,5.6,True,True,APPROVE,68,"```json
{
  ""direction"": ""SHORT"",
  ""confidence"": 68,
  ""long_score"": 15,
  ""short_score"": 82,
  ""preferred_direction"": ""SHORT"",
  ""entry_zone_low"": 59600,
  ""entry_zone_high"": 59800,
  ""limit_price"": 59700,
  ""expected_mfe"": 250,
  ""expected_mae"": 120,
  ""reversal_probability"": 43,
  ""exit_style"": ""AGGRESSIVE"",
  ""reasons_for_trade"": [
    ""Multi-timeframe agreement is BEAR_ALIGNED across 15m/1h/4h"",
    ""Market structure bias is BEARISH_STRUCTURE with active LH-LL sequence"",
    ""EMA stack is bearish (price below all EMAs, EMA9 below EMA21 below EMA200)"",
    ""ADX at 52.5 indicates strong trending conditions favoring continuation"",
    ""Trend health state is BEAR with bear_score 11 vs bull_score 3"",
    ""Orderflow shows negative delta (-168) and bearish velocity"",
    ""Market regime tracker shows recent EXPANSION/TRENDING bearish phases"",
    ""Price is near support (0.31% away) but no reversal confirmation - continuation more likely""
  ],
  ""reasons_against_trade"": [
    ""Price is very close to support (0.31% dist) - bounce risk is elevated"",
    ""Reversal probability at 43% suggests non-trivial bounce potential"",
    ""Volume ratio is low (0.024) - may indicate lack of conviction on breakdown"",
    ""Entry near support historically reduces short expectancy without strong continuation""
  ],
  ""bull_score"": 2,
  ""bear_score"": 8
}
```

**Direction:** SHORT  
**Win probability:** 68%  
**Long score:** 15  
**Short score:** 82  
**Bull score:** 2/10  
**Bear score:** 8/10  
**Decision:** APPROVE  
**Reason:** Strong bearish alignment across all trend hierarchy layers (MTF, structure, EMA, ADX, trend health) with no reversal confirmation. Price near support is a location context only - without higher low or structure shift, continuation is favored. Short entry above current price (pullback to 59700) aligns with bearish momentum while managing bounce risk near support.",59555.74,59500.9,MAKER,TAKER,0.025188,4.74,183.073,1.38,1.38,0.0,0.0,-0.0,0.0,9.21,15.258155,PROFIT_LOCK_LADDER,-168.137476,0.024459,-4.2e-05,0.330714,False,True,"{'price': 59551.0, 'ret_1m': -0.0003357338302194021, 'ret_5m': -3.3583530636575824e-05, 'ema9': 60136.20751486724, 'ema21': 60811.87157710582, 'ema200': 62888.92960534393, 'dist_to_support': 0.0031233732431025507, 'dist_to_resistance': 0.06282010377659485, 'volume': 0.010788508, 'volume_ratio': 0.02445945006703064, 'delta': -168.13747614800215, 'velocity': -4.194578988175761e-05, 'imbalance': 0.3307142907276484, 'candle_range': 73.0, 'body_ratio': 0.4533066298607312, 'wick_ratio': 0.5466933701392688}",5.6,"{'early_fail_enabled': True, 'invert_signal': False, 'ai_enabled': True, 'edge_threshold': 3.0, 'edge_threshold_max': None, 'edge_range_preset': 'min_only', 'ai_threshold': 44.0, 'leverage': 100, 'pullback_threshold': 0.001}","{'ema9': 60136.20751486724, 'ema21': 60811.87157710582, 'ema200': 62888.92960534393, 'ema_spread': -0.011111, 'ema9_slope_pct': -0.7095, 'ema21_slope_pct': -0.6026, 'ema9_above_ema21': False, 'ema21_above_ema200': False}",MOMENTUM_SHORT,5.6,5.6,False,True,INV_False_EF_True,SHORT,12,8,SCENARIO_C_EARLY_12_v2_frozen,40.0,10.0,-12.0,2.0,8.0,300,1,2,-32.0,False,False,True,False,480,3,5.0,False,5,0.75,"[[12, 8], [15, 10], [25, 18], [40, 28], [60, 45], [80, 60], [100, 75], [150, 120]]","{""trail_ladder"": [[12, 8], [15, 10], [25, 18], [40, 28], [60, 45], [80, 60], [100, 75], [150, 120]], ""ladder_first_trigger_pct"": 12, ""ladder_first_lock_pct"": 8, ""exit_profile_id"": ""SCENARIO_C_EARLY_12_v2_frozen"", ""peak_never_loser_min_peak"": 40.0, ""peak_never_loser_floor"": 10.0, ""thesis_fast_exit_unreal_pct"": -12.0, ""thesis_mfe_protect_pct"": 2.0, ""thesis_exit_if_above_unreal_pct"": 8.0, ""thesis_min_age_sec"": 300, ""thesis_score_flip_margin"": 1, ""thesis_early_decay_delta"": 2, ""early_fail_pct_threshold"": -32.0, ""type_a_first_candle_enabled"": false, ""type_a_early_fail_enabled"": false, ""scenario_c_exit_profile"": true, ""type_a_stall_enabled"": false, ""type_a_stall_min_age_sec"": 480, ""type_a_stall_min_candles"": 3, ""type_a_stall_max_mfe_pct"": 5.0, ""trend_weakening_enabled"": false, ""spread_penalty_threshold"": 5, ""spread_penalty_margin_mult"": 0.75}",2026-06-24T17:41:54.758922+00:00,2026-06-25 03:41:54 AEST,2026-06-25 03:41:54 AEST
2026-06-24T17:47:37.519363+00:00,cont-8d0f6c2a2688,SHORT,59469.4,59305.9,2.848413,27.49,15.0,6,4.12,4.12,0.0,0.0,-0.0,0.0,PROFIT_LOCK_LADDER,100,0.92,68,44.0,True,SIM_LIMIT,AI_DIRECT_LIMIT,,,,,0,BEAR,SR,60-70,SPAWN,-6,-6,BEARISH_STRUCTURE,BEAR_ALIGNED,52.5,-7,2,8,0.0004,bitfinex,tBTCF0:USTF0,v10.6-melbourne-unified-2026-06-24,BITFINEX_ZERO,v10.6-melbourne-unified-2026-06-24,CONTINUOUS,Continuous AI Research,APPROVE,59467.0,0.063981,0.002034,NEAR_SUPPORT,-0.011897,1.0,73.0,2.848414,0.0,40.087843,181.385,181.385,181.385,0-5m,AI_DIRECT,AI_DIRECT_CHASE,4,,2.4,0.0,0.1489,0.1489,False,0.0,0.0,-3.6e-05,-0.000129,0.000506,0.050257,-166.474141,0.0,0.326006,59467.0,60134.607515,60811.144304,62888.850003,-0.011125,NEAR_SUPPORT,SHORT_PREFERRED,0.063981,0.002034,BEAR,3.0,44.0,0.0,100,5.5,True,True,APPROVE,68,"```json
{
  ""direction"": ""SHORT"",
  ""confidence"": 68,
  ""long_score"": 18,
  ""short_score"": 82,
  ""preferred_direction"": ""SHORT"",
  ""entry_zone_low"": 59550,
  ""entry_zone_high"": 59700,
  ""limit_price"": 59625,
  ""expected_mfe"": 180,
  ""expected_mae"": 120,
  ""reversal_probability"": 43,
  ""exit_style"": ""AGGRESSIVE"",
  ""reasons_for_trade"": [
    ""BEAR_ALIGNED multi-timeframe agreement (15m, 1h, 4h all bearish)"",
    ""Bearish market structure with active LH-LL sequence and structure_score -6"",
    ""Bearish EMA stack (price below all EMAs, EMA9 below EMA21, EMA21 below EMA200)"",
    ""Strong trend strength with ADX 52.5 (>25, trending market favors continuation)"",
    ""Trend health state BEAR with bear_score 11 vs bull_score 3"",
    ""Market structure shift is BEAR_CONTINUATION, no reversal evidence"",
    ""Negative velocity and delta (-166.47) supporting bearish orderflow"",
    ""Price near support (0.25% away) but no reversal confirmation - continuation expected"",
    ""Funding rate positive (3.99e-06) favoring shorts, longs pay shorts""
  ],
  ""reasons_against_trade"": [
    ""Price is very close to support (0.25% dist), bounce risk is elevated"",
    ""Reversal probability at 43% suggests some mean-reversion potential"",
    ""Volume ratio extremely low (0.0065) - low participation may lead to erratic moves"",
    ""Compression regime detected - could precede a sharp reversal or breakout"",
    ""Entry near support historically reduces short expectancy without strong continuation""
  ],
  ""bull_score"": 2,
  ""bear_score"": 8
}
```",59469.4,59305.9,MAKER,TAKER,0.025224,2.4,181.385,4.12,4.12,0.0,0.0,-0.0,0.0,27.49,170.904892,PROFIT_LOCK_LADDER,-166.474141,0.050257,-0.000129,0.326006,False,True,"{'price': 59467.0, 'ret_1m': 0.0, 'ret_5m': -0.0007897301475283127, 'ema9': 60134.60751486724, 'ema21': 60811.14430437855, 'ema200': 62888.85000335388, 'dist_to_support': 0.0020340920552735097, 'dist_to_resistance': 0.0639814410113304, 'volume': 0.0005058090000000001, 'volume_ratio': 0.050257492251249584, 'delta': -166.47414076400202, 'velocity': -0.00012937679886300125, 'imbalance': 0.32600605993907183, 'candle_range': 73.0, 'body_ratio': 0.4533066298607312, 'wick_ratio': 0.5466933701392688}",5.5,"{'early_fail_enabled': True, 'invert_signal': False, 'ai_enabled': True, 'edge_threshold': 3.0, 'edge_threshold_max': None, 'edge_range_preset': 'min_only', 'ai_threshold': 44.0, 'leverage': 100, 'pullback_threshold': 0.001}","{'ema9': 60134.60751486724, 'ema21': 60811.14430437855, 'ema200': 62888.85000335388, 'ema_spread': -0.011125, 'ema9_slope_pct': -0.7121, 'ema21_slope_pct': -0.6038, 'ema9_above_ema21': False, 'ema21_above_ema200': False}",MOMENTUM_SHORT,5.5,5.5,False,True,INV_False_EF_True,SHORT,12,8,SCENARIO_C_EARLY_12_v2_frozen,40.0,10.0,-12.0,2.0,8.0,300,1,2,-32.0,False,False,True,False,480,3,5.0,False,5,0.75,"[[12, 8], [15, 10], [25, 18], [40, 28], [60, 45], [80, 60], [100, 75], [150, 120]]","{""trail_ladder"": [[12, 8], [15, 10], [25, 18], [40, 28], [60, 45], [80, 60], [100, 75], [150, 120]], ""ladder_first_trigger_pct"": 12, ""ladder_first_lock_pct"": 8, ""exit_profile_id"": ""SCENARIO_C_EARLY_12_v2_frozen"", ""peak_never_loser_min_peak"": 40.0, ""peak_never_loser_floor"": 10.0, ""thesis_fast_exit_unreal_pct"": -12.0, ""thesis_mfe_protect_pct"": 2.0, ""thesis_exit_if_above_unreal_pct"": 8.0, ""thesis_min_age_sec"": 300, ""thesis_score_flip_margin"": 1, ""thesis_early_decay_delta"": 2, ""early_fail_pct_threshold"": -32.0, ""type_a_first_candle_enabled"": false, ""type_a_early_fail_enabled"": false, ""scenario_c_exit_profile"": true, ""type_a_stall_enabled"": false, ""type_a_stall_min_age_sec"": 480, ""type_a_stall_min_candles"": 3, ""type_a_stall_max_mfe_pct"": 5.0, ""trend_weakening_enabled"": false, ""spread_penalty_threshold"": 5, ""spread_penalty_margin_mult"": 0.75}",2026-06-24T17:47:37.519363+00:00,2026-06-25 03:47:37 AEST,2026-06-25 03:47:37 AEST
2026-06-24T17:48:49.302500+00:00,c65c-93b2bf0c2790,SHORT,59331.22,59295.0,0.434471,6.1,15.0,6,0.92,0.92,0.0,0.0,-0.0,0.0,PROFIT_LOCK_LADDER,100,0.2,72,44.0,True,SIM_LIMIT,AI_DIRECT_LIMIT,,,,,0,BEAR,SR,70+,SPAWN,-6,-6,BEARISH_STRUCTURE,BEAR_ALIGNED,52.54,-7,2,8,0.0004,bitfinex,tBTCF0:USTF0,v10.6-melbourne-unified-2026-06-24,BITFINEX_ZERO,v10.6-melbourne-unified-2026-06-24,COMBO_65_SP5_CHASE_3PLUS,AI65+ · Spread5+ · Chase 3+,APPROVE,59369.0,0.06606,0.000893,NEAR_SUPPORT,-0.011897,0.74114,73.0,0.434472,0.0,30.543785,181.052,181.052,181.052,0-5m,AI_DIRECT,AI_DIRECT_CHASE,4,,37.78,0.0,0.0,0.0,False,0.0,0.0,-5e-06,3.4e-05,0.036333,0.771463,-167.565509,0.0,0.326069,59390.0,60099.207515,60795.053395,62887.088809,-0.011446,NEAR_SUPPORT,SHORT_PREFERRED,0.06606,0.000893,BEAR,3.0,44.0,0.0,100,6.0,True,True,APPROVE,72,"```json
{
  ""direction"": ""SHORT"",
  ""confidence"": 72,
  ""long_score"": 18,
  ""short_score"": 82,
  ""preferred_direction"": ""SHORT"",
  ""entry_zone_low"": 59450,
  ""entry_zone_high"": 59600,
  ""limit_price"": 59525,
  ""expected_mfe"": 180,
  ""expected_mae"": 120,
  ""reversal_probability"": 25,
  ""exit_style"": ""AGGRESSIVE"",
  ""reasons_for_trade"": [
    ""BEAR_ALIGNED multi-timeframe agreement (15m, 1h, 4h all bearish)"",
    ""Bearish structure with active LH-LL sequence and structure_score -6"",
    ""EMA stack bearish (price below all EMAs, EMA9 below EMA21 below EMA200)"",
    ""ADX 52.54 (>25) confirms strong trending environment favoring continuation"",
    ""Trend health state BEAR with bear_score 11 vs bull_score 3"",
    ""Market_structure_shift = BEAR_CONTINUATION, no reversal evidence"",
    ""Price near support (0.09% away) but SR is context only - no reversal confirmation"",
    ""Funding positive (3.99e-6) favors shorts, longs paying"",
    ""Volume ratio low (0.44) suggests lack of buying interest on bounce attempts"",
    ""Delta negative (-167.6) confirms selling pressure""
  ],
  ""reasons_against_trade"": [
    ""Price is very close to recent low support (59317), bounce risk elevated"",
    ""Reversal risk score 63 indicates some mean-reversion potential"",
    ""Candle range narrow (73) with compression regime - could be coiling for reversal"",
    ""Entry near support historically reduces short expectancy without strong continuation""
  ],
  ""bull_score"": 2,
  ""bear_score"": 8
}
```",59331.22,59295.0,MAKER,TAKER,0.025266,37.78,181.052,0.92,0.92,0.0,0.0,-0.0,0.0,6.1,26.068387,PROFIT_LOCK_LADDER,-167.565509,0.771463,3.4e-05,0.326069,False,True,"{'price': 59390.0, 'ret_1m': 0.0, 'ret_5m': 0.0003705700040425819, 'ema9': 60099.20751486724, 'ema21': 60795.053395287636, 'ema200': 62887.088809324036, 'dist_to_support': 0.0008927067542529898, 'dist_to_resistance': 0.06606029981472124, 'volume': 0.036332681, 'volume_ratio': 0.7714631545070975, 'delta': -167.56550869000068, 'velocity': 3.3698391411956816e-05, 'imbalance': 0.32606933140094035, 'candle_range': 73.0, 'body_ratio': 0.4533066298607312, 'wick_ratio': 0.5466933701392688}",6.0,"{'early_fail_enabled': True, 'invert_signal': False, 'ai_enabled': True, 'edge_threshold': 3.0, 'edge_threshold_max': None, 'edge_range_preset': 'min_only', 'ai_threshold': 44.0, 'leverage': 100, 'pullback_threshold': 0.001}","{'ema9': 60099.20751486724, 'ema21': 60795.053395287636, 'ema200': 62887.088809324036, 'ema_spread': -0.011446, 'ema9_slope_pct': -0.7706, 'ema21_slope_pct': -0.6301, 'ema9_above_ema21': False, 'ema21_above_ema200': False}",WEAK_SETUP,6.0,6.0,False,True,INV_False_EF_True,SHORT,12,8,SCENARIO_C_EARLY_12_v2_frozen,40.0,10.0,-12.0,2.0,8.0,300,1,2,-32.0,False,False,True,False,480,3,5.0,False,5,0.75,"[[12, 8], [15, 10], [25, 18], [40, 28], [60, 45], [80, 60], [100, 75], [150, 120]]","{""trail_ladder"": [[12, 8], [15, 10], [25, 18], [40, 28], [60, 45], [80, 60], [100, 75], [150, 120]], ""ladder_first_trigger_pct"": 12, ""ladder_first_lock_pct"": 8, ""exit_profile_id"": ""SCENARIO_C_EARLY_12_v2_frozen"", ""peak_never_loser_min_peak"": 40.0, ""peak_never_loser_floor"": 10.0, ""thesis_fast_exit_unreal_pct"": -12.0, ""thesis_mfe_protect_pct"": 2.0, ""thesis_exit_if_above_unreal_pct"": 8.0, ""thesis_min_age_sec"": 300, ""thesis_score_flip_margin"": 1, ""thesis_early_decay_delta"": 2, ""early_fail_pct_threshold"": -32.0, ""type_a_first_candle_enabled"": false, ""type_a_early_fail_enabled"": false, ""scenario_c_exit_profile"": true, ""type_a_stall_enabled"": false, ""type_a_stall_min_age_sec"": 480, ""type_a_stall_min_candles"": 3, ""type_a_stall_max_mfe_pct"": 5.0, ""trend_weakening_enabled"": false, ""spread_penalty_threshold"": 5, ""spread_penalty_margin_mult"": 0.75}",2026-06-24T17:48:49.302500+00:00,2026-06-25 03:48:49 AEST,2026-06-25 03:48:49 AEST
2026-06-24T17:49:45.929841+00:00,cont-6876099b2025,SHORT,59430.0,59441.46,0.062829,-1.93,15.0,6,-0.29,-0.29,0.0,0.0,-0.0,0.0,THESIS_FAST_CUT,100,0.06,72,44.0,True,SIM_LIMIT,AI_DIRECT_LIMIT,,,,,0,BEAR,SR,70+,SPAWN,-6,-6,BEARISH_STRUCTURE,BEAR_ALIGNED,54.29,-7,2,8,0.0004,bitfinex,tBTCF0:USTF0,v10.6-melbourne-unified-2026-06-24,BITFINEX_ZERO,v10.6-melbourne-unified-2026-06-24,CONTINUOUS,Continuous AI Research,APPROVE,59235.0,0.069447,0.000845,NEAR_SUPPORT,-0.011892,1.0,76.3,0.06283,-12.788154,0.0,35.475,35.475,35.475,0-5m,AI_DIRECT,AI_DIRECT_CHASE,1,,195.0,0.0,0.2902,0.2902,False,0.0,0.0,-1e-06,-0.000113,0.022328,0.013993,-169.845164,0.0,0.328072,59235.0,59935.886012,60657.52788,62850.885449,-0.011897,NEAR_SUPPORT,SHORT_PREFERRED,0.069447,0.000845,BEAR,3.0,44.0,0.0,100,4.0,True,True,APPROVE,72,"```json
{
  ""direction"": ""SHORT"",
  ""confidence"": 72,
  ""long_score"": 18,
  ""short_score"": 82,
  ""preferred_direction"": ""SHORT"",
  ""entry_zone_low"": 59400,
  ""entry_zone_high"": 59600,
  ""limit_price"": 59500,
  ""expected_mfe"": 180,
  ""expected_mae"": 120,
  ""reversal_probability"": 63,
  ""exit_style"": ""AGGRESSIVE"",
  ""reasons_for_trade"": [
    ""BEAR_ALIGNED multi-timeframe agreement (15m, 1h, 4h all bearish)"",
    ""Bearish EMA stack: price below all EMAs, EMA9 below EMA21, EMA21 below EMA200"",
    ""ADX 54.29 indicates strong trending conditions favoring continuation"",
    ""Trend health state BEAR with bear_score 11 vs bull_score 3"",
    ""Market structure bias BEARISH_STRUCTURE with active LH-LL sequence"",
    ""Negative delta (-169.89) and low volume ratio (0.05) suggest weak buying pressure"",
    ""Price near support (0.08% away) but no reversal confirmation - continuation risk high"",
    ""Funding positive (3.99e-06) favors shorts, longs paying""
  ],
  ""reasons_against_trade"": [
    ""Price is very close to recent low support (59232) - bounce risk elevated"",
    ""Reversal probability score of 63 suggests moderate reversal risk at this level"",
    ""Low volume ratio (0.05) could indicate exhaustion selling rather than fresh breakdown"",
    ""Entry near support historically reduces short expectancy without strong continuation catalyst""
  ],
  ""bull_score"": 2,
  ""bear_score"": 8
}
```

**Direction:** SHORT  
**Win probability:** 72%  
**Long score:** 18  
**Short score:** 82  
**Bull score:** 2  
**Bear score:** 10  
**Decision:** STRONG_APPROVE  
**Reason:** All trend hierarchy layers align bearishly (MTF agreement, structure, EMA stack, ADX > 25). Price is near support but there is no reversal confirmation - no higher low, no structure shift, no momentum expansion upward. The bearish continuation case is dominant. Entry is set slightly above current price (pullback to 59500) to avoid chasing into support. Aggressive exit style due to proximity to support - if price fails to break below 59232 quickly, the bounce risk increases.",59430.0,59441.46,MAKER,TAKER,0.025323,195.0,35.475,-0.29,-0.29,0.0,0.0,-0.0,0.0,-1.93,3.769837,THESIS_FAST_CUT,-169.845164,0.013993,-0.000113,0.328072,False,True,"{'price': 59235.0, 'ret_1m': -0.0001856665428889714, 'ret_5m': -0.0009276437847866419, 'ema9': 59935.886011893796, 'ema21': 60657.52788001057, 'ema200': 62850.885448945664, 'dist_to_support': 0.0008448514751106755, 'dist_to_resistance': 0.06944679125409753, 'volume': 0.022328412, 'volume_ratio': 0.013992729816859962, 'delta': -169.84516406399945, 'velocity': -0.00011300207668802475, 'imbalance': 0.3280722691098531, 'candle_range': 76.3, 'body_ratio': 0.45966627898353823, 'wick_ratio': 0.5403337210164618}",4.0,"{'early_fail_enabled': True, 'invert_signal': False, 'ai_enabled': True, 'edge_threshold': 3.0, 'edge_threshold_max': None, 'edge_range_preset': 'min_only', 'ai_threshold': 44.0, 'leverage': 100, 'pullback_threshold': 0.001}","{'ema9': 59935.886011893796, 'ema21': 60657.52788001057, 'ema200': 62850.885448945664, 'ema_spread': -0.011897, 'ema9_slope_pct': -0.8067, 'ema21_slope_pct': -0.6589, 'ema9_above_ema21': False, 'ema21_above_ema200': False}",MOMENTUM_SHORT,4.0,4.0,False,True,INV_False_EF_True,SHORT,12,8,SCENARIO_C_EARLY_12_v2_frozen,40.0,10.0,-12.0,2.0,8.0,300,1,2,-32.0,False,False,True,False,480,3,5.0,False,5,0.75,"[[12, 8], [15, 10], [25, 18], [40, 28], [60, 45], [80, 60], [100, 75], [150, 120]]","{""trail_ladder"": [[12, 8], [15, 10], [25, 18], [40, 28], [60, 45], [80, 60], [100, 75], [150, 120]], ""ladder_first_trigger_pct"": 12, ""ladder_first_lock_pct"": 8, ""exit_profile_id"": ""SCENARIO_C_EARLY_12_v2_frozen"", ""peak_never_loser_min_peak"": 40.0, ""peak_never_loser_floor"": 10.0, ""thesis_fast_exit_unreal_pct"": -12.0, ""thesis_mfe_protect_pct"": 2.0, ""thesis_exit_if_above_unreal_pct"": 8.0, ""thesis_min_age_sec"": 300, ""thesis_score_flip_margin"": 1, ""thesis_early_decay_delta"": 2, ""early_fail_pct_threshold"": -32.0, ""type_a_first_candle_enabled"": false, ""type_a_early_fail_enabled"": false, ""scenario_c_exit_profile"": true, ""type_a_stall_enabled"": false, ""type_a_stall_min_age_sec"": 480, ""type_a_stall_min_candles"": 3, ""type_a_stall_max_mfe_pct"": 5.0, ""trend_weakening_enabled"": false, ""spread_penalty_threshold"": 5, ""spread_penalty_margin_mult"": 0.75}",2026-06-24T17:49:45.929841+00:00,2026-06-25 03:49:45 AEST,2026-06-25 03:49:45 AEST
2026-06-24T17:49:46.228644+00:00,c65c-bab541b2795b,SHORT,59433.75,59441.46,0.061636,-1.3,15.0,6,-0.19,-0.19,0.0,0.0,-0.0,0.0,THESIS_FAST_CUT,100,0.04,72,44.0,True,SIM_LIMIT,AI_DIRECT_LIMIT,,,,,0,BEAR,SR,70+,SPAWN,-6,-6,BEARISH_STRUCTURE,BEAR_ALIGNED,54.29,-7,2,8,0.0004,bitfinex,tBTCF0:USTF0,v10.6-melbourne-unified-2026-06-24,BITFINEX_ZERO,v10.6-melbourne-unified-2026-06-24,COMBO_65_SP5_CHASE_3PLUS,AI65+ · Spread5+ · Chase 3+,APPROVE,59235.0,0.069447,0.000845,NEAR_SUPPORT,-0.011892,1.0,76.3,0.061637,-12.156393,0.630955,34.489,34.489,34.489,0-5m,AI_DIRECT,AI_DIRECT_CHASE,1,,198.75,0.0,0.2902,0.2902,False,0.0,0.0,-1e-06,-0.000113,0.022328,0.013993,-169.845164,0.0,0.328072,59235.0,59935.886012,60657.52788,62850.885449,-0.011897,NEAR_SUPPORT,SHORT_PREFERRED,0.069447,0.000845,BEAR,3.0,44.0,0.0,100,4.0,True,True,APPROVE,72,"```json
{
  ""direction"": ""SHORT"",
  ""confidence"": 72,
  ""long_score"": 18,
  ""short_score"": 82,
  ""preferred_direction"": ""SHORT"",
  ""entry_zone_low"": 59400,
  ""entry_zone_high"": 59600,
  ""limit_price"": 59500,
  ""expected_mfe"": 180,
  ""expected_mae"": 120,
  ""reversal_probability"": 63,
  ""exit_style"": ""AGGRESSIVE"",
  ""reasons_for_trade"": [
    ""BEAR_ALIGNED multi-timeframe agreement (15m, 1h, 4h all bearish)"",
    ""Bearish EMA stack: price below all EMAs, EMA9 below EMA21, EMA21 below EMA200"",
    ""ADX 54.29 indicates strong trending conditions favoring continuation"",
    ""Trend health state BEAR with bear_score 11 vs bull_score 3"",
    ""Market structure bias BEARISH_STRUCTURE with active LH-LL sequence"",
    ""Negative delta (-169.89) and low volume ratio (0.05) suggest weak buying pressure"",
    ""Price near support (0.08% away) but no reversal confirmation - continuation risk high"",
    ""Funding positive (3.99e-06) favors shorts, longs paying""
  ],
  ""reasons_against_trade"": [
    ""Price is very close to recent low support (59232) - bounce risk elevated"",
    ""Reversal probability score of 63 suggests moderate reversal risk at this level"",
    ""Low volume ratio (0.05) could indicate exhaustion selling rather than fresh breakdown"",
    ""Entry near support historically reduces short expectancy without strong continuation catalyst""
  ],
  ""bull_score"": 2,
  ""bear_score"": 8
}
```

**Direction:** SHORT  
**Win probability:** 72%  
**Long score:** 18  
**Short score:** 82  
**Bull score:** 2  
**Bear score:** 10  
**Decision:** STRONG_APPROVE  
**Reason:** All trend hierarchy layers align bearishly (MTF agreement, structure, EMA stack, ADX > 25). Price is near support but there is no reversal confirmation - no higher low, no structure shift, no momentum expansion upward. The bearish continuation case is dominant. Entry is set slightly above current price (pullback to 59500) to avoid chasing into support. Aggressive exit style due to proximity to support - if price fails to break below 59232 quickly, the bounce risk increases.",59433.75,59441.46,MAKER,TAKER,0.025323,198.75,34.489,-0.19,-0.19,0.0,0.0,-0.0,0.0,-1.3,3.69828,THESIS_FAST_CUT,-169.845164,0.013993,-0.000113,0.328072,False,True,"{'price': 59235.0, 'ret_1m': -0.0001856665428889714, 'ret_5m': -0.0009276437847866419, 'ema9': 59935.886011893796, 'ema21': 60657.52788001057, 'ema200': 62850.885448945664, 'dist_to_support': 0.0008448514751106755, 'dist_to_resistance': 0.06944679125409753, 'volume': 0.022328412, 'volume_ratio': 0.013992729816859962, 'delta': -169.84516406399945, 'velocity': -0.00011300207668802475, 'imbalance': 0.3280722691098531, 'candle_range': 76.3, 'body_ratio': 0.45966627898353823, 'wick_ratio': 0.5403337210164618}",4.0,"{'early_fail_enabled': True, 'invert_signal': False, 'ai_enabled': True, 'edge_threshold': 3.0, 'edge_threshold_max': None, 'edge_range_preset': 'min_only', 'ai_threshold': 44.0, 'leverage': 100, 'pullback_threshold': 0.001}","{'ema9': 59935.886011893796, 'ema21': 60657.52788001057, 'ema200': 62850.885448945664, 'ema_spread': -0.011897, 'ema9_slope_pct': -0.8067, 'ema21_slope_pct': -0.6589, 'ema9_above_ema21': False, 'ema21_above_ema200': False}",MOMENTUM_SHORT,4.0,4.0,False,True,INV_False_EF_True,SHORT,12,8,SCENARIO_C_EARLY_12_v2_frozen,40.0,10.0,-12.0,2.0,8.0,300,1,2,-32.0,False,False,True,False,480,3,5.0,False,5,0.75,"[[12, 8], [15, 10], [25, 18], [40, 28], [60, 45], [80, 60], [100, 75], [150, 120]]","{""trail_ladder"": [[12, 8], [15, 10], [25, 18], [40, 28], [60, 45], [80, 60], [100, 75], [150, 120]], ""ladder_first_trigger_pct"": 12, ""ladder_first_lock_pct"": 8, ""exit_profile_id"": ""SCENARIO_C_EARLY_12_v2_frozen"", ""peak_never_loser_min_peak"": 40.0, ""peak_never_loser_floor"": 10.0, ""thesis_fast_exit_unreal_pct"": -12.0, ""thesis_mfe_protect_pct"": 2.0, ""thesis_exit_if_above_unreal_pct"": 8.0, ""thesis_min_age_sec"": 300, ""thesis_score_flip_margin"": 1, ""thesis_early_decay_delta"": 2, ""early_fail_pct_threshold"": -32.0, ""type_a_first_candle_enabled"": false, ""type_a_early_fail_enabled"": false, ""scenario_c_exit_profile"": true, ""type_a_stall_enabled"": false, ""type_a_stall_min_age_sec"": 480, ""type_a_stall_min_candles"": 3, ""type_a_stall_max_mfe_pct"": 5.0, ""trend_weakening_enabled"": false, ""spread_penalty_threshold"": 5, ""spread_penalty_margin_mult"": 0.75}",2026-06-24T17:49:46.228644+00:00,2026-06-25 03:49:46 AEST,2026-06-25 03:49:46 AEST
2026-06-24T17:53:28.086914+00:00,cont-4e73f1aa3d9b,SHORT,59491.75,59432.0,0.650682,10.04,15.0,6,1.51,1.51,0.0,0.0,-0.0,0.0,PROFIT_LOCK_LADDER,100,0.33,62,44.0,True,SIM_LIMIT,AI_DIRECT_LIMIT,,,,,0,BEAR,SR,60-70,SPAWN,-6,-6,BEARISH_STRUCTURE,BEAR_ALIGNED,54.36,-7,2,8,0.0004,bitfinex,tBTCF0:USTF0,v10.6-melbourne-unified-2026-06-24,BITFINEX_ZERO,v10.6-melbourne-unified-2026-06-24,CONTINUOUS,Continuous AI Research,APPROVE,59407.0,0.065396,0.004629,NEAR_SUPPORT,-0.011628,0.740379,76.3,0.650682,-4.244286,15.086125,29.143,29.143,29.143,0-5m,AI_DIRECT,AI_DIRECT_CHASE,1,,84.75,0.0,0.0,0.0,False,0.0,0.0,-8e-06,2e-05,0.017579,0.032936,-167.904486,0.0,0.322128,59407.0,59960.286012,60668.618789,62852.099379,-0.011675,NEAR_SUPPORT,SHORT_PREFERRED,0.065396,0.004629,BEAR,3.0,44.0,0.0,100,5.5,True,True,APPROVE,62,"```json
{
  ""direction"": ""SHORT"",
  ""confidence"": 62,
  ""long_score"": 18,
  ""short_score"": 82,
  ""preferred_direction"": ""SHORT"",
  ""entry_zone_low"": 59450,
  ""entry_zone_high"": 59600,
  ""limit_price"": 59525,
  ""expected_mfe"": 180,
  ""expected_mae"": 120,
  ""reversal_probability"": 43,
  ""exit_style"": ""AGGRESSIVE"",
  ""reasons_for_trade"": [
    ""BEAR_ALIGNED multi-timeframe agreement (15m, 1h, 4h all bearish)"",
    ""Bearish market structure with LH-LL sequence active and structure_score -6"",
    ""Bearish EMA stack (price below all EMAs, EMA9 below EMA21, EMA21 below EMA200)"",
    ""Strong trend strength (ADX 54.36, trending market, trend_score -7)"",
    ""Trend health state BEAR with bear_score 11 vs bull_score 3"",
    ""Negative velocity and delta (-167.8) supporting bearish orderflow"",
    ""Market structure shift labeled BEAR_CONTINUATION"",
    ""Price near support (0.57% away) but no reversal confirmation - continuation favored"",
    ""Funding rate positive (3.99e-06) meaning longs pay shorts, favoring short positions""
  ],
  ""reasons_against_trade"": [
    ""Price is very close to support (0.57% dist_to_support) - bounce risk elevated"",
    ""Reversal risk score 43 indicates moderate reversal probability"",
    ""Volume ratio extremely low (0.0056) - low participation could lead to erratic moves"",
    ""Current regime is COMPRESSION (193s duration) - may precede expansion in either direction"",
    ""Edge_score of 5.5 is above threshold but not extremely high""
  ],
  ""bull_score"": 2,
  ""bear_score"": 8
}
```

**Direction:** SHORT  
**Win probability:** 62%  
**Long score:** 18  
**Short score:** 82  
**Bull score:** 2/10  
**Bear score:** 8/10  
**Decision:** APPROVE  

**Reasoning:** The trend hierarchy strongly favors continuation. All major trend signals (MTF agreement, structure bias, EMA stack, ADX > 25, trend health) align bearishly. The price is near support, but per rules, this alone does not constitute a reversal signal - and no reversal confirmations (structure shift, momentum expansion, MTF disagreement) are present. The short entry is planned as a pullback to the micro resistance zone (59450-59600), which is above current price, consistent with the rule that SHORT limit_price must be above current price. The low volume and compression regime add uncertainty, but the overwhelming bearish alignment justifies an APPROVE with moderate confidence. The proximity to support means a tight stop is warranted (exit style AGGRESSIVE).",59491.75,59432.0,MAKER,TAKER,0.02525,84.75,29.143,1.51,1.51,0.0,0.0,-0.0,0.0,10.04,39.040985,PROFIT_LOCK_LADDER,-167.904486,0.032936,2e-05,0.322128,False,True,"{'price': 59407.0, 'ret_1m': 0.0, 'ret_5m': -0.00037018963805549477, 'ema9': 59960.2860118938, 'ema21': 60668.618789101485, 'ema200': 62852.09937929392, 'dist_to_support': 0.004629084114666622, 'dist_to_resistance': 0.06539633376538119, 'volume': 0.017579117, 'volume_ratio': 0.03293593300451059, 'delta': -167.90448614899924, 'velocity': 2.0210098562509948e-05, 'imbalance': 0.32212807740228605, 'candle_range': 76.3, 'body_ratio': 0.45966627898353823, 'wick_ratio': 0.5403337210164618}",5.5,"{'early_fail_enabled': True, 'invert_signal': False, 'ai_enabled': True, 'edge_threshold': 3.0, 'edge_threshold_max': None, 'edge_range_preset': 'min_only', 'ai_threshold': 44.0, 'leverage': 100, 'pullback_threshold': 0.001}","{'ema9': 59960.2860118938, 'ema21': 60668.618789101485, 'ema200': 62852.09937929392, 'ema_spread': -0.011675, 'ema9_slope_pct': -0.7663, 'ema21_slope_pct': -0.6407, 'ema9_above_ema21': False, 'ema21_above_ema200': False}",WEAK_SETUP,5.5,5.5,False,True,INV_False_EF_True,SHORT,12,8,SCENARIO_C_EARLY_12_v2_frozen,40.0,10.0,-12.0,2.0,8.0,300,1,2,-32.0,False,False,True,False,480,3,5.0,False,5,0.75,"[[12, 8], [15, 10], [25, 18], [40, 28], [60, 45], [80, 60], [100, 75], [150, 120]]","{""trail_ladder"": [[12, 8], [15, 10], [25, 18], [40, 28], [60, 45], [80, 60], [100, 75], [150, 120]], ""ladder_first_trigger_pct"": 12, ""ladder_first_lock_pct"": 8, ""exit_profile_id"": ""SCENARIO_C_EARLY_12_v2_frozen"", ""peak_never_loser_min_peak"": 40.0, ""peak_never_loser_floor"": 10.0, ""thesis_fast_exit_unreal_pct"": -12.0, ""thesis_mfe_protect_pct"": 2.0, ""thesis_exit_if_above_unreal_pct"": 8.0, ""thesis_min_age_sec"": 300, ""thesis_score_flip_margin"": 1, ""thesis_early_decay_delta"": 2, ""early_fail_pct_threshold"": -32.0, ""type_a_first_candle_enabled"": false, ""type_a_early_fail_enabled"": false, ""scenario_c_exit_profile"": true, ""type_a_stall_enabled"": false, ""type_a_stall_min_age_sec"": 480, ""type_a_stall_min_candles"": 3, ""type_a_stall_max_mfe_pct"": 5.0, ""trend_weakening_enabled"": false, ""spread_penalty_threshold"": 5, ""spread_penalty_margin_mult"": 0.75}",2026-06-24T17:53:28.086914+00:00,2026-06-25 03:53:28 AEST,2026-06-25 03:53:28 AEST
2026-06-24T17:59:11.853216+00:00,cont-0894316a9e5e,SHORT,59493.71,59432.92,0.56498,10.22,15.0,7,1.53,1.53,0.0,0.0,-0.0,0.0,PROFIT_LOCK_LADDER,100,0.34,72,44.0,True,SIM_LIMIT,AI_DIRECT_LIMIT,,,,,0,BEAR,SR,70+,SPAWN,-6,-6,BEARISH_STRUCTURE,BEAR_ALIGNED,54.36,-7,2,9,0.0004,bitfinex,tBTCF0:USTF0,v10.6-melbourne-unified-2026-06-24,BITFINEX_ZERO,v10.6-melbourne-unified-2026-06-24,CONTINUOUS,Continuous AI Research,APPROVE,59483.0,0.064268,0.005684,NEAR_SUPPORT,-0.011764,0.538114,76.3,0.564981,0.0,23.31507,185.599,185.599,185.599,0-5m,AI_DIRECT,AI_DIRECT_CHASE,4,,10.71,0.0,0.0484,0.0484,False,0.0,0.0,-7e-06,-3e-05,0.009904,0.431733,-166.598653,0.0,0.318733,59483.0,59964.886012,60670.709698,62852.328235,-0.011634,NEAR_SUPPORT,SHORT_PREFERRED,0.064268,0.005684,BEAR,3.0,44.0,0.0,100,5.0,True,True,APPROVE,72,"```json
{
  ""direction"": ""SHORT"",
  ""confidence"": 72,
  ""long_score"": 18,
  ""short_score"": 82,
  ""preferred_direction"": ""SHORT"",
  ""entry_zone_low"": 59550,
  ""entry_zone_high"": 59700,
  ""limit_price"": 59625,
  ""expected_mfe"": 320,
  ""expected_mae"": 180,
  ""reversal_probability"": 43,
  ""exit_style"": ""AGGRESSIVE"",
  ""reasons_for_trade"": [
    ""MTF agreement is BEAR_ALIGNED across 15m/1h/4h"",
    ""Market structure bias is BEARISH with active LH-LL sequence"",
    ""EMA stack is bearish (price below all EMAs, EMA9 below EMA21 below EMA200)"",
    ""ADX at 54.36 indicates strong trending conditions favoring continuation"",
    ""Trend health state is BEAR with bear_score 11 vs bull_score 3"",
    ""Orderflow shows negative delta (-166.6) and bearish velocity"",
    ""Market regime is COMPRESSION after a TRENDING move, suggesting potential breakout continuation downward"",
    ""Price is near support (0.56% away) but structure and trend strongly favor breakdown rather than bounce""
  ],
  ""reasons_against_trade"": [
    ""Price is very close to recent low support (59132), increasing bounce risk"",
    ""Reversal probability score is 43 (moderate), indicating some reversal risk"",
    ""Volume ratio is low (0.042), suggesting lack of conviction in current move"",
    ""Entry near support historically shows reduced expectancy for shorts without strong continuation confirmation""
  ],
  ""bull_score"": 2,
  ""bear_score"": 9
}
```

Direction: SHORT  
Win probability: 72%  
Long score: 18  
Short score: 82  
Bull score: 2  
Bear score: 9  
Decision: APPROVE  
Reason: Strong bearish alignment across all trend hierarchy layers (MTF, structure, EMA, ADX) with orderflow confirming. Price near support is a location context only - the dominant trend and structure favor a breakdown through support rather than a reversal. The 43 reversal probability is noted but insufficient to counter the overwhelming bearish evidence. Entry is set as a pullback limit above current price to avoid chasing into support.",59493.71,59432.92,MAKER,TAKER,0.025217,10.71,185.599,1.53,1.53,0.0,0.0,-0.0,0.0,10.22,33.898884,PROFIT_LOCK_LADDER,-166.598653,0.431733,-3e-05,0.318733,False,True,"{'price': 59483.0, 'ret_1m': 0.0, 'ret_5m': 0.0002690567877982747, 'ema9': 59964.886011893796, 'ema21': 60670.70969819239, 'ema200': 62852.32823501532, 'dist_to_support': 0.0056835379182781235, 'dist_to_resistance': 0.06426769799899108, 'volume': 0.009903738, 'volume_ratio': 0.4317327882125482, 'delta': -166.59865313299974, 'velocity': -3.024029015370425e-05, 'imbalance': 0.3187328237956703, 'candle_range': 76.3, 'body_ratio': 0.45966627898353823, 'wick_ratio': 0.5403337210164618}",5.0,"{'early_fail_enabled': True, 'invert_signal': False, 'ai_enabled': True, 'edge_threshold': 3.0, 'edge_threshold_max': None, 'edge_range_preset': 'min_only', 'ai_threshold': 44.0, 'leverage': 100, 'pullback_threshold': 0.001}","{'ema9': 59964.886011893796, 'ema21': 60670.70969819239, 'ema200': 62852.32823501532, 'ema_spread': -0.011634, 'ema9_slope_pct': -0.7587, 'ema21_slope_pct': -0.6373, 'ema9_above_ema21': False, 'ema21_above_ema200': False}",MOMENTUM_SHORT,5.0,5.0,False,True,INV_False_EF_True,SHORT,12,8,SCENARIO_C_EARLY_12_v2_frozen,40.0,10.0,-12.0,2.0,8.0,300,1,2,-32.0,False,False,True,False,480,3,5.0,False,5,0.75,"[[12, 8], [15, 10], [25, 18], [40, 28], [60, 45], [80, 60], [100, 75], [150, 120]]","{""trail_ladder"": [[12, 8], [15, 10], [25, 18], [40, 28], [60, 45], [80, 60], [100, 75], [150, 120]], ""ladder_first_trigger_pct"": 12, ""ladder_first_lock_pct"": 8, ""exit_profile_id"": ""SCENARIO_C_EARLY_12_v2_frozen"", ""peak_never_loser_min_peak"": 40.0, ""peak_never_loser_floor"": 10.0, ""thesis_fast_exit_unreal_pct"": -12.0, ""thesis_mfe_protect_pct"": 2.0, ""thesis_exit_if_above_unreal_pct"": 8.0, ""thesis_min_age_sec"": 300, ""thesis_score_flip_margin"": 1, ""thesis_early_decay_delta"": 2, ""early_fail_pct_threshold"": -32.0, ""type_a_first_candle_enabled"": false, ""type_a_early_fail_enabled"": false, ""scenario_c_exit_profile"": true, ""type_a_stall_enabled"": false, ""type_a_stall_min_age_sec"": 480, ""type_a_stall_min_candles"": 3, ""type_a_stall_max_mfe_pct"": 5.0, ""trend_weakening_enabled"": false, ""spread_penalty_threshold"": 5, ""spread_penalty_margin_mult"": 0.75}",2026-06-24T17:59:11.853216+00:00,2026-06-25 03:59:11 AEST,2026-06-25 03:59:11 AEST
2026-06-24T17:59:16.841111+00:00,c65c-2d73068f4b67,SHORT,59498.62,59432.92,0.667946,11.04,15.0,7,1.66,1.66,0.0,0.0,-0.0,0.0,PROFIT_LOCK_LADDER,100,0.37,72,44.0,True,SIM_LIMIT,AI_DIRECT_LIMIT,,,,,0,BEAR,SR,70+,SPAWN,-6,-6,BEARISH_STRUCTURE,BEAR_ALIGNED,54.36,-7,2,9,0.0004,bitfinex,tBTCF0:USTF0,v10.6-melbourne-unified-2026-06-24,BITFINEX_ZERO,v10.6-melbourne-unified-2026-06-24,COMBO_65_SP5_CHASE_3PLUS,AI65+ · Spread5+ · Chase 3+,APPROVE,59477.0,0.064268,0.005684,NEAR_SUPPORT,-0.011764,0.739525,76.3,0.667947,0.0,24.138375,182.412,182.412,182.412,0-5m,AI_DIRECT,AI_DIRECT_CHASE,4,,21.62,0.0,0.0484,0.0484,False,0.0,0.0,-8e-06,-9.2e-05,0.004336,0.014036,-166.577513,0.0,0.318679,59456.0,59964.886012,60670.709698,62852.328235,-0.011634,NEAR_SUPPORT,SHORT_PREFERRED,0.064268,0.005684,BEAR,3.0,44.0,0.0,100,5.0,True,True,APPROVE,72,"```json
{
  ""direction"": ""SHORT"",
  ""confidence"": 72,
  ""long_score"": 18,
  ""short_score"": 82,
  ""preferred_direction"": ""SHORT"",
  ""entry_zone_low"": 59550,
  ""entry_zone_high"": 59700,
  ""limit_price"": 59625,
  ""expected_mfe"": 320,
  ""expected_mae"": 180,
  ""reversal_probability"": 43,
  ""exit_style"": ""AGGRESSIVE"",
  ""reasons_for_trade"": [
    ""MTF agreement is BEAR_ALIGNED across 15m/1h/4h"",
    ""Market structure bias is BEARISH with active LH-LL sequence"",
    ""EMA stack is bearish (price below all EMAs, EMA9 below EMA21 below EMA200)"",
    ""ADX at 54.36 indicates strong trending conditions favoring continuation"",
    ""Trend health state is BEAR with bear_score 11 vs bull_score 3"",
    ""Orderflow shows negative delta (-166.6) and bearish velocity"",
    ""Market regime is COMPRESSION after a TRENDING move, suggesting potential breakout continuation downward"",
    ""Price is near support (0.56% away) but structure and trend strongly favor breakdown rather than bounce""
  ],
  ""reasons_against_trade"": [
    ""Price is very close to recent low support (59132), increasing bounce risk"",
    ""Reversal probability score is 43 (moderate), indicating some reversal risk"",
    ""Volume ratio is low (0.042), suggesting lack of conviction in current move"",
    ""Entry near support historically shows reduced expectancy for shorts without strong continuation confirmation""
  ],
  ""bull_score"": 2,
  ""bear_score"": 9
}
```

Direction: SHORT  
Win probability: 72%  
Long score: 18  
Short score: 82  
Bull score: 2  
Bear score: 9  
Decision: APPROVE  
Reason: Strong bearish alignment across all trend hierarchy layers (MTF, structure, EMA, ADX) with orderflow confirming. Price near support is a location context only - the dominant trend and structure favor a breakdown through support rather than a reversal. The 43 reversal probability is noted but insufficient to counter the overwhelming bearish evidence. Entry is set as a pullback limit above current price to avoid chasing into support.",59498.62,59432.92,MAKER,TAKER,0.02522,21.62,182.412,1.66,1.66,0.0,0.0,-0.0,0.0,11.04,40.076882,PROFIT_LOCK_LADDER,-166.577513,0.014036,-9.2e-05,0.318679,False,True,"{'price': 59456.0, 'ret_1m': -0.00010090477952305674, 'ret_5m': -0.00010090477952305674, 'ema9': 59964.886011893796, 'ema21': 60670.70969819239, 'ema200': 62852.32823501532, 'dist_to_support': 0.0056835379182781235, 'dist_to_resistance': 0.06426769799899108, 'volume': 0.0043362520000000005, 'volume_ratio': 0.014036089733446047, 'delta': -166.57751311299975, 'velocity': -9.244059234772255e-05, 'imbalance': 0.31867891260114345, 'candle_range': 76.3, 'body_ratio': 0.45966627898353823, 'wick_ratio': 0.5403337210164618}",5.0,"{'early_fail_enabled': True, 'invert_signal': False, 'ai_enabled': True, 'edge_threshold': 3.0, 'edge_threshold_max': None, 'edge_range_preset': 'min_only', 'ai_threshold': 44.0, 'leverage': 100, 'pullback_threshold': 0.001}","{'ema9': 59964.886011893796, 'ema21': 60670.70969819239, 'ema200': 62852.32823501532, 'ema_spread': -0.011634, 'ema9_slope_pct': -0.7587, 'ema21_slope_pct': -0.6373, 'ema9_above_ema21': False, 'ema21_above_ema200': False}",MOMENTUM_SHORT,5.0,5.0,False,True,INV_False_EF_True,SHORT,12,8,SCENARIO_C_EARLY_12_v2_frozen,40.0,10.0,-12.0,2.0,8.0,300,1,2,-32.0,False,False,True,False,480,3,5.0,False,5,0.75,"[[12, 8], [15, 10], [25, 18], [40, 28], [60, 45], [80, 60], [100, 75], [150, 120]]","{""trail_ladder"": [[12, 8], [15, 10], [25, 18], [40, 28], [60, 45], [80, 60], [100, 75], [150, 120]], ""ladder_first_trigger_pct"": 12, ""ladder_first_lock_pct"": 8, ""exit_profile_id"": ""SCENARIO_C_EARLY_12_v2_frozen"", ""peak_never_loser_min_peak"": 40.0, ""peak_never_loser_floor"": 10.0, ""thesis_fast_exit_unreal_pct"": -12.0, ""thesis_mfe_protect_pct"": 2.0, ""thesis_exit_if_above_unreal_pct"": 8.0, ""thesis_min_age_sec"": 300, ""thesis_score_flip_margin"": 1, ""thesis_early_decay_delta"": 2, ""early_fail_pct_threshold"": -32.0, ""type_a_first_candle_enabled"": false, ""type_a_early_fail_enabled"": false, ""scenario_c_exit_profile"": true, ""type_a_stall_enabled"": false, ""type_a_stall_min_age_sec"": 480, ""type_a_stall_min_candles"": 3, ""type_a_stall_max_mfe_pct"": 5.0, ""trend_weakening_enabled"": false, ""spread_penalty_threshold"": 5, ""spread_penalty_margin_mult"": 0.75}",2026-06-24T17:59:16.841111+00:00,2026-06-25 03:59:16 AEST,2026-06-25 03:59:16 AEST
2026-06-24T18:12:54.933804+00:00,cont-bc68eec278c1,SHORT,59628.19,59578.0,1.817009,8.42,15.0,6,1.26,1.26,0.0,0.0,-0.0,0.0,PROFIT_LOCK_LADDER,100,0.28,72,44.0,True,SIM_LIMIT,AI_DIRECT_LIMIT,,,,,0,BEAR,SR,70+,SPAWN,-6,-6,BEARISH_STRUCTURE,BEAR_ALIGNED,55.56,-7,2,8,0.0004,bitfinex,tBTCF0:USTF0,v10.6-melbourne-unified-2026-06-24,BITFINEX_ZERO,v10.6-melbourne-unified-2026-06-24,CONTINUOUS,Continuous AI Research,APPROVE,59540.0,0.062374,0.007453,NEAR_SUPPORT,-0.011242,0.940102,75.4,1.81701,-7.011784,12.609808,149.874,149.874,149.874,0-5m,AI_DIRECT,AI_DIRECT_CHASE,3,,88.19,0.0,0.0,0.0,False,0.0,0.0,-2.3e-05,-9.6e-05,0.009808,0.002658,-165.896263,0.0,0.309944,59540.0,59878.46881,60567.322866,62819.009731,-0.011373,NEAR_SUPPORT,SHORT_PREFERRED,0.062374,0.007453,BEAR,3.0,44.0,0.0,100,6.0,True,True,APPROVE,72,"```json
{
  ""direction"": ""SHORT"",
  ""confidence"": 72,
  ""long_score"": 18,
  ""short_score"": 82,
  ""preferred_direction"": ""SHORT"",
  ""entry_zone_low"": 59650,
  ""entry_zone_high"": 59800,
  ""limit_price"": 59725,
  ""expected_mfe"": 450,
  ""expected_mae"": 250,
  ""reversal_probability"": 25,
  ""exit_style"": ""AGGRESSIVE"",
  ""reasons_for_trade"": [
    ""BEAR_ALIGNED multi-timeframe agreement (15m, 1h, 4h all bearish)"",
    ""Bearish market structure with LH/LL sequence active and structure_score -6"",
    ""EMA stack bearish (price below all EMAs, EMA9 below EMA21, EMA21 below EMA200)"",
    ""ADX at 55.56 indicating strong trending conditions favoring continuation"",
    ""Trend health state BEAR with bear_score 11 vs bull_score 3"",
    ""Negative velocity and delta (-165.95) supporting bearish orderflow"",
    ""Market structure shift labeled BEAR_CONTINUATION"",
    ""Funding rate positive (3.99e-06) meaning longs pay shorts, favorable for short positioning"",
    ""Price near support (0.77% away) but no reversal confirmation - continuation more likely in strong trend""
  ],
  ""reasons_against_trade"": [
    ""Price is very close to recent low support (59132), bounce risk increases near support"",
    ""Volume ratio below 1.0 (0.86) suggests slightly below-average participation"",
    ""Reversal risk score at 25 indicates some potential for mean reversion"",
    ""Entry near support historically reduces expectancy without strong continuation evidence""
  ],
  ""bull_score"": 2,
  ""bear_score"": 8
}
```",59628.19,59578.0,MAKER,TAKER,0.025193,88.19,149.874,1.26,1.26,0.0,0.0,-0.0,0.0,8.42,109.020646,PROFIT_LOCK_LADDER,-165.896263,0.002658,-9.6e-05,0.309944,False,True,"{'price': 59540.0, 'ret_1m': 0.0, 'ret_5m': -0.00047005103411227505, 'ema9': 59878.46880951504, 'ema21': 60567.32286612496, 'ema200': 62819.009731135826, 'dist_to_support': 0.007452665502887069, 'dist_to_resistance': 0.0623741103800188, 'volume': 0.009808, 'volume_ratio': 0.0026580799696915088, 'delta': -165.8962626399993, 'velocity': -9.566510717599131e-05, 'imbalance': 0.3099441255878579, 'candle_range': 75.4, 'body_ratio': 0.4694702005521657, 'wick_ratio': 0.5305297994478344}",6.0,"{'early_fail_enabled': True, 'invert_signal': False, 'ai_enabled': True, 'edge_threshold': 3.0, 'edge_threshold_max': None, 'edge_range_preset': 'min_only', 'ai_threshold': 44.0, 'leverage': 100, 'pullback_threshold': 0.001}","{'ema9': 59878.46880951504, 'ema21': 60567.32286612496, 'ema200': 62819.009731135826, 'ema_spread': -0.011373, 'ema9_slope_pct': -0.6698, 'ema21_slope_pct': -0.6081, 'ema9_above_ema21': False, 'ema21_above_ema200': False}",MOMENTUM_SHORT,6.0,6.0,False,True,INV_False_EF_True,SHORT,12,8,SCENARIO_C_EARLY_12_v2_frozen,40.0,10.0,-12.0,2.0,8.0,300,1,2,-32.0,False,False,True,False,480,3,5.0,False,5,0.75,"[[12, 8], [15, 10], [25, 18], [40, 28], [60, 45], [80, 60], [100, 75], [150, 120]]","{""trail_ladder"": [[12, 8], [15, 10], [25, 18], [40, 28], [60, 45], [80, 60], [100, 75], [150, 120]], ""ladder_first_trigger_pct"": 12, ""ladder_first_lock_pct"": 8, ""exit_profile_id"": ""SCENARIO_C_EARLY_12_v2_frozen"", ""peak_never_loser_min_peak"": 40.0, ""peak_never_loser_floor"": 10.0, ""thesis_fast_exit_unreal_pct"": -12.0, ""thesis_mfe_protect_pct"": 2.0, ""thesis_exit_if_above_unreal_pct"": 8.0, ""thesis_min_age_sec"": 300, ""thesis_score_flip_margin"": 1, ""thesis_early_decay_delta"": 2, ""early_fail_pct_threshold"": -32.0, ""type_a_first_candle_enabled"": false, ""type_a_early_fail_enabled"": false, ""scenario_c_exit_profile"": true, ""type_a_stall_enabled"": false, ""type_a_stall_min_age_sec"": 480, ""type_a_stall_min_candles"": 3, ""type_a_stall_max_mfe_pct"": 5.0, ""trend_weakening_enabled"": false, ""spread_penalty_threshold"": 5, ""spread_penalty_margin_mult"": 0.75}",2026-06-24T18:12:54.933804+00:00,2026-06-25 04:12:54 AEST,2026-06-25 04:12:54 AEST
2026-06-24T18:12:54.971670+00:00,c65c-68483b085fa8,SHORT,59630.29,59578.0,1.814555,8.77,15.0,6,1.32,1.32,0.0,0.0,-0.0,0.0,PROFIT_LOCK_LADDER,100,0.29,72,44.0,True,SIM_LIMIT,AI_DIRECT_LIMIT,,,,,0,BEAR,SR,70+,SPAWN,-6,-6,BEARISH_STRUCTURE,BEAR_ALIGNED,55.56,-7,2,8,0.0004,bitfinex,tBTCF0:USTF0,v10.6-melbourne-unified-2026-06-24,BITFINEX_ZERO,v10.6-melbourne-unified-2026-06-24,COMBO_65_SP5_CHASE_3PLUS,AI65+ · Spread5+ · Chase 3+,APPROVE,59540.0,0.062374,0.007453,NEAR_SUPPORT,-0.011242,0.940102,75.4,1.814555,-6.659367,12.961533,149.239,149.239,149.239,0-5m,AI_DIRECT,AI_DIRECT_CHASE,3,,90.29,0.0,0.0,0.0,False,0.0,0.0,-2.3e-05,-9.6e-05,0.009808,0.002658,-165.896263,0.0,0.309944,59540.0,59878.46881,60567.322866,62819.009731,-0.011373,NEAR_SUPPORT,SHORT_PREFERRED,0.062374,0.007453,BEAR,3.0,44.0,0.0,100,6.0,True,True,APPROVE,72,"```json
{
  ""direction"": ""SHORT"",
  ""confidence"": 72,
  ""long_score"": 18,
  ""short_score"": 82,
  ""preferred_direction"": ""SHORT"",
  ""entry_zone_low"": 59650,
  ""entry_zone_high"": 59800,
  ""limit_price"": 59725,
  ""expected_mfe"": 450,
  ""expected_mae"": 250,
  ""reversal_probability"": 25,
  ""exit_style"": ""AGGRESSIVE"",
  ""reasons_for_trade"": [
    ""BEAR_ALIGNED multi-timeframe agreement (15m, 1h, 4h all bearish)"",
    ""Bearish market structure with LH/LL sequence active and structure_score -6"",
    ""EMA stack bearish (price below all EMAs, EMA9 below EMA21, EMA21 below EMA200)"",
    ""ADX at 55.56 indicating strong trending conditions favoring continuation"",
    ""Trend health state BEAR with bear_score 11 vs bull_score 3"",
    ""Negative velocity and delta (-165.95) supporting bearish orderflow"",
    ""Market structure shift labeled BEAR_CONTINUATION"",
    ""Funding rate positive (3.99e-06) meaning longs pay shorts, favorable for short positioning"",
    ""Price near support (0.77% away) but no reversal confirmation - continuation more likely in strong trend""
  ],
  ""reasons_against_trade"": [
    ""Price is very close to recent low support (59132), bounce risk increases near support"",
    ""Volume ratio below 1.0 (0.86) suggests slightly below-average participation"",
    ""Reversal risk score at 25 indicates some potential for mean reversion"",
    ""Entry near support historically reduces expectancy without strong continuation evidence""
  ],
  ""bull_score"": 2,
  ""bear_score"": 8
}
```",59630.29,59578.0,MAKER,TAKER,0.025193,90.29,149.239,1.32,1.32,0.0,0.0,-0.0,0.0,8.77,108.873353,PROFIT_LOCK_LADDER,-165.896263,0.002658,-9.6e-05,0.309944,False,True,"{'price': 59540.0, 'ret_1m': 0.0, 'ret_5m': -0.00047005103411227505, 'ema9': 59878.46880951504, 'ema21': 60567.32286612496, 'ema200': 62819.009731135826, 'dist_to_support': 0.007452665502887069, 'dist_to_resistance': 0.0623741103800188, 'volume': 0.009808, 'volume_ratio': 0.0026580799696915088, 'delta': -165.8962626399993, 'velocity': -9.566510717599131e-05, 'imbalance': 0.3099441255878579, 'candle_range': 75.4, 'body_ratio': 0.4694702005521657, 'wick_ratio': 0.5305297994478344}",6.0,"{'early_fail_enabled': True, 'invert_signal': False, 'ai_enabled': True, 'edge_threshold': 3.0, 'edge_threshold_max': None, 'edge_range_preset': 'min_only', 'ai_threshold': 44.0, 'leverage': 100, 'pullback_threshold': 0.001}","{'ema9': 59878.46880951504, 'ema21': 60567.32286612496, 'ema200': 62819.009731135826, 'ema_spread': -0.011373, 'ema9_slope_pct': -0.6698, 'ema21_slope_pct': -0.6081, 'ema9_above_ema21': False, 'ema21_above_ema200': False}",MOMENTUM_SHORT,6.0,6.0,False,True,INV_False_EF_True,SHORT,12,8,SCENARIO_C_EARLY_12_v2_frozen,40.0,10.0,-12.0,2.0,8.0,300,1,2,-32.0,False,False,True,False,480,3,5.0,False,5,0.75,"[[12, 8], [15, 10], [25, 18], [40, 28], [60, 45], [80, 60], [100, 75], [150, 120]]","{""trail_ladder"": [[12, 8], [15, 10], [25, 18], [40, 28], [60, 45], [80, 60], [100, 75], [150, 120]], ""ladder_first_trigger_pct"": 12, ""ladder_first_lock_pct"": 8, ""exit_profile_id"": ""SCENARIO_C_EARLY_12_v2_frozen"", ""peak_never_loser_min_peak"": 40.0, ""peak_never_loser_floor"": 10.0, ""thesis_fast_exit_unreal_pct"": -12.0, ""thesis_mfe_protect_pct"": 2.0, ""thesis_exit_if_above_unreal_pct"": 8.0, ""thesis_min_age_sec"": 300, ""thesis_score_flip_margin"": 1, ""thesis_early_decay_delta"": 2, ""early_fail_pct_threshold"": -32.0, ""type_a_first_candle_enabled"": false, ""type_a_early_fail_enabled"": false, ""scenario_c_exit_profile"": true, ""type_a_stall_enabled"": false, ""type_a_stall_min_age_sec"": 480, ""type_a_stall_min_candles"": 3, ""type_a_stall_max_mfe_pct"": 5.0, ""trend_weakening_enabled"": false, ""spread_penalty_threshold"": 5, ""spread_penalty_margin_mult"": 0.75}",2026-06-24T18:12:54.971670+00:00,2026-06-25 04:12:54 AEST,2026-06-25 04:12:54 AEST
2026-06-24T18:21:39.348337+00:00,cont-abfa55a3ae4a,SHORT,59658.27,59921.0,6.569608,-44.04,15.0,6,-6.61,-6.61,0.0,0.0,-0.0,-0.0,EARLY_FAIL,100,1.47,72,44.0,True,SIM_LIMIT,AI_DIRECT_LIMIT,,,,,0,BEAR,SR,70+,SPAWN,-6,-6,BEARISH_STRUCTURE,BEAR_ALIGNED,55.53,-7,2,8,0.0004,bitfinex,tBTCF0:USTF0,v10.6-melbourne-unified-2026-06-24,BITFINEX_ZERO,v10.6-melbourne-unified-2026-06-24,CONTINUOUS,Continuous AI Research,APPROVE,59586.0,0.062196,0.007619,NEAR_SUPPORT,-0.01035,1.0,75.4,6.569609,-46.680871,7.588219,198.193,198.193,198.193,0-5m,AI_DIRECT,AI_DIRECT_CHASE,4,,72.27,0.0,0.0,0.0,False,0.0,0.0,-8.2e-05,-7.7e-05,0.009327,0.068098,-164.477225,0.0,0.30642,59586.0,59894.06881,60574.413775,62819.785851,-0.011232,NEAR_SUPPORT,SHORT_PREFERRED,0.062196,0.007619,BEAR,3.0,44.0,0.0,100,5.9,True,True,APPROVE,72,"```json
{
  ""direction"": ""SHORT"",
  ""confidence"": 72,
  ""long_score"": 18,
  ""short_score"": 82,
  ""preferred_direction"": ""SHORT"",
  ""entry_zone_low"": 59700,
  ""entry_zone_high"": 59900,
  ""limit_price"": 59800,
  ""expected_mfe"": 350,
  ""expected_mae"": 180,
  ""reversal_probability"": 45,
  ""exit_style"": ""AGGRESSIVE"",
  ""reasons_for_trade"": [
    ""BEAR_ALIGNED multi-timeframe agreement (15m, 1h, 4h all bearish)"",
    ""Bearish structure with LH/LL sequence active and structure_score -6"",
    ""Bear EMA stack (price below EMA9, EMA21, EMA200; EMA9 below EMA21 below EMA200)"",
    ""ADX 55.53 indicates strong trending market favoring continuation"",
    ""Trend health BEAR with bear_score 11 vs bull_score 3"",
    ""Market structure shift is BEAR_CONTINUATION"",
    ""Negative delta (-164.5) shows selling pressure"",
    ""Price near support (0.84% away) but no reversal confirmation - continuation more likely"",
    ""Edge_score 5.9 above threshold supports trade quality""
  ],
  ""reasons_against_trade"": [
    ""Price is very close to recent low support (59132), bounce risk increases"",
    ""Reversal probability 45% suggests non-trivial chance of mean reversion"",
    ""Volume ratio only 1.10, not showing aggressive selling surge"",
    ""Entry near support historically reduces short expectancy without strong continuation""
  ],
  ""bull_score"": 2,
  ""bear_score"": 8
}
```

Direction: SHORT
Win probability: 72
Long score: 18
Short score: 82
Bull score: 2
Bear score: 8
Decision: APPROVE
Reason: Strong bearish alignment across all trend hierarchy layers (MTF, structure, EMA, ADX) with no valid reversal confirmation. Price near support is a location context only - not a long signal. Short continuation favored with aggressive exit given proximity to support zone.",59658.27,59921.0,MAKER,TAKER,0.025174,72.27,198.193,-6.61,-6.61,0.0,0.0,-0.0,-0.0,-44.04,394.176579,EARLY_FAIL,-164.477225,0.068098,-7.7e-05,0.30642,True,True,"{'price': 59586.0, 'ret_1m': -3.3563804792911326e-05, 'ret_5m': -0.0005702784300570279, 'ema9': 59894.06880951504, 'ema21': 60574.413775215864, 'ema200': 62819.78585053881, 'dist_to_support': 0.007619239418655389, 'dist_to_resistance': 0.06219581780955258, 'volume': 0.009326736, 'volume_ratio': 0.06809834354184251, 'delta': -164.47722531199912, 'velocity': -7.715790845586836e-05, 'imbalance': 0.3064198256449261, 'candle_range': 75.4, 'body_ratio': 0.4694702005521657, 'wick_ratio': 0.5305297994478344}",5.9,"{'early_fail_enabled': True, 'invert_signal': False, 'ai_enabled': True, 'edge_threshold': 3.0, 'edge_threshold_max': None, 'edge_range_preset': 'min_only', 'ai_threshold': 44.0, 'leverage': 100, 'pullback_threshold': 0.001}","{'ema9': 59894.06880951504, 'ema21': 60574.413775215864, 'ema200': 62819.78585053881, 'ema_spread': -0.011232, 'ema9_slope_pct': -0.644, 'ema21_slope_pct': -0.5964, 'ema9_above_ema21': False, 'ema21_above_ema200': False}",MOMENTUM_SHORT,5.9,5.9,False,True,INV_False_EF_True,SHORT,12,8,SCENARIO_C_EARLY_12_v2_frozen,40.0,10.0,-12.0,2.0,8.0,300,1,2,-32.0,False,False,True,False,480,3,5.0,False,5,0.75,"[[12, 8], [15, 10], [25, 18], [40, 28], [60, 45], [80, 60], [100, 75], [150, 120]]","{""trail_ladder"": [[12, 8], [15, 10], [25, 18], [40, 28], [60, 45], [80, 60], [100, 75], [150, 120]], ""ladder_first_trigger_pct"": 12, ""ladder_first_lock_pct"": 8, ""exit_profile_id"": ""SCENARIO_C_EARLY_12_v2_frozen"", ""peak_never_loser_min_peak"": 40.0, ""peak_never_loser_floor"": 10.0, ""thesis_fast_exit_unreal_pct"": -12.0, ""thesis_mfe_protect_pct"": 2.0, ""thesis_exit_if_above_unreal_pct"": 8.0, ""thesis_min_age_sec"": 300, ""thesis_score_flip_margin"": 1, ""thesis_early_decay_delta"": 2, ""early_fail_pct_threshold"": -32.0, ""type_a_first_candle_enabled"": false, ""type_a_early_fail_enabled"": false, ""scenario_c_exit_profile"": true, ""type_a_stall_enabled"": false, ""type_a_stall_min_age_sec"": 480, ""type_a_stall_min_candles"": 3, ""type_a_stall_max_mfe_pct"": 5.0, ""trend_weakening_enabled"": false, ""spread_penalty_threshold"": 5, ""spread_penalty_margin_mult"": 0.75}",2026-06-24T18:21:39.348337+00:00,2026-06-25 04:21:39 AEST,2026-06-25 04:21:39 AEST
2026-06-24T18:21:44.442941+00:00,c65c-69fa607ed486,SHORT,59675.47,59927.0,6.636325,-42.15,15.0,6,-6.32,-6.32,0.0,0.0,-0.0,-0.0,EARLY_FAIL,100,1.4,72,44.0,True,SIM_LIMIT,AI_DIRECT_LIMIT,,,,,0,BEAR,SR,70+,SPAWN,-6,-6,BEARISH_STRUCTURE,BEAR_ALIGNED,55.53,-7,2,8,0.0004,bitfinex,tBTCF0:USTF0,v10.6-melbourne-unified-2026-06-24,BITFINEX_ZERO,v10.6-melbourne-unified-2026-06-24,COMBO_65_SP5_CHASE_3PLUS,AI65+ · Spread5+ · Chase 3+,APPROVE,59586.0,0.062196,0.007619,NEAR_SUPPORT,-0.01035,1.0,75.4,6.636326,-42.149647,10.468288,198.471,198.471,198.471,0-5m,AI_DIRECT,AI_DIRECT_CHASE,3,,89.47,0.0,0.0,0.0,False,0.0,0.0,-8.3e-05,-6e-05,0.007827,0.069384,-164.480079,0.0,0.306416,59586.0,59894.06881,60574.413775,62819.785851,-0.011232,NEAR_SUPPORT,SHORT_PREFERRED,0.062196,0.007619,BEAR,3.0,44.0,0.0,100,5.9,True,True,APPROVE,72,"```json
{
  ""direction"": ""SHORT"",
  ""confidence"": 72,
  ""long_score"": 18,
  ""short_score"": 82,
  ""preferred_direction"": ""SHORT"",
  ""entry_zone_low"": 59700,
  ""entry_zone_high"": 59900,
  ""limit_price"": 59800,
  ""expected_mfe"": 350,
  ""expected_mae"": 180,
  ""reversal_probability"": 45,
  ""exit_style"": ""AGGRESSIVE"",
  ""reasons_for_trade"": [
    ""BEAR_ALIGNED multi-timeframe agreement (15m, 1h, 4h all bearish)"",
    ""Bearish structure with LH/LL sequence active and structure_score -6"",
    ""Bear EMA stack (price below EMA9, EMA21, EMA200; EMA9 below EMA21 below EMA200)"",
    ""ADX 55.53 indicates strong trending market favoring continuation"",
    ""Trend health BEAR with bear_score 11 vs bull_score 3"",
    ""Market structure shift is BEAR_CONTINUATION"",
    ""Negative delta (-164.5) shows selling pressure"",
    ""Price near support (0.84% away) but no reversal confirmation - continuation more likely"",
    ""Edge_score 5.9 above threshold supports trade quality""
  ],
  ""reasons_against_trade"": [
    ""Price is very close to recent low support (59132), bounce risk increases"",
    ""Reversal probability 45% suggests non-trivial chance of mean reversion"",
    ""Volume ratio only 1.10, not showing aggressive selling surge"",
    ""Entry near support historically reduces short expectancy without strong continuation""
  ],
  ""bull_score"": 2,
  ""bear_score"": 8
}
```

Direction: SHORT
Win probability: 72
Long score: 18
Short score: 82
Bull score: 2
Bear score: 8
Decision: APPROVE
Reason: Strong bearish alignment across all trend hierarchy layers (MTF, structure, EMA, ADX) with no valid reversal confirmation. Price near support is a location context only - not a long signal. Short continuation favored with aggressive exit given proximity to support zone.",59675.47,59927.0,MAKER,TAKER,0.025174,89.47,198.471,-6.32,-6.32,0.0,0.0,-0.0,-0.0,-42.15,398.179575,EARLY_FAIL,-164.480079,0.069384,-6e-05,0.306416,True,True,"{'price': 59586.0, 'ret_1m': 0.0, 'ret_5m': -0.0006205658890025661, 'ema9': 59894.06880951504, 'ema21': 60574.413775215864, 'ema200': 62819.78585053881, 'dist_to_support': 0.007619239418655389, 'dist_to_resistance': 0.06219581780955258, 'volume': 0.007826736, 'volume_ratio': 0.0693835170435406, 'delta': -164.48007878399912, 'velocity': -6.038869806819663e-05, 'imbalance': 0.30641620670887176, 'candle_range': 75.4, 'body_ratio': 0.4694702005521657, 'wick_ratio': 0.5305297994478344}",5.9,"{'early_fail_enabled': True, 'invert_signal': False, 'ai_enabled': True, 'edge_threshold': 3.0, 'edge_threshold_max': None, 'edge_range_preset': 'min_only', 'ai_threshold': 44.0, 'leverage': 100, 'pullback_threshold': 0.001}","{'ema9': 59894.06880951504, 'ema21': 60574.413775215864, 'ema200': 62819.78585053881, 'ema_spread': -0.011232, 'ema9_slope_pct': -0.644, 'ema21_slope_pct': -0.5964, 'ema9_above_ema21': False, 'ema21_above_ema200': False}",MOMENTUM_SHORT,5.9,5.9,False,True,INV_False_EF_True,SHORT,12,8,SCENARIO_C_EARLY_12_v2_frozen,40.0,10.0,-12.0,2.0,8.0,300,1,2,-32.0,False,False,True,False,480,3,5.0,False,5,0.75,"[[12, 8], [15, 10], [25, 18], [40, 28], [60, 45], [80, 60], [100, 75], [150, 120]]","{""trail_ladder"": [[12, 8], [15, 10], [25, 18], [40, 28], [60, 45], [80, 60], [100, 75], [150, 120]], ""ladder_first_trigger_pct"": 12, ""ladder_first_lock_pct"": 8, ""exit_profile_id"": ""SCENARIO_C_EARLY_12_v2_frozen"", ""peak_never_loser_min_peak"": 40.0, ""peak_never_loser_floor"": 10.0, ""thesis_fast_exit_unreal_pct"": -12.0, ""thesis_mfe_protect_pct"": 2.0, ""thesis_exit_if_above_unreal_pct"": 8.0, ""thesis_min_age_sec"": 300, ""thesis_score_flip_margin"": 1, ""thesis_early_decay_delta"": 2, ""early_fail_pct_threshold"": -32.0, ""type_a_first_candle_enabled"": false, ""type_a_early_fail_enabled"": false, ""scenario_c_exit_profile"": true, ""type_a_stall_enabled"": false, ""type_a_stall_min_age_sec"": 480, ""type_a_stall_min_candles"": 3, ""type_a_stall_max_mfe_pct"": 5.0, ""trend_weakening_enabled"": false, ""spread_penalty_threshold"": 5, ""spread_penalty_margin_mult"": 0.75}",2026-06-24T18:21:44.442941+00:00,2026-06-25 04:21:44 AEST,2026-06-25 04:21:44 AEST
2026-06-24T18:24:50.726914+00:00,cont-063bfbc47142,SHORT,59941.21,59885.0,0.934015,9.38,15.0,6,1.41,1.41,0.0,0.0,-0.0,0.0,PROFIT_LOCK_LADDER,100,0.31,62,44.0,True,SIM_LIMIT,AI_DIRECT_LIMIT,,,,,0,BEAR,SR,60-70,SPAWN,-6,-6,BEARISH_STRUCTURE,BEAR_ALIGNED,55.39,-7,2,8,0.0004,bitfinex,tBTCF0:USTF0,v10.6-melbourne-unified-2026-06-24,BITFINEX_ZERO,v10.6-melbourne-unified-2026-06-24,CONTINUOUS,Continuous AI Research,APPROVE,59918.0,0.058271,0.011286,NEAR_SUPPORT,-0.010377,1.0,60.0,0.934016,0.0,24.892724,120.923,120.923,120.923,0-5m,AI_DIRECT,AI_DIRECT_CHASE,3,,23.21,0.0,0.0,0.0,False,0.0,0.0,-1.2e-05,0.000216,0.005378,4.002969,-161.569555,0.0,0.298796,59918.0,59880.335048,60506.549713,62790.432596,-0.01035,NEAR_SUPPORT,SHORT_PREFERRED,0.058271,0.011286,BEAR,3.0,44.0,0.0,100,5.5,True,True,APPROVE,62,"```json
{
  ""direction"": ""SHORT"",
  ""confidence"": 62,
  ""long_score"": 18,
  ""short_score"": 82,
  ""preferred_direction"": ""SHORT"",
  ""entry_zone_low"": 59950,
  ""entry_zone_high"": 60150,
  ""limit_price"": 60050,
  ""expected_mfe"": 450,
  ""expected_mae"": 200,
  ""reversal_probability"": 45,
  ""exit_style"": ""AGGRESSIVE"",
  ""reasons_for_trade"": [
    ""BEAR_ALIGNED multi-timeframe agreement (15m, 1h, 4h all bearish)"",
    ""Bearish market structure with active LH-LL sequence and structure_score -6"",
    ""Bearish EMA stack (price below EMA21 and EMA200, EMA9 below EMA21)"",
    ""Strong trend with ADX 55.39 (>25) favoring continuation"",
    ""Trend health state BEAR with bear_score 11 vs bull_score 3"",
    ""Volume ratio 4.07 confirms selling pressure"",
    ""Negative delta (-161.57) supports bearish orderflow"",
    ""Price near support (1.13% away) but no reversal confirmation - continuation more likely"",
    ""Funding positive (3.99e-06) favors shorts, longs paying""
  ],
  ""reasons_against_trade"": [
    ""Price is very close to recent low support (59132) - bounce risk elevated"",
    ""Reversal probability 45% suggests non-trivial chance of mean reversion"",
    ""Entry near support historically reduces short expectancy without strong continuation"",
    ""Candle wick ratio 0.49 shows indecision at current levels"",
    ""Edge score 5.5 above threshold but not extreme""
  ],
  ""bull_score"": 2,
  ""bear_score"": 8
}
```",59941.21,59885.0,MAKER,TAKER,0.025034,23.21,120.923,1.41,1.41,0.0,0.0,-0.0,0.0,9.38,56.041002,PROFIT_LOCK_LADDER,-161.569555,4.002969,0.000216,0.298796,False,True,"{'price': 59918.0, 'ret_1m': 0.0018559700369521963, 'ret_5m': 0.001989999832773123, 'ema9': 59880.33504761204, 'ema21': 60506.54971300881, 'ema200': 62790.43259635611, 'dist_to_support': 0.011286304278763355, 'dist_to_resistance': 0.05827077097998562, 'volume': 0.0053784869999999995, 'volume_ratio': 4.002968601514882, 'delta': -161.56955481999856, 'velocity': 0.00021572442634243869, 'imbalance': 0.2987956350847482, 'candle_range': 60.0, 'body_ratio': 0.4084312395132047, 'wick_ratio': 0.4915687604867953}",5.5,"{'early_fail_enabled': True, 'invert_signal': False, 'ai_enabled': True, 'edge_threshold': 3.0, 'edge_threshold_max': None, 'edge_range_preset': 'min_only', 'ai_threshold': 44.0, 'leverage': 100, 'pullback_threshold': 0.001}","{'ema9': 59880.33504761204, 'ema21': 60506.54971300881, 'ema200': 62790.43259635611, 'ema_spread': -0.01035, 'ema9_slope_pct': -0.3632, 'ema21_slope_pct': -0.4741, 'ema9_above_ema21': False, 'ema21_above_ema200': False}",ORDERFLOW_SPIKE,5.5,5.5,False,True,INV_False_EF_True,SHORT,12,8,SCENARIO_C_EARLY_12_v2_frozen,40.0,10.0,-12.0,2.0,8.0,300,1,2,-32.0,False,False,True,False,480,3,5.0,False,5,0.75,"[[12, 8], [15, 10], [25, 18], [40, 28], [60, 45], [80, 60], [100, 75], [150, 120]]","{""trail_ladder"": [[12, 8], [15, 10], [25, 18], [40, 28], [60, 45], [80, 60], [100, 75], [150, 120]], ""ladder_first_trigger_pct"": 12, ""ladder_first_lock_pct"": 8, ""exit_profile_id"": ""SCENARIO_C_EARLY_12_v2_frozen"", ""peak_never_loser_min_peak"": 40.0, ""peak_never_loser_floor"": 10.0, ""thesis_fast_exit_unreal_pct"": -12.0, ""thesis_mfe_protect_pct"": 2.0, ""thesis_exit_if_above_unreal_pct"": 8.0, ""thesis_min_age_sec"": 300, ""thesis_score_flip_margin"": 1, ""thesis_early_decay_delta"": 2, ""early_fail_pct_threshold"": -32.0, ""type_a_first_candle_enabled"": false, ""type_a_early_fail_enabled"": false, ""scenario_c_exit_profile"": true, ""type_a_stall_enabled"": false, ""type_a_stall_min_age_sec"": 480, ""type_a_stall_min_candles"": 3, ""type_a_stall_max_mfe_pct"": 5.0, ""trend_weakening_enabled"": false, ""spread_penalty_threshold"": 5, ""spread_penalty_margin_mult"": 0.75}",2026-06-24T18:24:50.726914+00:00,2026-06-25 04:24:50 AEST,2026-06-25 04:24:50 AEST
2026-06-24T18:25:38.668018+00:00,c65c-f12905ae3412,SHORT,59938.12,59935.95,0.482398,0.36,15.0,6,0.05,0.05,0.0,0.0,-0.0,0.0,PROFIT_LOCK_LADDER,100,0.01,72,44.0,True,SIM_LIMIT,AI_DIRECT_LIMIT,,,,,0,BEAR,SR,70+,SPAWN,-6,-6,BEARISH_STRUCTURE,BEAR_ALIGNED,54.83,-7,2,8,0.0004,bitfinex,tBTCF0:USTF0,v10.6-melbourne-unified-2026-06-24,BITFINEX_ZERO,v10.6-melbourne-unified-2026-06-24,COMBO_65_SP5_CHASE_3PLUS,AI65+ · Spread5+ · Chase 3+,APPROVE,59862.0,0.057334,0.012162,NEAR_SUPPORT,-0.0101,1.0,60.0,0.482398,-2.148883,12.032409,7.558,7.558,7.558,0-5m,AI_DIRECT,AI_DIRECT_CHASE,1,,76.12,0.0,0.074,0.074,False,0.0,0.0,-6e-06,8.9e-05,0.016928,0.041096,-162.322576,0.0,0.299113,59862.0,59877.335048,60505.186077,62790.283343,-0.010377,NEAR_SUPPORT,SHORT_PREFERRED,0.057334,0.012162,BEAR,3.0,44.0,0.0,100,4.0,True,True,APPROVE,72,"```json
{
  ""direction"": ""SHORT"",
  ""confidence"": 72,
  ""long_score"": 18,
  ""short_score"": 82,
  ""preferred_direction"": ""SHORT"",
  ""entry_zone_low"": 59877.0,
  ""entry_zone_high"": 60050.0,
  ""limit_price"": 59963.5,
  ""expected_mfe"": 450,
  ""expected_mae"": 200,
  ""reversal_probability"": 63,
  ""exit_style"": ""AGGRESSIVE"",
  ""reasons_for_trade"": [
    ""BEAR_ALIGNED multi-timeframe agreement (15m, 1h, 4h all bearish)"",
    ""Bearish market structure with active LH-LL sequence and structure_score -6"",
    ""Bearish EMA stack (price below all EMAs, EMA9 below EMA21, EMA21 below EMA200)"",
    ""ADX 54.83 indicates strong trending market favoring continuation"",
    ""Trend health state BEAR with bear_score 11 vs bull_score 3"",
    ""Funding rate positive (3.99e-06) favors shorts as longs pay"",
    ""Negative delta (-162.31) and imbalance (0.30) support bearish orderflow"",
    ""Price near support (1.21% away) but strong bear trend suggests breakdown risk""
  ],
  ""reasons_against_trade"": [
    ""Price is near micro support at 59132, increasing bounce risk"",
    ""Reversal probability score of 63 suggests moderate reversal risk"",
    ""Volume ratio very low (0.04) indicating weak participation"",
    ""Entry near support historically reduces short expectancy without strong continuation""
  ],
  ""bull_score"": 2,
  ""bear_score"": 8
}
```",59938.12,59935.95,MAKER,TAKER,0.025058,76.12,7.558,0.05,0.05,0.0,0.0,-0.0,0.0,0.36,28.943955,PROFIT_LOCK_LADDER,-162.322576,0.041096,8.9e-05,0.299113,False,True,"{'price': 59862.0, 'ret_1m': 3.341129301703976e-05, 'ret_5m': 0.0007021063189568707, 'ema9': 59877.33504761204, 'ema21': 60505.18607664517, 'ema200': 62790.283342624774, 'dist_to_support': 0.012161710658202473, 'dist_to_resistance': 0.05733377881724023, 'volume': 0.016928476, 'volume_ratio': 0.04109616963972798, 'delta': -162.32257555899838, 'velocity': 8.861569535939968e-05, 'imbalance': 0.29911305473865246, 'candle_range': 60.0, 'body_ratio': 0.4084312395132047, 'wick_ratio': 0.4915687604867953}",4.0,"{'early_fail_enabled': True, 'invert_signal': False, 'ai_enabled': True, 'edge_threshold': 3.0, 'edge_threshold_max': None, 'edge_range_preset': 'min_only', 'ai_threshold': 44.0, 'leverage': 100, 'pullback_threshold': 0.001}","{'ema9': 59877.33504761204, 'ema21': 60505.18607664517, 'ema200': 62790.283342624774, 'ema_spread': -0.010377, 'ema9_slope_pct': -0.3682, 'ema21_slope_pct': -0.4763, 'ema9_above_ema21': False, 'ema21_above_ema200': False}",WEAK_SETUP,4.0,4.0,False,True,INV_False_EF_True,SHORT,12,8,SCENARIO_C_EARLY_12_v2_frozen,40.0,10.0,-12.0,2.0,8.0,300,1,2,-32.0,False,False,True,False,480,3,5.0,False,5,0.75,"[[12, 8], [15, 10], [25, 18], [40, 28], [60, 45], [80, 60], [100, 75], [150, 120]]","{""trail_ladder"": [[12, 8], [15, 10], [25, 18], [40, 28], [60, 45], [80, 60], [100, 75], [150, 120]], ""ladder_first_trigger_pct"": 12, ""ladder_first_lock_pct"": 8, ""exit_profile_id"": ""SCENARIO_C_EARLY_12_v2_frozen"", ""peak_never_loser_min_peak"": 40.0, ""peak_never_loser_floor"": 10.0, ""thesis_fast_exit_unreal_pct"": -12.0, ""thesis_mfe_protect_pct"": 2.0, ""thesis_exit_if_above_unreal_pct"": 8.0, ""thesis_min_age_sec"": 300, ""thesis_score_flip_margin"": 1, ""thesis_early_decay_delta"": 2, ""early_fail_pct_threshold"": -32.0, ""type_a_first_candle_enabled"": false, ""type_a_early_fail_enabled"": false, ""scenario_c_exit_profile"": true, ""type_a_stall_enabled"": false, ""type_a_stall_min_age_sec"": 480, ""type_a_stall_min_candles"": 3, ""type_a_stall_max_mfe_pct"": 5.0, ""trend_weakening_enabled"": false, ""spread_penalty_threshold"": 5, ""spread_penalty_margin_mult"": 0.75}",2026-06-24T18:25:38.668018+00:00,2026-06-25 04:25:38 AEST,2026-06-25 04:25:38 AEST
2026-06-24T18:32:46.325179+00:00,c65c-14626031ea05,SHORT,59786.75,59762.0,0.008801,4.14,15.0,6,0.62,0.62,0.0,0.0,-0.0,0.0,PROFIT_LOCK_LADDER,100,0.14,68,44.0,True,SIM_LIMIT,AI_DIRECT_LIMIT,,,,,0,BEAR,SR,60-70,SPAWN,-6,-6,BEARISH_STRUCTURE,BEAR_ALIGNED,54.38,-7,2,8,0.0004,bitfinex,tBTCF0:USTF0,v10.6-melbourne-unified-2026-06-24,BITFINEX_ZERO,v10.6-melbourne-unified-2026-06-24,COMBO_65_SP5_CHASE_3PLUS,AI65+ · Spread5+ · Chase 3+,APPROVE,59698.0,0.060203,0.009481,NEAR_SUPPORT,-0.009829,0.586353,53.2,0.008801,0.0,12.670031,75.645,75.645,75.645,0-5m,AI_DIRECT,AI_DIRECT_CHASE,2,,88.75,0.0,0.0,0.0,False,0.0,0.0,-0.0,-1.2e-05,0.010646,1.279118,-159.74833,0.0,0.291689,59698.0,59833.948038,60427.921227,62759.4243,-0.009829,NEAR_SUPPORT,SHORT_PREFERRED,0.060203,0.009481,BEAR,3.0,44.0,0.0,100,5.8,True,True,APPROVE,68,"```json
{
  ""direction"": ""SHORT"",
  ""confidence"": 68,
  ""long_score"": 18,
  ""short_score"": 82,
  ""preferred_direction"": ""SHORT"",
  ""entry_zone_low"": 59750,
  ""entry_zone_high"": 59950,
  ""limit_price"": 59850,
  ""expected_mfe"": 350,
  ""expected_mae"": 120,
  ""reversal_probability"": 25,
  ""exit_style"": ""AGGRESSIVE"",
  ""reasons_for_trade"": [
    ""BEAR_ALIGNED multi-timeframe agreement (15m, 1h, 4h all bearish)"",
    ""Bearish EMA stack: price below EMA9, EMA21, EMA200; EMA9 below EMA21, EMA21 below EMA200"",
    ""ADX at 54.38 (strong trending market, favors continuation)"",
    ""Market structure bias BEARISH_STRUCTURE with LH-LL sequence active"",
    ""Trend health state BEAR with bear_score 11 vs bull_score 3"",
    ""Negative delta (-159.75) and negative velocity confirm bearish orderflow"",
    ""Funding positive (longs pay shorts) - slight tailwind for shorts"",
    ""Price near support (0.96% above recent low) - continuation risk of breakdown, not bounce""
  ],
  ""reasons_against_trade"": [
    ""Price is very close to micro support at 59132 - bounce risk increases near support"",
    ""Volume ratio slightly elevated (1.28) could indicate absorption or exhaustion"",
    ""Reversal risk score 25 - non-zero chance of mean reversion in strong trend"",
    ""Entry near support historically reduces expectancy without strong continuation confirmation""
  ],
  ""bull_score"": 2,
  ""bear_score"": 8
}
```",59786.75,59762.0,MAKER,TAKER,0.025126,88.75,75.645,0.62,0.62,0.0,0.0,-0.0,0.0,4.14,0.528123,PROFIT_LOCK_LADDER,-159.74833,1.279118,-1.2e-05,0.291689,False,True,"{'price': 59698.0, 'ret_1m': 0.00011727061030976194, 'ret_5m': -0.00011724311196717193, 'ema9': 59833.948038089635, 'ema21': 60427.92122670525, 'ema200': 62759.42430024999, 'dist_to_support': 0.009481054641696539, 'dist_to_resistance': 0.06020302187677979, 'volume': 0.010645749999999999, 'volume_ratio': 1.2791177157643743, 'delta': -159.74832995799775, 'velocity': -1.1717408686901278e-05, 'imbalance': 0.29168887085560324, 'candle_range': 53.2, 'body_ratio': 0.4601553774442391, 'wick_ratio': 0.4398446225557608}",5.8,"{'early_fail_enabled': True, 'invert_signal': False, 'ai_enabled': True, 'edge_threshold': 3.0, 'edge_threshold_max': None, 'edge_range_preset': 'min_only', 'ai_threshold': 44.0, 'leverage': 100, 'pullback_threshold': 0.001}","{'ema9': 59833.948038089635, 'ema21': 60427.92122670525, 'ema200': 62759.42430024999, 'ema_spread': -0.009829, 'ema9_slope_pct': -0.2204, 'ema21_slope_pct': -0.4011, 'ema9_above_ema21': False, 'ema21_above_ema200': False}",MOMENTUM_SHORT,5.8,5.8,False,True,INV_False_EF_True,SHORT,12,8,SCENARIO_C_EARLY_12_v2_frozen,40.0,10.0,-12.0,2.0,8.0,300,1,2,-32.0,False,False,True,False,480,3,5.0,False,5,0.75,"[[12, 8], [15, 10], [25, 18], [40, 28], [60, 45], [80, 60], [100, 75], [150, 120]]","{""trail_ladder"": [[12, 8], [15, 10], [25, 18], [40, 28], [60, 45], [80, 60], [100, 75], [150, 120]], ""ladder_first_trigger_pct"": 12, ""ladder_first_lock_pct"": 8, ""exit_profile_id"": ""SCENARIO_C_EARLY_12_v2_frozen"", ""peak_never_loser_min_peak"": 40.0, ""peak_never_loser_floor"": 10.0, ""thesis_fast_exit_unreal_pct"": -12.0, ""thesis_mfe_protect_pct"": 2.0, ""thesis_exit_if_above_unreal_pct"": 8.0, ""thesis_min_age_sec"": 300, ""thesis_score_flip_margin"": 1, ""thesis_early_decay_delta"": 2, ""early_fail_pct_threshold"": -32.0, ""type_a_first_candle_enabled"": false, ""type_a_early_fail_enabled"": false, ""scenario_c_exit_profile"": true, ""type_a_stall_enabled"": false, ""type_a_stall_min_age_sec"": 480, ""type_a_stall_min_candles"": 3, ""type_a_stall_max_mfe_pct"": 5.0, ""trend_weakening_enabled"": false, ""spread_penalty_threshold"": 5, ""spread_penalty_margin_mult"": 0.75}",2026-06-24T18:32:46.325179+00:00,2026-06-25 04:32:46 AEST,2026-06-25 04:32:46 AEST
2026-06-24T18:40:17.964055+00:00,c65c-e78434c0fa94,SHORT,59715.55,59605.0,1.991465,18.51,15.0,6,2.78,2.78,0.0,0.0,-0.0,0.0,PROFIT_LOCK_LADDER,100,0.62,68,44.0,True,SIM_LIMIT,AI_DIRECT_LIMIT,,,,,0,BEAR,SR,60-70,SPAWN,-6,-6,BEARISH_STRUCTURE,BEAR_ALIGNED,54.38,-7,2,8,0.0004,bitfinex,tBTCF0:USTF0,v10.6-melbourne-unified-2026-06-24,BITFINEX_ZERO,v10.6-melbourne-unified-2026-06-24,COMBO_65_SP5_CHASE_3PLUS,AI65+ · Spread5+ · Chase 3+,APPROVE,59698.0,0.060203,0.009481,NEAR_SUPPORT,-0.009973,0.770661,53.2,1.991466,0.0,26.718334,203.95,203.95,203.95,0-5m,AI_DIRECT,AI_DIRECT_CHASE,4,,17.55,0.0,0.0,0.0,False,0.0,0.0,-2.5e-05,2.8e-05,0.0036,0.087533,-158.551278,0.0,0.288616,59698.0,59836.948038,60429.284863,62759.573554,-0.009802,NEAR_SUPPORT,SHORT_PREFERRED,0.060203,0.009481,BEAR,3.0,44.0,0.0,100,4.7,True,True,APPROVE,68,"```json
{
  ""direction"": ""SHORT"",
  ""confidence"": 68,
  ""long_score"": 18,
  ""short_score"": 82,
  ""preferred_direction"": ""SHORT"",
  ""entry_zone_low"": 59800,
  ""entry_zone_high"": 59950,
  ""limit_price"": 59875,
  ""expected_mfe"": 450,
  ""expected_mae"": 200,
  ""reversal_probability"": 37,
  ""exit_style"": ""AGGRESSIVE"",
  ""reasons_for_trade"": [
    ""BEAR_ALIGNED multi-timeframe agreement across 15m/1h/4h"",
    ""Bearish structure with LL sequence active and structure_score -6"",
    ""EMA stack bearish (price below all EMAs, ema9 below ema21 below ema200)"",
    ""ADX 54.38 indicates strong trending conditions favoring continuation"",
    ""Trend health BEAR with bear_score 11 vs bull_score 3"",
    ""Negative delta (-158.55) and imbalance (0.29) support bearish orderflow"",
    ""Price near support (0.97% away) but no reversal confirmation - continuation more likely"",
    ""Funding positive (longs pay shorts) favoring short positioning""
  ],
  ""reasons_against_trade"": [
    ""Price is very close to recent low support (59132) - bounce risk elevated"",
    ""Reversal risk score 63 suggests some probability of mean reversion"",
    ""Volume ratio very low (0.087) - low participation could lead to erratic moves"",
    ""Entry near support historically reduces short expectancy without strong continuation""
  ],
  ""bull_score"": 2,
  ""bear_score"": 8
}
```",59715.55,59605.0,MAKER,TAKER,0.025126,17.55,203.95,2.78,2.78,0.0,0.0,-0.0,0.0,18.51,119.488001,PROFIT_LOCK_LADDER,-158.551278,0.087533,2.8e-05,0.288616,False,True,"{'price': 59698.0, 'ret_1m': -1.6746772059685496e-05, 'ret_5m': 0.0003853306304344184, 'ema9': 59836.948038089635, 'ema21': 60429.28486306888, 'ema200': 62759.57355398133, 'dist_to_support': 0.009481054641696539, 'dist_to_resistance': 0.06020302187677979, 'volume': 0.0036000000000000003, 'volume_ratio': 0.08753312910103651, 'delta': -158.55127780199768, 'velocity': 2.848547972188816e-05, 'imbalance': 0.2886155530891021, 'candle_range': 53.2, 'body_ratio': 0.4601553774442391, 'wick_ratio': 0.4398446225557608}",4.7,"{'early_fail_enabled': True, 'invert_signal': False, 'ai_enabled': True, 'edge_threshold': 3.0, 'edge_threshold_max': None, 'edge_range_preset': 'min_only', 'ai_threshold': 44.0, 'leverage': 100, 'pullback_threshold': 0.001}","{'ema9': 59836.948038089635, 'ema21': 60429.28486306888, 'ema200': 62759.57355398133, 'ema_spread': -0.009802, 'ema9_slope_pct': -0.2154, 'ema21_slope_pct': -0.3988, 'ema9_above_ema21': False, 'ema21_above_ema200': False}",WEAK_SETUP,4.7,4.7,False,True,INV_False_EF_True,SHORT,12,8,SCENARIO_C_EARLY_12_v2_frozen,40.0,10.0,-12.0,2.0,8.0,300,1,2,-32.0,False,False,True,False,480,3,5.0,False,5,0.75,"[[12, 8], [15, 10], [25, 18], [40, 28], [60, 45], [80, 60], [100, 75], [150, 120]]","{""trail_ladder"": [[12, 8], [15, 10], [25, 18], [40, 28], [60, 45], [80, 60], [100, 75], [150, 120]], ""ladder_first_trigger_pct"": 12, ""ladder_first_lock_pct"": 8, ""exit_profile_id"": ""SCENARIO_C_EARLY_12_v2_frozen"", ""peak_never_loser_min_peak"": 40.0, ""peak_never_loser_floor"": 10.0, ""thesis_fast_exit_unreal_pct"": -12.0, ""thesis_mfe_protect_pct"": 2.0, ""thesis_exit_if_above_unreal_pct"": 8.0, ""thesis_min_age_sec"": 300, ""thesis_score_flip_margin"": 1, ""thesis_early_decay_delta"": 2, ""early_fail_pct_threshold"": -32.0, ""type_a_first_candle_enabled"": false, ""type_a_early_fail_enabled"": false, ""scenario_c_exit_profile"": true, ""type_a_stall_enabled"": false, ""type_a_stall_min_age_sec"": 480, ""type_a_stall_min_candles"": 3, ""type_a_stall_max_mfe_pct"": 5.0, ""trend_weakening_enabled"": false, ""spread_penalty_threshold"": 5, ""spread_penalty_margin_mult"": 0.75}",2026-06-24T18:40:17.964055+00:00,2026-06-25 04:40:17 AEST,2026-06-25 04:40:17 AEST
2026-06-24T18:42:44.944307+00:00,cont-1f2ad171a434,SHORT,59617.64,59557.0,0.260926,10.17,15.0,6,1.53,1.53,0.0,0.0,-0.0,0.0,PROFIT_LOCK_LADDER,100,0.34,72,44.0,True,SIM_LIMIT,AI_DIRECT_LIMIT,,,,,0,BEAR,SR,70+,SPAWN,-6,-6,BEARISH_STRUCTURE,BEAR_ALIGNED,54.38,-7,2,8,0.0004,bitfinex,tBTCF0:USTF0,v10.6-melbourne-unified-2026-06-24,BITFINEX_ZERO,v10.6-melbourne-unified-2026-06-24,CONTINUOUS,Continuous AI Research,APPROVE,59612.0,0.061554,0.008218,NEAR_SUPPORT,-0.010037,1.0,53.2,0.260927,0.0,15.371289,241.058,241.058,241.058,0-5m,AI_DIRECT,AI_DIRECT_CHASE,5,,5.64,0.0,0.0,0.0,False,0.0,0.0,-3e-06,-1.8e-05,0.006825,1.483412,-157.897149,0.0,0.287045,59612.0,59818.748038,60421.012136,62758.668081,-0.009968,NEAR_SUPPORT,SHORT_PREFERRED,0.061554,0.008218,BEAR,3.0,44.0,0.0,100,5.9,True,True,APPROVE,72,"```json
{
  ""direction"": ""SHORT"",
  ""confidence"": 72,
  ""long_score"": 18,
  ""short_score"": 82,
  ""preferred_direction"": ""SHORT"",
  ""entry_zone_low"": 59648.0,
  ""entry_zone_high"": 59850.0,
  ""limit_price"": 59749.0,
  ""expected_mfe"": 350,
  ""expected_mae"": 200,
  ""reversal_probability"": 45,
  ""exit_style"": ""AGGRESSIVE"",
  ""reasons_for_trade"": [
    ""BEAR_ALIGNED multi-timeframe agreement (15m, 1h, 4h all bearish)"",
    ""Bearish market structure with LL sequence active and structure_score -6"",
    ""EMA stack bearish (price below all EMAs, EMA9 below EMA21 below EMA200)"",
    ""ADX 54.38 (>25) indicating strong trending conditions favoring continuation"",
    ""Trend health state BEAR with bear_score 11 vs bull_score 3"",
    ""Negative delta (-157.9) and bearish orderflow imbalance (0.287 favoring shorts)"",
    ""Volume ratio 1.53 above average supporting bearish momentum"",
    ""Price near support (0.82% away) but no reversal confirmation - continuation more likely"",
    ""Funding positive (longs pay shorts) favoring short positions"",
    ""Market regime in EXPANSION after compression, likely to continue bear move""
  ],
  ""reasons_against_trade"": [
    ""Price very close to recent low support (59132) - bounce risk elevated"",
    ""Reversal probability 45% suggests non-trivial chance of mean reversion"",
    ""Distance to support is small (0.82%) limiting downside if support breaks"",
    ""Edge score 5.9 above threshold but not extreme"",
    ""Entry near support historically reduces short expectancy without strong continuation""
  ],
  ""bull_score"": 2,
  ""bear_score"": 8
}
```",59617.64,59557.0,MAKER,TAKER,0.025163,5.64,241.058,1.53,1.53,0.0,0.0,-0.0,0.0,10.17,15.655677,PROFIT_LOCK_LADDER,-157.897149,1.483412,-1.8e-05,0.287045,False,True,"{'price': 59612.0, 'ret_1m': -0.00016772332360538058, 'ret_5m': -0.0007040600797934757, 'ema9': 59818.74803808964, 'ema21': 60421.012135796154, 'ema200': 62758.66808134452, 'dist_to_support': 0.008218442856663647, 'dist_to_resistance': 0.06155445976317467, 'volume': 0.006825408, 'volume_ratio': 1.483411619763478, 'delta': -157.8971494539972, 'velocity': -1.8443375719127637e-05, 'imbalance': 0.2870451923007883, 'candle_range': 53.2, 'body_ratio': 0.4601553774442391, 'wick_ratio': 0.4398446225557608}",5.9,"{'early_fail_enabled': True, 'invert_signal': False, 'ai_enabled': True, 'edge_threshold': 3.0, 'edge_threshold_max': None, 'edge_range_preset': 'min_only', 'ai_threshold': 44.0, 'leverage': 100, 'pullback_threshold': 0.001}","{'ema9': 59818.74803808964, 'ema21': 60421.012135796154, 'ema200': 62758.66808134452, 'ema_spread': -0.009968, 'ema9_slope_pct': -0.2457, 'ema21_slope_pct': -0.4125, 'ema9_above_ema21': False, 'ema21_above_ema200': False}",MOMENTUM_SHORT,5.9,5.9,False,True,INV_False_EF_True,SHORT,12,8,SCENARIO_C_EARLY_12_v2_frozen,40.0,10.0,-12.0,2.0,8.0,300,1,2,-32.0,False,False,True,False,480,3,5.0,False,5,0.75,"[[12, 8], [15, 10], [25, 18], [40, 28], [60, 45], [80, 60], [100, 75], [150, 120]]","{""trail_ladder"": [[12, 8], [15, 10], [25, 18], [40, 28], [60, 45], [80, 60], [100, 75], [150, 120]], ""ladder_first_trigger_pct"": 12, ""ladder_first_lock_pct"": 8, ""exit_profile_id"": ""SCENARIO_C_EARLY_12_v2_frozen"", ""peak_never_loser_min_peak"": 40.0, ""peak_never_loser_floor"": 10.0, ""thesis_fast_exit_unreal_pct"": -12.0, ""thesis_mfe_protect_pct"": 2.0, ""thesis_exit_if_above_unreal_pct"": 8.0, ""thesis_min_age_sec"": 300, ""thesis_score_flip_margin"": 1, ""thesis_early_decay_delta"": 2, ""early_fail_pct_threshold"": -32.0, ""type_a_first_candle_enabled"": false, ""type_a_early_fail_enabled"": false, ""scenario_c_exit_profile"": true, ""type_a_stall_enabled"": false, ""type_a_stall_min_age_sec"": 480, ""type_a_stall_min_candles"": 3, ""type_a_stall_max_mfe_pct"": 5.0, ""trend_weakening_enabled"": false, ""spread_penalty_threshold"": 5, ""spread_penalty_margin_mult"": 0.75}",2026-06-24T18:42:44.944307+00:00,2026-06-25 04:42:44 AEST,2026-06-25 04:42:44 AEST
2026-06-24T18:48:35.850198+00:00,c65c-167166637db8,SHORT,59628.03,59589.0,2.181546,6.55,15.0,6,0.98,0.98,0.0,0.0,-0.0,0.0,PROFIT_LOCK_LADDER,100,0.22,72,44.0,True,SIM_LIMIT,AI_DIRECT_LIMIT,,,,,0,BEAR,SR,70+,SPAWN,-6,-6,BEARISH_STRUCTURE,BEAR_ALIGNED,54.44,-7,2,8,0.0004,bitfinex,tBTCF0:USTF0,v10.6-melbourne-unified-2026-06-24,BITFINEX_ZERO,v10.6-melbourne-unified-2026-06-24,COMBO_65_SP5_CHASE_3PLUS,AI65+ · Spread5+ · Chase 3+,APPROVE,59578.0,0.062695,0.007153,NEAR_SUPPORT,-0.009566,0.167833,53.2,2.181547,-3.000267,12.415302,285.682,285.682,285.682,0-5m,AI_DIRECT,AI_DIRECT_CHASE,4,,50.03,0.0,0.0,0.0,False,0.0,0.0,-2.7e-05,1.5e-05,0.005027,3.138606,-157.127967,0.0,0.28499,59578.0,59799.948038,60412.466681,62757.732758,-0.010139,NEAR_SUPPORT,SHORT_PREFERRED,0.062695,0.007153,BEAR,3.0,44.0,0.0,100,5.1,True,True,APPROVE,72,"```json
{
  ""direction"": ""SHORT"",
  ""confidence"": 72,
  ""long_score"": 18,
  ""short_score"": 82,
  ""preferred_direction"": ""SHORT"",
  ""entry_zone_low"": 59650,
  ""entry_zone_high"": 59850,
  ""limit_price"": 59750,
  ""expected_mfe"": 350,
  ""expected_mae"": 120,
  ""reversal_probability"": 43,
  ""exit_style"": ""AGGRESSIVE"",
  ""reasons_for_trade"": [
    ""MTF agreement BEAR_ALIGNED across 15m/1h/4h"",
    ""Bearish structure with LL sequence active and structure_score -6"",
    ""EMA stack bearish (price below all EMAs, ema9 below ema21 below ema200)"",
    ""ADX 54.44 indicates strong trending market favoring continuation"",
    ""Trend health BEAR with bear_score 11 vs bull_score 3"",
    ""Market structure shift is BEAR_CONTINUATION"",
    ""Negative velocity and delta support bearish momentum"",
    ""Funding positive (longs pay shorts) favors short positioning"",
    ""Price near support (0.7% away) but no reversal confirmation - continuation more likely""
  ],
  ""reasons_against_trade"": [
    ""Price is very close to micro support at 59132, bounce risk elevated"",
    ""Reversal risk score 43 suggests moderate reversal probability"",
    ""Volume ratio low (0.19) may indicate lack of conviction on breakdown"",
    ""Entry near support historically reduces short expectancy without strong continuation""
  ],
  ""bull_score"": 2,
  ""bear_score"": 8
}
```

Direction: SHORT  
Win probability: 72%  
Long score: 18  
Short score: 82  
Bull score: 2  
Bear score: 8  
Decision: APPROVE  
Reason: Strong bearish alignment across all trend hierarchy layers (MTF, structure, EMA, ADX) with no reversal confirmation. Price near support is a location context only - not a valid long signal. Short entry above current price targets continuation below support.",59628.03,59589.0,MAKER,TAKER,0.025177,50.03,285.682,0.98,0.98,0.0,0.0,-0.0,0.0,6.55,130.892843,PROFIT_LOCK_LADDER,-157.127967,3.138606,1.5e-05,0.28499,False,True,"{'price': 59578.0, 'ret_1m': 1.6785000923175052e-05, 'ret_5m': -8.391655337931961e-05, 'ema9': 59799.948038089635, 'ema21': 60412.466681250706, 'ema200': 62757.732757961436, 'dist_to_support': 0.007152691494005843, 'dist_to_resistance': 0.06269518788407938, 'volume': 0.005027272000000001, 'volume_ratio': 3.1386057250428214, 'delta': -157.12796663599698, 'velocity': 1.5123776295293123e-05, 'imbalance': 0.2849897249255372, 'candle_range': 53.2, 'body_ratio': 0.4601553774442391, 'wick_ratio': 0.4398446225557608}",5.1,"{'early_fail_enabled': True, 'invert_signal': False, 'ai_enabled': True, 'edge_threshold': 3.0, 'edge_threshold_max': None, 'edge_range_preset': 'min_only', 'ai_threshold': 44.0, 'leverage': 100, 'pullback_threshold': 0.001}","{'ema9': 59799.948038089635, 'ema21': 60412.466681250706, 'ema200': 62757.732757961436, 'ema_spread': -0.010139, 'ema9_slope_pct': -0.2771, 'ema21_slope_pct': -0.4265, 'ema9_above_ema21': False, 'ema21_above_ema200': False}",ORDERFLOW_SPIKE,5.1,5.1,False,True,INV_False_EF_True,SHORT,12,8,SCENARIO_C_EARLY_12_v2_frozen,40.0,10.0,-12.0,2.0,8.0,300,1,2,-32.0,False,False,True,False,480,3,5.0,False,5,0.75,"[[12, 8], [15, 10], [25, 18], [40, 28], [60, 45], [80, 60], [100, 75], [150, 120]]","{""trail_ladder"": [[12, 8], [15, 10], [25, 18], [40, 28], [60, 45], [80, 60], [100, 75], [150, 120]], ""ladder_first_trigger_pct"": 12, ""ladder_first_lock_pct"": 8, ""exit_profile_id"": ""SCENARIO_C_EARLY_12_v2_frozen"", ""peak_never_loser_min_peak"": 40.0, ""peak_never_loser_floor"": 10.0, ""thesis_fast_exit_unreal_pct"": -12.0, ""thesis_mfe_protect_pct"": 2.0, ""thesis_exit_if_above_unreal_pct"": 8.0, ""thesis_min_age_sec"": 300, ""thesis_score_flip_margin"": 1, ""thesis_early_decay_delta"": 2, ""early_fail_pct_threshold"": -32.0, ""type_a_first_candle_enabled"": false, ""type_a_early_fail_enabled"": false, ""scenario_c_exit_profile"": true, ""type_a_stall_enabled"": false, ""type_a_stall_min_age_sec"": 480, ""type_a_stall_min_candles"": 3, ""type_a_stall_max_mfe_pct"": 5.0, ""trend_weakening_enabled"": false, ""spread_penalty_threshold"": 5, ""spread_penalty_margin_mult"": 0.75}",2026-06-24T18:48:35.850198+00:00,2026-06-25 04:48:35 AEST,2026-06-25 04:48:35 AEST
2026-06-24T18:48:35.885085+00:00,cont-1d9b18b19235,SHORT,59629.27,59589.0,0.679978,6.75,15.0,6,1.01,1.01,0.0,0.0,-0.0,0.0,PROFIT_LOCK_LADDER,100,0.23,62,44.0,True,SIM_LIMIT,AI_DIRECT_LIMIT,,,,,0,BEAR,SR,60-70,SPAWN,-6,-6,BEARISH_STRUCTURE,BEAR_ALIGNED,54.44,-7,2,8,0.0004,bitfinex,tBTCF0:USTF0,v10.6-melbourne-unified-2026-06-24,BITFINEX_ZERO,v10.6-melbourne-unified-2026-06-24,CONTINUOUS,Continuous AI Research,APPROVE,59596.0,0.061982,0.007819,NEAR_SUPPORT,-0.009566,1.0,53.2,0.679979,0.0,12.622995,175.555,175.555,175.555,0-5m,AI_DIRECT,AI_DIRECT_CHASE,3,,33.27,0.0,0.0,0.0,False,0.0,0.0,-8e-06,2.5e-05,0.019918,0.001342,-157.026886,0.0,0.283621,59598.0,59808.948038,60416.55759,62758.180519,-0.010057,NEAR_SUPPORT,SHORT_PREFERRED,0.061982,0.007819,BEAR,3.0,44.0,0.0,100,5.0,True,True,APPROVE,62,"```json
{
  ""direction"": ""SHORT"",
  ""confidence"": 62,
  ""long_score"": 18,
  ""short_score"": 82,
  ""preferred_direction"": ""SHORT"",
  ""entry_zone_low"": 59584,
  ""entry_zone_high"": 59800,
  ""limit_price"": 59692,
  ""expected_mfe"": 350,
  ""expected_mae"": 150,
  ""reversal_probability"": 63,
  ""exit_style"": ""AGGRESSIVE"",
  ""reasons_for_trade"": [
    ""BEAR_ALIGNED multi-timeframe agreement (15m, 1h, 4h all bearish)"",
    ""Bearish market structure with LH/LL sequence active and structure_score -6"",
    ""Bearish EMA stack (price below all EMAs, EMA9 below EMA21, EMA21 below EMA200)"",
    ""ADX 54.44 (>25) confirms strong trending environment favoring continuation"",
    ""Trend health state BEAR with bear_score 11 vs bull_score 3"",
    ""Negative delta (-157) and bearish orderflow imbalance (0.28)"",
    ""Price near support (0.76% away) but no reversal confirmation - continuation more likely"",
    ""Funding positive (longs pay shorts) favoring short positioning""
  ],
  ""reasons_against_trade"": [
    ""Price is very close to recent low support (59132) - bounce risk elevated"",
    ""Reversal probability score of 63 suggests moderate reversal risk"",
    ""Volume ratio low (0.42) - lack of aggressive selling conviction"",
    ""Entry near support historically reduces short expectancy without strong continuation""
  ],
  ""bull_score"": 2,
  ""bear_score"": 8
}
```",59629.27,59589.0,MAKER,TAKER,0.025169,33.27,175.555,1.01,1.01,0.0,0.0,-0.0,0.0,6.75,40.798742,PROFIT_LOCK_LADDER,-157.026886,0.001342,2.5e-05,0.283621,False,True,"{'price': 59598.0, 'ret_1m': 0.00023496240601503758, 'ret_5m': 0.0005876131155247385, 'ema9': 59808.948038089635, 'ema21': 60416.55759034161, 'ema200': 62758.18051915547, 'dist_to_support': 0.007819054330682237, 'dist_to_resistance': 0.061981945702875935, 'volume': 0.019917722000000002, 'volume_ratio': 0.0013424391878404007, 'delta': -157.0268858529968, 'velocity': 2.5182094125104504e-05, 'imbalance': 0.28362061308120545, 'candle_range': 53.2, 'body_ratio': 0.4601553774442391, 'wick_ratio': 0.4398446225557608}",5.0,"{'early_fail_enabled': True, 'invert_signal': False, 'ai_enabled': True, 'edge_threshold': 3.0, 'edge_threshold_max': None, 'edge_range_preset': 'min_only', 'ai_threshold': 44.0, 'leverage': 100, 'pullback_threshold': 0.001}","{'ema9': 59808.948038089635, 'ema21': 60416.55759034161, 'ema200': 62758.18051915547, 'ema_spread': -0.010057, 'ema9_slope_pct': -0.262, 'ema21_slope_pct': -0.4198, 'ema9_above_ema21': False, 'ema21_above_ema200': False}",WEAK_SETUP,5.0,5.0,False,True,INV_False_EF_True,SHORT,12,8,SCENARIO_C_EARLY_12_v2_frozen,40.0,10.0,-12.0,2.0,8.0,300,1,2,-32.0,False,False,True,False,480,3,5.0,False,5,0.75,"[[12, 8], [15, 10], [25, 18], [40, 28], [60, 45], [80, 60], [100, 75], [150, 120]]","{""trail_ladder"": [[12, 8], [15, 10], [25, 18], [40, 28], [60, 45], [80, 60], [100, 75], [150, 120]], ""ladder_first_trigger_pct"": 12, ""ladder_first_lock_pct"": 8, ""exit_profile_id"": ""SCENARIO_C_EARLY_12_v2_frozen"", ""peak_never_loser_min_peak"": 40.0, ""peak_never_loser_floor"": 10.0, ""thesis_fast_exit_unreal_pct"": -12.0, ""thesis_mfe_protect_pct"": 2.0, ""thesis_exit_if_above_unreal_pct"": 8.0, ""thesis_min_age_sec"": 300, ""thesis_score_flip_margin"": 1, ""thesis_early_decay_delta"": 2, ""early_fail_pct_threshold"": -32.0, ""type_a_first_candle_enabled"": false, ""type_a_early_fail_enabled"": false, ""scenario_c_exit_profile"": true, ""type_a_stall_enabled"": false, ""type_a_stall_min_age_sec"": 480, ""type_a_stall_min_candles"": 3, ""type_a_stall_max_mfe_pct"": 5.0, ""trend_weakening_enabled"": false, ""spread_penalty_threshold"": 5, ""spread_penalty_margin_mult"": 0.75}",2026-06-24T18:48:35.885085+00:00,2026-06-25 04:48:35 AEST,2026-06-25 04:48:35 AEST
2026-06-24T18:59:03.122028+00:00,cont-e03726d38502,SHORT,59667.25,59636.0,1.833915,5.24,15.0,7,0.79,0.79,0.0,0.0,-0.0,0.0,PROFIT_LOCK_LADDER,100,0.17,72,44.0,True,SIM_LIMIT,AI_DIRECT_LIMIT,,,,,0,BEAR,SR,70+,SPAWN,-6,-6,BEARISH_STRUCTURE,BEAR_ALIGNED,54.23,-7,2,9,0.0004,bitfinex,tBTCF0:USTF0,v10.6-melbourne-unified-2026-06-24,BITFINEX_ZERO,v10.6-melbourne-unified-2026-06-24,CONTINUOUS,Continuous AI Research,APPROVE,59557.0,0.062374,0.007453,NEAR_SUPPORT,-0.009384,0.402894,54.3,1.833916,-4.818389,12.444012,123.869,123.869,123.869,0-5m,AI_DIRECT,AI_DIRECT_CHASE,2,,110.25,0.0,0.0,0.0,False,0.0,0.0,-2.3e-05,-3.5e-05,0.016037,0.092876,-154.50634,0.0,0.277041,59557.0,59766.03843,60342.04409,62727.193346,-0.009546,NEAR_SUPPORT,SHORT_PREFERRED,0.062374,0.007453,BEAR,3.0,44.0,0.0,100,5.6,True,True,APPROVE,72,"```json
{
  ""direction"": ""SHORT"",
  ""confidence"": 72,
  ""long_score"": 18,
  ""short_score"": 82,
  ""preferred_direction"": ""SHORT"",
  ""entry_zone_low"": 59650,
  ""entry_zone_high"": 59850,
  ""limit_price"": 59750,
  ""expected_mfe"": 420,
  ""expected_mae"": 180,
  ""reversal_probability"": 25,
  ""exit_style"": ""AGGRESSIVE"",
  ""reasons_for_trade"": [
    ""BEAR_ALIGNED multi-timeframe agreement across 15m/1h/4h"",
    ""Bearish market structure with active LL sequence and structure_score -6"",
    ""Bearish EMA stack (price below all EMAs, ema9 below ema21, ema21 below ema200)"",
    ""Strong trending market with ADX 54.23 (>25) favoring continuation"",
    ""Negative velocity and delta (-154) confirming bearish orderflow"",
    ""Trend health bear_score 11 vs bull_score 3, intact bearish momentum"",
    ""Price near micro support (59132) but no reversal confirmation - continuation expected"",
    ""Funding positive (longs pay shorts) favoring short positioning""
  ],
  ""reasons_against_trade"": [
    ""Price is very close to support (0.74% away) - bounce risk elevated"",
    ""Volume ratio elevated (1.79) could indicate exhaustion selling near support"",
    ""Reversal risk score 25 - non-trivial chance of mean reversion"",
    ""Entry near support historically reduces short expectancy without strong continuation""
  ],
  ""bull_score"": 2,
  ""bear_score"": 9
}
```",59667.25,59636.0,MAKER,TAKER,0.025186,110.25,123.869,0.79,0.79,0.0,0.0,-0.0,0.0,5.24,110.035008,PROFIT_LOCK_LADDER,-154.50634,0.092876,-3.5e-05,0.277041,False,True,"{'price': 59557.0, 'ret_1m': 0.0, 'ret_5m': -0.00020144706139099195, 'ema9': 59766.038430471715, 'ema21': 60342.044090397314, 'ema200': 62727.1933460366, 'dist_to_support': 0.007452665502887069, 'dist_to_resistance': 0.0623741103800188, 'volume': 0.016037429000000002, 'volume_ratio': 0.09287630562724161, 'delta': -154.50634004799554, 'velocity': -3.523937010089542e-05, 'imbalance': 0.27704080614134224, 'candle_range': 54.3, 'body_ratio': 0.5072699338611212, 'wick_ratio': 0.39273006613887884}",5.6,"{'early_fail_enabled': True, 'invert_signal': False, 'ai_enabled': True, 'edge_threshold': 3.0, 'edge_threshold_max': None, 'edge_range_preset': 'min_only', 'ai_threshold': 44.0, 'leverage': 100, 'pullback_threshold': 0.001}","{'ema9': 59766.038430471715, 'ema21': 60342.044090397314, 'ema200': 62727.1933460366, 'ema_spread': -0.009546, 'ema9_slope_pct': -0.2214, 'ema21_slope_pct': -0.387, 'ema9_above_ema21': False, 'ema21_above_ema200': False}",MOMENTUM_SHORT,5.6,5.6,False,True,INV_False_EF_True,SHORT,12,8,SCENARIO_C_EARLY_12_v2_frozen,40.0,10.0,-12.0,2.0,8.0,300,1,2,-32.0,False,False,True,False,480,3,5.0,False,5,0.75,"[[12, 8], [15, 10], [25, 18], [40, 28], [60, 45], [80, 60], [100, 75], [150, 120]]","{""trail_ladder"": [[12, 8], [15, 10], [25, 18], [40, 28], [60, 45], [80, 60], [100, 75], [150, 120]], ""ladder_first_trigger_pct"": 12, ""ladder_first_lock_pct"": 8, ""exit_profile_id"": ""SCENARIO_C_EARLY_12_v2_frozen"", ""peak_never_loser_min_peak"": 40.0, ""peak_never_loser_floor"": 10.0, ""thesis_fast_exit_unreal_pct"": -12.0, ""thesis_mfe_protect_pct"": 2.0, ""thesis_exit_if_above_unreal_pct"": 8.0, ""thesis_min_age_sec"": 300, ""thesis_score_flip_margin"": 1, ""thesis_early_decay_delta"": 2, ""early_fail_pct_threshold"": -32.0, ""type_a_first_candle_enabled"": false, ""type_a_early_fail_enabled"": false, ""scenario_c_exit_profile"": true, ""type_a_stall_enabled"": false, ""type_a_stall_min_age_sec"": 480, ""type_a_stall_min_candles"": 3, ""type_a_stall_max_mfe_pct"": 5.0, ""trend_weakening_enabled"": false, ""spread_penalty_threshold"": 5, ""spread_penalty_margin_mult"": 0.75}",2026-06-24T18:59:03.122028+00:00,2026-06-25 04:59:03 AEST,2026-06-25 04:59:03 AEST
2026-06-24T18:59:03.139277+00:00,c65c-684d5863c464,SHORT,59670.06,59636.0,1.830564,5.71,15.0,7,0.86,0.86,0.0,0.0,-0.0,0.0,PROFIT_LOCK_LADDER,100,0.19,72,44.0,True,SIM_LIMIT,AI_DIRECT_LIMIT,,,,,0,BEAR,SR,70+,SPAWN,-6,-6,BEARISH_STRUCTURE,BEAR_ALIGNED,54.23,-7,2,9,0.0004,bitfinex,tBTCF0:USTF0,v10.6-melbourne-unified-2026-06-24,BITFINEX_ZERO,v10.6-melbourne-unified-2026-06-24,COMBO_65_SP5_CHASE_3PLUS,AI65+ · Spread5+ · Chase 3+,APPROVE,59557.0,0.062374,0.007453,NEAR_SUPPORT,-0.009384,0.402894,54.3,1.830565,-4.347239,12.914349,123.487,123.487,123.487,0-5m,AI_DIRECT,AI_DIRECT_CHASE,2,,113.06,0.0,0.0,0.0,False,0.0,0.0,-2.3e-05,-3.5e-05,0.016037,0.092876,-154.50634,0.0,0.277041,59557.0,59766.03843,60342.04409,62727.193346,-0.009546,NEAR_SUPPORT,SHORT_PREFERRED,0.062374,0.007453,BEAR,3.0,44.0,0.0,100,5.6,True,True,APPROVE,72,"```json
{
  ""direction"": ""SHORT"",
  ""confidence"": 72,
  ""long_score"": 18,
  ""short_score"": 82,
  ""preferred_direction"": ""SHORT"",
  ""entry_zone_low"": 59650,
  ""entry_zone_high"": 59850,
  ""limit_price"": 59750,
  ""expected_mfe"": 420,
  ""expected_mae"": 180,
  ""reversal_probability"": 25,
  ""exit_style"": ""AGGRESSIVE"",
  ""reasons_for_trade"": [
    ""BEAR_ALIGNED multi-timeframe agreement across 15m/1h/4h"",
    ""Bearish market structure with active LL sequence and structure_score -6"",
    ""Bearish EMA stack (price below all EMAs, ema9 below ema21, ema21 below ema200)"",
    ""Strong trending market with ADX 54.23 (>25) favoring continuation"",
    ""Negative velocity and delta (-154) confirming bearish orderflow"",
    ""Trend health bear_score 11 vs bull_score 3, intact bearish momentum"",
    ""Price near micro support (59132) but no reversal confirmation - continuation expected"",
    ""Funding positive (longs pay shorts) favoring short positioning""
  ],
  ""reasons_against_trade"": [
    ""Price is very close to support (0.74% away) - bounce risk elevated"",
    ""Volume ratio elevated (1.79) could indicate exhaustion selling near support"",
    ""Reversal risk score 25 - non-trivial chance of mean reversion"",
    ""Entry near support historically reduces short expectancy without strong continuation""
  ],
  ""bull_score"": 2,
  ""bear_score"": 9
}
```",59670.06,59636.0,MAKER,TAKER,0.025186,113.06,123.487,0.86,0.86,0.0,0.0,-0.0,0.0,5.71,109.833944,PROFIT_LOCK_LADDER,-154.50634,0.092876,-3.5e-05,0.277041,False,True,"{'price': 59557.0, 'ret_1m': 0.0, 'ret_5m': -0.00020144706139099195, 'ema9': 59766.038430471715, 'ema21': 60342.044090397314, 'ema200': 62727.1933460366, 'dist_to_support': 0.007452665502887069, 'dist_to_resistance': 0.0623741103800188, 'volume': 0.016037429000000002, 'volume_ratio': 0.09287630562724161, 'delta': -154.50634004799554, 'velocity': -3.523937010089542e-05, 'imbalance': 0.27704080614134224, 'candle_range': 54.3, 'body_ratio': 0.5072699338611212, 'wick_ratio': 0.39273006613887884}",5.6,"{'early_fail_enabled': True, 'invert_signal': False, 'ai_enabled': True, 'edge_threshold': 3.0, 'edge_threshold_max': None, 'edge_range_preset': 'min_only', 'ai_threshold': 44.0, 'leverage': 100, 'pullback_threshold': 0.001}","{'ema9': 59766.038430471715, 'ema21': 60342.044090397314, 'ema200': 62727.1933460366, 'ema_spread': -0.009546, 'ema9_slope_pct': -0.2214, 'ema21_slope_pct': -0.387, 'ema9_above_ema21': False, 'ema21_above_ema200': False}",MOMENTUM_SHORT,5.6,5.6,False,True,INV_False_EF_True,SHORT,12,8,SCENARIO_C_EARLY_12_v2_frozen,40.0,10.0,-12.0,2.0,8.0,300,1,2,-32.0,False,False,True,False,480,3,5.0,False,5,0.75,"[[12, 8], [15, 10], [25, 18], [40, 28], [60, 45], [80, 60], [100, 75], [150, 120]]","{""trail_ladder"": [[12, 8], [15, 10], [25, 18], [40, 28], [60, 45], [80, 60], [100, 75], [150, 120]], ""ladder_first_trigger_pct"": 12, ""ladder_first_lock_pct"": 8, ""exit_profile_id"": ""SCENARIO_C_EARLY_12_v2_frozen"", ""peak_never_loser_min_peak"": 40.0, ""peak_never_loser_floor"": 10.0, ""thesis_fast_exit_unreal_pct"": -12.0, ""thesis_mfe_protect_pct"": 2.0, ""thesis_exit_if_above_unreal_pct"": 8.0, ""thesis_min_age_sec"": 300, ""thesis_score_flip_margin"": 1, ""thesis_early_decay_delta"": 2, ""early_fail_pct_threshold"": -32.0, ""type_a_first_candle_enabled"": false, ""type_a_early_fail_enabled"": false, ""scenario_c_exit_profile"": true, ""type_a_stall_enabled"": false, ""type_a_stall_min_age_sec"": 480, ""type_a_stall_min_candles"": 3, ""type_a_stall_max_mfe_pct"": 5.0, ""trend_weakening_enabled"": false, ""spread_penalty_threshold"": 5, ""spread_penalty_margin_mult"": 0.75}",2026-06-24T18:59:03.139277+00:00,2026-06-25 04:59:03 AEST,2026-06-25 04:59:03 AEST
2026-06-24T19:07:12.125745+00:00,c65c-dd81ee0968c2,SHORT,59737.92,59685.0,1.081865,8.86,15.0,7,1.33,1.33,0.0,0.0,-0.0,0.0,PROFIT_LOCK_LADDER,100,0.3,72,44.0,True,SIM_LIMIT,AI_DIRECT_LIMIT,,,,,0,BEAR,SR,70+,SPAWN,-6,-6,BEARISH_STRUCTURE,BEAR_ALIGNED,54.02,-7,2,9,0.0004,bitfinex,tBTCF0:USTF0,v10.6-melbourne-unified-2026-06-24,BITFINEX_ZERO,v10.6-melbourne-unified-2026-06-24,COMBO_65_SP5_CHASE_3PLUS,AI65+ · Spread5+ · Chase 3+,APPROVE,59688.0,0.060381,0.009315,NEAR_SUPPORT,-0.008774,0.067017,54.0,1.081866,0.0,12.039254,265.148,265.148,265.148,0-5m,AI_DIRECT,AI_DIRECT_CHASE,3,,49.92,0.0,0.0,0.0,False,0.0,0.0,-1.4e-05,-8e-06,0.012108,1.53149,-153.520746,0.0,0.273828,59688.0,59757.390744,60286.254958,62698.018317,-0.008773,NEAR_SUPPORT,SHORT_PREFERRED,0.060381,0.009315,BEAR,3.0,44.0,0.0,100,5.6,True,True,APPROVE,72,"```json
{
  ""direction"": ""SHORT"",
  ""confidence"": 72,
  ""long_score"": 18,
  ""short_score"": 82,
  ""preferred_direction"": ""SHORT"",
  ""entry_zone_low"": 59750,
  ""entry_zone_high"": 59900,
  ""limit_price"": 59825,
  ""expected_mfe"": 450,
  ""expected_mae"": 120,
  ""reversal_probability"": 25,
  ""exit_style"": ""AGGRESSIVE"",
  ""reasons_for_trade"": [
    ""BEAR_ALIGNED multi-timeframe agreement (15m, 1h, 4h all bearish)"",
    ""Bearish structure with active LH-LL sequence and structure_score -6"",
    ""EMA stack bearish (price below all EMAs, EMA9 below EMA21, EMA21 below EMA200)"",
    ""ADX 54.02 indicates strong trending market favoring continuation"",
    ""Trend health bear_score 11 vs bull_score 3, intact bearish momentum"",
    ""Negative velocity and delta (-153.5) confirm selling pressure"",
    ""Volume ratio 1.62 above average supports bearish conviction"",
    ""Funding positive (3.99e-06) favors shorts, longs paying"",
    ""Market regime in EXPANSION after compression, likely directional move"",
    ""Edge score 5.6 above threshold 3.0, telemetry supports trade""
  ],
  ""reasons_against_trade"": [
    ""Price is very near micro support (59132) and recent low, bounce risk elevated"",
    ""Reversal probability 25% suggests some risk of mean reversion"",
    ""Distance to support only 0.92% vs resistance 6.05%, asymmetric risk if support breaks"",
    ""Entry near support historically reduces expectancy for shorts without strong continuation""
  ],
  ""bull_score"": 2,
  ""bear_score"": 9
}
```

**Direction:** SHORT  
**Win probability:** 72%  
**Long score:** 18  
**Short score:** 82  
**Bull score:** 2/10  
**Bear score:** 9/10  
**Decision:** STRONG_APPROVE  
**Reason:** All trend hierarchy factors align for bearish continuation - BEAR_ALIGNED MTF, bearish structure, bearish EMA stack, ADX > 25 trending. Short score dominates long score by 64 points, well above the +5 threshold. Entry near support is a location context only; the strong bearish conviction and orderflow (negative delta, volume ratio > 1) support a short continuation play. The limit entry at 59825 (above current price) targets a pullback to micro resistance (59962) before continuation lower. Exit style AGGRESSIVE due to proximity to support - take profits quickly if momentum stalls.",59737.92,59685.0,MAKER,TAKER,0.025131,49.92,265.148,1.33,1.33,0.0,0.0,-0.0,0.0,8.86,64.911979,PROFIT_LOCK_LADDER,-153.520746,1.53149,-8e-06,0.273828,False,True,"{'price': 59688.0, 'ret_1m': 0.0, 'ret_5m': 3.350869550648393e-05, 'ema9': 59757.39074437737, 'ema21': 60286.25495821625, 'ema200': 62698.01831692286, 'dist_to_support': 0.009315105213778313, 'dist_to_resistance': 0.06038064602600188, 'volume': 0.012107884999999999, 'volume_ratio': 1.5314903416848755, 'delta': -153.52074620099543, 'velocity': -8.368864175943326e-06, 'imbalance': 0.27382847575714464, 'candle_range': 54.0, 'body_ratio': 0.5785735904588953, 'wick_ratio': 0.3214264095411047}",5.6,"{'early_fail_enabled': True, 'invert_signal': False, 'ai_enabled': True, 'edge_threshold': 3.0, 'edge_threshold_max': None, 'edge_range_preset': 'min_only', 'ai_threshold': 44.0, 'leverage': 100, 'pullback_threshold': 0.001}","{'ema9': 59757.39074437737, 'ema21': 60286.25495821625, 'ema200': 62698.01831692286, 'ema_spread': -0.008773, 'ema9_slope_pct': -0.1846, 'ema21_slope_pct': -0.3548, 'ema9_above_ema21': False, 'ema21_above_ema200': False}",MOMENTUM_SHORT,5.6,5.6,False,True,INV_False_EF_True,SHORT,12,8,SCENARIO_C_EARLY_12_v2_frozen,40.0,10.0,-12.0,2.0,8.0,300,1,2,-32.0,False,False,True,False,480,3,5.0,False,5,0.75,"[[12, 8], [15, 10], [25, 18], [40, 28], [60, 45], [80, 60], [100, 75], [150, 120]]","{""trail_ladder"": [[12, 8], [15, 10], [25, 18], [40, 28], [60, 45], [80, 60], [100, 75], [150, 120]], ""ladder_first_trigger_pct"": 12, ""ladder_first_lock_pct"": 8, ""exit_profile_id"": ""SCENARIO_C_EARLY_12_v2_frozen"", ""peak_never_loser_min_peak"": 40.0, ""peak_never_loser_floor"": 10.0, ""thesis_fast_exit_unreal_pct"": -12.0, ""thesis_mfe_protect_pct"": 2.0, ""thesis_exit_if_above_unreal_pct"": 8.0, ""thesis_min_age_sec"": 300, ""thesis_score_flip_margin"": 1, ""thesis_early_decay_delta"": 2, ""early_fail_pct_threshold"": -32.0, ""type_a_first_candle_enabled"": false, ""type_a_early_fail_enabled"": false, ""scenario_c_exit_profile"": true, ""type_a_stall_enabled"": false, ""type_a_stall_min_age_sec"": 480, ""type_a_stall_min_candles"": 3, ""type_a_stall_max_mfe_pct"": 5.0, ""trend_weakening_enabled"": false, ""spread_penalty_threshold"": 5, ""spread_penalty_margin_mult"": 0.75}",2026-06-24T19:07:12.125745+00:00,2026-06-25 05:07:12 AEST,2026-06-25 05:07:12 AEST
2026-06-24T19:09:56.014417+00:00,c65c-a9d233406736,SHORT,59581.25,59756.0,17.144958,-29.33,15.0,6,-4.4,-4.4,0.0,0.0,-0.0,-0.0,STOP_LOSS,100,0.98,68,44.0,True,SIM_LIMIT,AI_DIRECT_LIMIT,,,,,0,BEAR,SR,60-70,SPAWN,-6,-6,BEARISH_STRUCTURE,BEAR_ALIGNED,54.2,-7,2,8,0.0004,bitfinex,tBTCF0:USTF0,v10.6-melbourne-unified-2026-06-24,BITFINEX_ZERO,v10.6-melbourne-unified-2026-06-24,COMBO_65_SP5_CHASE_3PLUS,AI65+ · Spread5+ · Chase 3+,APPROVE,59517.0,0.063606,0.006302,NEAR_SUPPORT,-0.008685,0.84059,54.3,17.144959,-31.343753,9.608728,76.383,76.383,76.383,0-5m,AI_DIRECT,AI_DIRECT_CHASE,2,,64.25,0.0,0.0,0.0,False,0.0,0.0,-0.000214,3e-05,0.007008,0.069811,-154.72783,0.0,0.278043,59507.0,59750.23843,60334.862272,62726.407276,-0.00969,NEAR_SUPPORT,SHORT_PREFERRED,0.063606,0.006302,BEAR,3.0,44.0,0.0,100,4.2,True,True,APPROVE,68,"```json
{
  ""direction"": ""SHORT"",
  ""confidence"": 68,
  ""long_score"": 18,
  ""short_score"": 82,
  ""preferred_direction"": ""SHORT"",
  ""entry_zone_low"": 59550,
  ""entry_zone_high"": 59700,
  ""limit_price"": 59625,
  ""expected_mfe"": 350,
  ""expected_mae"": 120,
  ""reversal_probability"": 25,
  ""exit_style"": ""AGGRESSIVE"",
  ""reasons_for_trade"": [
    ""BEAR_ALIGNED multi-timeframe agreement (15m, 1h, 4h all bearish)"",
    ""Bearish market structure with active LH-LL sequence and structure_score -6"",
    ""Bearish EMA stack (price below all EMAs, EMA9 below EMA21, EMA21 below EMA200)"",
    ""ADX at 54.2 indicating strong trending conditions favoring continuation"",
    ""Trend health state BEAR with bear_score 11 vs bull_score 3"",
    ""Negative delta (-154.79) and bearish orderflow imbalance (0.278)"",
    ""Price near support (0.57% away) but no reversal confirmation - continuation more likely"",
    ""Funding rate positive (3.99e-06) favoring shorts, consistent with bear trend""
  ],
  ""reasons_against_trade"": [
    ""Price is very close to recent low support (59132) - risk of bounce or liquidity grab"",
    ""Weaken_signals = 1 suggests slight trend exhaustion possibility"",
    ""Reversal risk score 45 indicates moderate reversal potential near support"",
    ""Volume ratio below 1 (0.916) shows lack of aggressive selling momentum""
  ],
  ""bull_score"": 2,
  ""bear_score"": 8
}
```",59581.25,59756.0,MAKER,TAKER,0.025203,64.25,76.383,-4.4,-4.4,0.0,0.0,-0.0,-0.0,-29.33,1028.697568,STOP_LOSS,-154.72783,0.069811,3e-05,0.278043,False,True,"{'price': 59507.0, 'ret_1m': 0.0, 'ret_5m': 0.00042029521535926834, 'ema9': 59750.23843047171, 'ema21': 60334.8622722155, 'ema200': 62726.40727638486, 'dist_to_support': 0.006301779622565413, 'dist_to_resistance': 0.06360596232376023, 'volume': 0.007008, 'volume_ratio': 0.0698114305298985, 'delta': -154.72783032999598, 'velocity': 3.0257468147897803e-05, 'imbalance': 0.2780427540595497, 'candle_range': 54.3, 'body_ratio': 0.5072699338611212, 'wick_ratio': 0.39273006613887884}",4.2,"{'early_fail_enabled': True, 'invert_signal': False, 'ai_enabled': True, 'edge_threshold': 3.0, 'edge_threshold_max': None, 'edge_range_preset': 'min_only', 'ai_threshold': 44.0, 'leverage': 100, 'pullback_threshold': 0.001}","{'ema9': 59750.23843047171, 'ema21': 60334.8622722155, 'ema200': 62726.40727638486, 'ema_spread': -0.00969, 'ema9_slope_pct': -0.2478, 'ema21_slope_pct': -0.3989, 'ema9_above_ema21': False, 'ema21_above_ema200': False}",WEAK_SETUP,4.2,4.2,False,True,INV_False_EF_True,SHORT,12,8,SCENARIO_C_EARLY_12_v2_frozen,40.0,10.0,-12.0,2.0,8.0,300,1,2,-32.0,False,False,True,False,480,3,5.0,False,5,0.75,"[[12, 8], [15, 10], [25, 18], [40, 28], [60, 45], [80, 60], [100, 75], [150, 120]]","{""trail_ladder"": [[12, 8], [15, 10], [25, 18], [40, 28], [60, 45], [80, 60], [100, 75], [150, 120]], ""ladder_first_trigger_pct"": 12, ""ladder_first_lock_pct"": 8, ""exit_profile_id"": ""SCENARIO_C_EARLY_12_v2_frozen"", ""peak_never_loser_min_peak"": 40.0, ""peak_never_loser_floor"": 10.0, ""thesis_fast_exit_unreal_pct"": -12.0, ""thesis_mfe_protect_pct"": 2.0, ""thesis_exit_if_above_unreal_pct"": 8.0, ""thesis_min_age_sec"": 300, ""thesis_score_flip_margin"": 1, ""thesis_early_decay_delta"": 2, ""early_fail_pct_threshold"": -32.0, ""type_a_first_candle_enabled"": false, ""type_a_early_fail_enabled"": false, ""scenario_c_exit_profile"": true, ""type_a_stall_enabled"": false, ""type_a_stall_min_age_sec"": 480, ""type_a_stall_min_candles"": 3, ""type_a_stall_max_mfe_pct"": 5.0, ""trend_weakening_enabled"": false, ""spread_penalty_threshold"": 5, ""spread_penalty_margin_mult"": 0.75}",2026-06-24T19:09:56.014417+00:00,2026-06-25 05:09:56 AEST,2026-06-25 05:09:56 AEST
2026-06-24T19:13:15.267667+00:00,c65c-4e3ae2f913bc,SHORT,59742.3,59619.0,1.582392,20.64,15.0,6,3.1,3.1,0.0,0.0,-0.0,0.0,PROFIT_LOCK_LADDER,100,0.69,68,44.0,True,SIM_LIMIT,AI_DIRECT_LIMIT,,,,,0,BEAR,SR,60-70,SPAWN,-6,-6,BEARISH_STRUCTURE,BEAR_ALIGNED,53.73,-7,2,8,0.0004,bitfinex,tBTCF0:USTF0,v10.6-melbourne-unified-2026-06-24,BITFINEX_ZERO,v10.6-melbourne-unified-2026-06-24,COMBO_65_SP5_CHASE_3PLUS,AI65+ · Spread5+ · Chase 3+,APPROVE,59728.0,0.059671,0.009979,NEAR_SUPPORT,-0.008989,1.0,54.0,1.582393,0.0,32.857791,204.438,204.438,204.438,0-5m,AI_DIRECT,AI_DIRECT_CHASE,4,,14.3,0.0,0.0,0.0,False,0.0,0.0,-2e-05,3e-06,0.01623,1.218832,-152.113475,0.0,0.270386,59728.0,59766.190744,60290.254958,62698.456128,-0.008692,NEAR_SUPPORT,SHORT_PREFERRED,0.059671,0.009979,BEAR,3.0,44.0,0.0,100,5.0,True,True,APPROVE,68,"```json
{
  ""direction"": ""SHORT"",
  ""confidence"": 68,
  ""long_score"": 15,
  ""short_score"": 82,
  ""preferred_direction"": ""SHORT"",
  ""entry_zone_low"": 59800,
  ""entry_zone_high"": 59962,
  ""limit_price"": 59881,
  ""expected_mfe"": 400,
  ""expected_mae"": 180,
  ""reversal_probability"": 45,
  ""exit_style"": ""AGGRESSIVE"",
  ""reasons_for_trade"": [
    ""Multi-timeframe agreement is BEAR_ALIGNED across 15m, 1h, 4h"",
    ""Market structure is BEARISH with active LH-LL sequence and structure_score -6"",
    ""EMA stack is bearish (price below all EMAs, ema9 below ema21, ema21 below ema200)"",
    ""ADX at 53.73 indicates strong trending market favoring continuation"",
    ""Trend health state is BEAR with bear_score 11 vs bull_score 3"",
    ""Orderflow shows negative delta (-152) and imbalance favoring sellers (0.27)"",
    ""Price is near micro support (59132) but no reversal confirmation - continuation expected"",
    ""Funding rate positive (longs pay shorts) favors short positioning""
  ],
  ""reasons_against_trade"": [
    ""Price is near support (1% above recent low) - bounce risk elevated"",
    ""Reversal probability at 45% suggests non-trivial chance of mean reversion"",
    ""Volume ratio only slightly above average (1.09) - no strong conviction on breakout"",
    ""Entry near support historically reduces short expectancy without strong continuation""
  ],
  ""bull_score"": 2,
  ""bear_score"": 8
}
```

**Direction:** SHORT  
**Win probability:** 68%  
**Long score:** 15  
**Short score:** 82  
**Bull score:** 2/10  
**Bear score:** 8/10  
**Decision:** APPROVE  

**Reason:** The trend hierarchy strongly favors bearish continuation: BEAR_ALIGNED multi-timeframe, bearish structure with active LH-LL sequence, bearish EMA stack, and ADX > 25 confirming a strong trend. Orderflow supports sellers. The only counterargument is proximity to support, but without reversal confirmation (no higher low, no structure shift, no momentum expansion upward), this is a location-only factor. Short entry is preferred near micro resistance (59962) to capture continuation toward new lows. The reversal probability of 45% is noted but insufficient to override the dominant trend. Entry zone is set above current price (pullback to resistance) as required for short limit orders.",59742.3,59619.0,MAKER,TAKER,0.025114,14.3,204.438,3.1,3.1,0.0,0.0,-0.0,0.0,20.64,94.943603,PROFIT_LOCK_LADDER,-152.113475,1.218832,3e-06,0.270386,False,True,"{'price': 59728.0, 'ret_1m': -0.000334739238133494, 'ret_5m': 0.0003349634889797012, 'ema9': 59766.19074437737, 'ema21': 60290.25495821625, 'ema200': 62698.456127868136, 'dist_to_support': 0.00997856951513528, 'dist_to_resistance': 0.05967050629520493, 'volume': 0.016230482, 'volume_ratio': 1.2188321759506127, 'delta': -152.1134751219952, 'velocity': 3.364122719292387e-06, 'imbalance': 0.2703860199954936, 'candle_range': 54.0, 'body_ratio': 0.5785735904588953, 'wick_ratio': 0.3214264095411047}",5.0,"{'early_fail_enabled': True, 'invert_signal': False, 'ai_enabled': True, 'edge_threshold': 3.0, 'edge_threshold_max': None, 'edge_range_preset': 'min_only', 'ai_threshold': 44.0, 'leverage': 100, 'pullback_threshold': 0.001}","{'ema9': 59766.19074437737, 'ema21': 60290.25495821625, 'ema200': 62698.456127868136, 'ema_spread': -0.008692, 'ema9_slope_pct': -0.1699, 'ema21_slope_pct': -0.3482, 'ema9_above_ema21': False, 'ema21_above_ema200': False}",WEAK_SETUP,5.0,5.0,False,True,INV_False_EF_True,SHORT,12,8,SCENARIO_C_EARLY_12_v2_frozen,40.0,10.0,-12.0,2.0,8.0,300,1,2,-32.0,False,False,True,False,480,3,5.0,False,5,0.75,"[[12, 8], [15, 10], [25, 18], [40, 28], [60, 45], [80, 60], [100, 75], [150, 120]]","{""trail_ladder"": [[12, 8], [15, 10], [25, 18], [40, 28], [60, 45], [80, 60], [100, 75], [150, 120]], ""ladder_first_trigger_pct"": 12, ""ladder_first_lock_pct"": 8, ""exit_profile_id"": ""SCENARIO_C_EARLY_12_v2_frozen"", ""peak_never_loser_min_peak"": 40.0, ""peak_never_loser_floor"": 10.0, ""thesis_fast_exit_unreal_pct"": -12.0, ""thesis_mfe_protect_pct"": 2.0, ""thesis_exit_if_above_unreal_pct"": 8.0, ""thesis_min_age_sec"": 300, ""thesis_score_flip_margin"": 1, ""thesis_early_decay_delta"": 2, ""early_fail_pct_threshold"": -32.0, ""type_a_first_candle_enabled"": false, ""type_a_early_fail_enabled"": false, ""scenario_c_exit_profile"": true, ""type_a_stall_enabled"": false, ""type_a_stall_min_age_sec"": 480, ""type_a_stall_min_candles"": 3, ""type_a_stall_max_mfe_pct"": 5.0, ""trend_weakening_enabled"": false, ""spread_penalty_threshold"": 5, ""spread_penalty_margin_mult"": 0.75}",2026-06-24T19:13:15.267667+00:00,2026-06-25 05:13:15 AEST,2026-06-25 05:13:15 AEST
2026-06-24T19:22:02.534041+00:00,c65c-1161697708d2,SHORT,59724.45,59660.0,1.96145,10.79,15.0,6,1.62,1.62,0.0,0.0,-0.0,0.0,PROFIT_LOCK_LADDER,100,0.36,72,44.0,True,SIM_LIMIT,AI_DIRECT_LIMIT,,,,,0,BEAR,SR,70+,SPAWN,-6,-6,BEARISH_STRUCTURE,BEAR_ALIGNED,53.66,-7,2,8,0.0004,bitfinex,tBTCF0:USTF0,v10.6-melbourne-unified-2026-06-24,BITFINEX_ZERO,v10.6-melbourne-unified-2026-06-24,COMBO_65_SP5_CHASE_3PLUS,AI65+ · Spread5+ · Chase 3+,APPROVE,59703.0,0.05944,0.010194,NEAR_SUPPORT,-0.008117,0.435584,54.0,1.961451,-2.436188,15.311987,303.598,303.598,303.598,5-15m,AI_DIRECT,AI_DIRECT_CHASE,5,,21.45,0.0,0.0,0.0,False,0.0,0.0,-2.4e-05,-2.2e-05,0.0004,0.055029,-144.667981,0.0,0.253287,59703.0,59759.590744,60287.254958,62698.12777,-0.008753,NEAR_SUPPORT,SHORT_PREFERRED,0.05944,0.010194,BEAR,3.0,44.0,0.0,100,4.0,True,True,APPROVE,72,"```json
{
  ""direction"": ""SHORT"",
  ""confidence"": 72,
  ""long_score"": 18,
  ""short_score"": 82,
  ""preferred_direction"": ""SHORT"",
  ""entry_zone_low"": 59800,
  ""entry_zone_high"": 59962,
  ""limit_price"": 59881,
  ""expected_mfe"": 450,
  ""expected_mae"": 180,
  ""reversal_probability"": 63,
  ""exit_style"": ""PATIENT"",
  ""reasons_for_trade"": [
    ""BEAR_ALIGNED multi-timeframe agreement (15m, 1h, 4h all bearish)"",
    ""Bearish structure with active LH-LL sequence and structure_score -6"",
    ""EMA stack bearish (price below all EMAs, EMA9 below EMA21, EMA21 below EMA200)"",
    ""ADX 53.66 indicates strong trending conditions favoring continuation"",
    ""Trend health state BEAR with bear_score 11 vs bull_score 3"",
    ""Market structure shift labeled BEAR_CONTINUATION"",
    ""Negative delta (-144.69) and bearish orderflow imbalance (0.25 favoring shorts)"",
    ""Price near micro resistance (59962) with only 0.37% distance, offering short entry at resistance"",
    ""Funding rate positive (3.99e-06) meaning longs pay shorts, favorable for short positions"",
    ""Regime tracker shows recent TRENDING regime before current COMPRESSION, suggesting potential breakout continuation""
  ],
  ""reasons_against_trade"": [
    ""Price is near micro support (59132) at 1.02% distance, increasing bounce risk"",
    ""Reversal probability score of 63 indicates moderate reversal risk"",
    ""Volume ratio extremely low (0.002) suggesting lack of conviction in current move"",
    ""Entry near support historically shows reduced expectancy for shorts without strong continuation"",
    ""Compression regime may lead to sideways movement before directional expansion""
  ],
  ""bull_score"": 2,
  ""bear_score"": 8
}
```

Direction: SHORT
Win probability: 72%
Long score: 18
Short score: 82
Bull score: 2
Bear score: 8
Decision: APPROVE
Reason: Strong bearish alignment across all trend hierarchy layers (MTF, structure, EMA, ADX) with clear continuation signals. Short entry near micro resistance (59962) provides favorable risk/reward. While near support bounce risk exists, the overwhelming bearish evidence and trend strength favor continuation. The low volume ratio and compression regime suggest waiting for a pullback to resistance zone before entry.",59724.45,59660.0,MAKER,TAKER,0.025124,21.45,303.598,1.62,1.62,0.0,0.0,-0.0,0.0,10.79,117.687079,PROFIT_LOCK_LADDER,-144.667981,0.055029,-2.2e-05,0.253287,False,True,"{'price': 59703.0, 'ret_1m': 0.0, 'ret_5m': 0.000217791924945552, 'ema9': 59759.59074437737, 'ema21': 60287.25495821625, 'ema200': 62698.127769659186, 'dist_to_support': 0.010194004117775062, 'dist_to_resistance': 0.05943991563582799, 'volume': 0.0004, 'volume_ratio': 0.05502909223018933, 'delta': -144.66798078999392, 'velocity': -2.174773507908113e-05, 'imbalance': 0.25328702357617466, 'candle_range': 54.0, 'body_ratio': 0.5785735904588953, 'wick_ratio': 0.3214264095411047}",4.0,"{'early_fail_enabled': True, 'invert_signal': False, 'ai_enabled': True, 'edge_threshold': 3.0, 'edge_threshold_max': None, 'edge_range_preset': 'min_only', 'ai_threshold': 44.0, 'leverage': 100, 'pullback_threshold': 0.001}","{'ema9': 59759.59074437737, 'ema21': 60287.25495821625, 'ema200': 62698.127769659186, 'ema_spread': -0.008753, 'ema9_slope_pct': -0.181, 'ema21_slope_pct': -0.3531, 'ema9_above_ema21': False, 'ema21_above_ema200': False}",MOMENTUM_SHORT,4.0,4.0,False,True,INV_False_EF_True,SHORT,12,8,SCENARIO_C_EARLY_12_v2_frozen,40.0,10.0,-12.0,2.0,8.0,300,1,2,-32.0,False,False,True,False,480,3,5.0,False,5,0.75,"[[12, 8], [15, 10], [25, 18], [40, 28], [60, 45], [80, 60], [100, 75], [150, 120]]","{""trail_ladder"": [[12, 8], [15, 10], [25, 18], [40, 28], [60, 45], [80, 60], [100, 75], [150, 120]], ""ladder_first_trigger_pct"": 12, ""ladder_first_lock_pct"": 8, ""exit_profile_id"": ""SCENARIO_C_EARLY_12_v2_frozen"", ""peak_never_loser_min_peak"": 40.0, ""peak_never_loser_floor"": 10.0, ""thesis_fast_exit_unreal_pct"": -12.0, ""thesis_mfe_protect_pct"": 2.0, ""thesis_exit_if_above_unreal_pct"": 8.0, ""thesis_min_age_sec"": 300, ""thesis_score_flip_margin"": 1, ""thesis_early_decay_delta"": 2, ""early_fail_pct_threshold"": -32.0, ""type_a_first_candle_enabled"": false, ""type_a_early_fail_enabled"": false, ""scenario_c_exit_profile"": true, ""type_a_stall_enabled"": false, ""type_a_stall_min_age_sec"": 480, ""type_a_stall_min_candles"": 3, ""type_a_stall_max_mfe_pct"": 5.0, ""trend_weakening_enabled"": false, ""spread_penalty_threshold"": 5, ""spread_penalty_margin_mult"": 0.75}",2026-06-24T19:22:02.534041+00:00,2026-06-25 05:22:02 AEST,2026-06-25 05:22:02 AEST
2026-06-24T19:25:13.849714+00:00,cont-49887d1b0b0e,SHORT,59672.94,59858.83,11.153641,-31.15,15.0,6,-4.67,-4.67,0.0,0.0,-0.0,-0.0,STOP_LOSS,100,1.04,72,44.0,True,SIM_LIMIT,AI_DIRECT_LIMIT,,,,,0,BEAR,SR,70+,SPAWN,-6,-6,BEARISH_STRUCTURE,BEAR_ALIGNED,53.66,-7,2,8,0.0004,bitfinex,tBTCF0:USTF0,v10.6-melbourne-unified-2026-06-24,BITFINEX_ZERO,v10.6-melbourne-unified-2026-06-24,CONTINUOUS,Continuous AI Research,APPROVE,59590.0,0.062125,0.007686,NEAR_SUPPORT,-0.007964,1.0,54.0,11.153642,-31.151473,7.028311,134.586,134.586,134.586,0-5m,AI_DIRECT,AI_DIRECT_CHASE,2,,82.94,0.0,0.5244,0.5244,False,0.0,0.0,-0.000139,-8.2e-05,0.002348,2.150245,-146.353815,0.0,0.257097,59590.0,59735.190744,60276.164049,62696.913839,-0.008975,NEAR_SUPPORT,SHORT_PREFERRED,0.062125,0.007686,BEAR,3.0,44.0,0.0,100,5.6,True,True,APPROVE,72,"```json
{
  ""direction"": ""SHORT"",
  ""confidence"": 72,
  ""long_score"": 18,
  ""short_score"": 82,
  ""preferred_direction"": ""SHORT"",
  ""entry_zone_low"": 59650,
  ""entry_zone_high"": 59850,
  ""limit_price"": 59750,
  ""expected_mfe"": 350,
  ""expected_mae"": 120,
  ""reversal_probability"": 43,
  ""exit_style"": ""AGGRESSIVE"",
  ""reasons_for_trade"": [
    ""BEAR_ALIGNED multi-timeframe agreement (15m, 1h, 4h all bearish)"",
    ""Bearish structure with LL/LL sequence active and structure_score -6"",
    ""EMA stack bearish (price below all EMAs, EMA9 below EMA21, EMA21 below EMA200)"",
    ""ADX 53.66 (>25) indicating strong trending conditions favoring continuation"",
    ""Trend health state BEAR with bear_score 11 vs bull_score 3"",
    ""Market structure shift is BEAR_CONTINUATION"",
    ""Negative velocity and delta (-146) supporting bearish momentum"",
    ""Price near support (0.84% away) but no reversal confirmation - continuation more likely"",
    ""Funding rate positive (longs pay shorts) favoring short positions""
  ],
  ""reasons_against_trade"": [
    ""Price is very close to recent low support (59132) - bounce risk increases near support"",
    ""Reversal risk score is 43 (moderate) suggesting some bounce potential"",
    ""Volume ratio is very low (0.0045) - lack of conviction in current move"",
    ""Entry near support historically shows reduced expectancy for shorts without strong continuation""
  ],
  ""bull_score"": 2,
  ""bear_score"": 8
}
```

Direction: SHORT
Win probability: 72%
Long score: 18
Short score: 82
Bull score: 2
Bear score: 8
Decision: APPROVE
Reason: Strong bearish alignment across all trend hierarchy layers (MTF, structure, EMA, ADX) with no valid reversal confirmation. Price near support is a location context only - not a reversal signal. Short entry above current price (pullback to 59750) allows for better risk/reward while maintaining bearish bias. The low volume and moderate reversal risk warrant an APPROVE (not STRONG_APPROVE) with aggressive exit to capture continuation toward support break.",59672.94,59858.83,MAKER,TAKER,0.025172,82.94,134.586,-4.67,-4.67,0.0,0.0,-0.0,-0.0,-31.15,669.218552,STOP_LOSS,-146.353815,2.150245,-8.2e-05,0.257097,False,True,"{'price': 59590.0, 'ret_1m': 0.000318947138708432, 'ret_5m': -0.0011063430333914442, 'ema9': 59735.19074437737, 'ema21': 60276.164049125335, 'ema200': 62696.913839310924, 'dist_to_support': 0.007685853331095821, 'dist_to_resistance': 0.06212451753649941, 'volume': 0.0023480000000000003, 'volume_ratio': 2.1502445768815917, 'delta': -146.3538150899944, 'velocity': -8.21350676293374e-05, 'imbalance': 0.25709653708398955, 'candle_range': 54.0, 'body_ratio': 0.5785735904588953, 'wick_ratio': 0.3214264095411047}",5.6,"{'early_fail_enabled': True, 'invert_signal': False, 'ai_enabled': True, 'edge_threshold': 3.0, 'edge_threshold_max': None, 'edge_range_preset': 'min_only', 'ai_threshold': 44.0, 'leverage': 100, 'pullback_threshold': 0.001}","{'ema9': 59735.19074437737, 'ema21': 60276.164049125335, 'ema200': 62696.913839310924, 'ema_spread': -0.008975, 'ema9_slope_pct': -0.2217, 'ema21_slope_pct': -0.3715, 'ema9_above_ema21': False, 'ema21_above_ema200': False}",MOMENTUM_SHORT,5.6,5.6,False,True,INV_False_EF_True,SHORT,12,8,SCENARIO_C_EARLY_12_v2_frozen,40.0,10.0,-12.0,2.0,8.0,300,1,2,-32.0,False,False,True,False,480,3,5.0,False,5,0.75,"[[12, 8], [15, 10], [25, 18], [40, 28], [60, 45], [80, 60], [100, 75], [150, 120]]","{""trail_ladder"": [[12, 8], [15, 10], [25, 18], [40, 28], [60, 45], [80, 60], [100, 75], [150, 120]], ""ladder_first_trigger_pct"": 12, ""ladder_first_lock_pct"": 8, ""exit_profile_id"": ""SCENARIO_C_EARLY_12_v2_frozen"", ""peak_never_loser_min_peak"": 40.0, ""peak_never_loser_floor"": 10.0, ""thesis_fast_exit_unreal_pct"": -12.0, ""thesis_mfe_protect_pct"": 2.0, ""thesis_exit_if_above_unreal_pct"": 8.0, ""thesis_min_age_sec"": 300, ""thesis_score_flip_margin"": 1, ""thesis_early_decay_delta"": 2, ""early_fail_pct_threshold"": -32.0, ""type_a_first_candle_enabled"": false, ""type_a_early_fail_enabled"": false, ""scenario_c_exit_profile"": true, ""type_a_stall_enabled"": false, ""type_a_stall_min_age_sec"": 480, ""type_a_stall_min_candles"": 3, ""type_a_stall_max_mfe_pct"": 5.0, ""trend_weakening_enabled"": false, ""spread_penalty_threshold"": 5, ""spread_penalty_margin_mult"": 0.75}",2026-06-24T19:25:13.849714+00:00,2026-06-25 05:25:13 AEST,2026-06-25 05:25:13 AEST
2026-06-24T19:44:39.718199+00:00,cont-1071840af4ad,SHORT,59870.91,59812.0,0.927936,9.84,15.0,6,1.48,1.48,0.0,0.0,-0.0,0.0,PROFIT_LOCK_LADDER,100,0.33,68,44.0,True,SIM_LIMIT,AI_DIRECT_LIMIT,,,,,0,BEAR,SR,60-70,SPAWN,-6,-6,BEARISH_STRUCTURE,BEAR_ALIGNED,51.32,-7,2,8,0.0004,bitfinex,tBTCF0:USTF0,v10.7-fresh-scope-relay-audit-2026-06-25,BITFINEX_ZERO,v10.7-fresh-scope-relay-audit-2026-06-25,CONTINUOUS,Continuous AI Research,APPROVE,59867.0,0.05721,0.012277,NEAR_SUPPORT,-0.00696,0.334018,294.4,0.927937,0.0,12.344893,181.197,181.197,181.197,0-5m,AI_DIRECT,AI_DIRECT_CHASE,4,,3.91,0.0,0.0,0.0,False,0.0,0.0,-1.2e-05,-1.7e-05,0.012498,0.108504,0.24714,0.0,0.422295,59867.0,59800.402076,60216.106277,62642.121508,-0.006904,NEAR_SUPPORT,SHORT_PREFERRED,0.05721,0.012277,BEAR,3.0,44.0,0.0,100,5.2,True,True,APPROVE,68,"```json
{
  ""direction"": ""SHORT"",
  ""confidence"": 68,
  ""long_score"": 18,
  ""short_score"": 82,
  ""preferred_direction"": ""SHORT"",
  ""entry_zone_low"": 59900,
  ""entry_zone_high"": 60050,
  ""limit_price"": 59975,
  ""expected_mfe"": 350,
  ""expected_mae"": 120,
  ""reversal_probability"": 73,
  ""exit_style"": ""AGGRESSIVE"",
  ""reasons_for_trade"": [
    ""BEAR_ALIGNED multi-timeframe agreement (15m ranging, 1h/4h bearish)"",
    ""Bearish EMA stack: price below EMA21 and EMA200, EMA9 below EMA21, EMA21 below EMA200"",
    ""ADX 51.32 indicates strong trending market favoring continuation"",
    ""Trend health state BEAR with bear_score 11 vs bull_score 3"",
    ""Market structure bias BEARISH_STRUCTURE with structure_score -6"",
    ""Price near micro resistance (59962) with low distance (0.14%) suggesting potential rejection"",
    ""Bearish continuation signal from market_structure_shift"",
    ""Funding positive (3.99e-06) favoring shorts (longs pay shorts)""
  ],
  ""reasons_against_trade"": [
    ""Price near support (dist_to_support 1.24%) - bounce risk elevated"",
    ""Reversal risk score 73 indicates moderate reversal probability"",
    ""Higher low detected suggests some buying pressure"",
    ""Volume ratio low (0.14) - weak participation may reduce conviction"",
    ""Entry near support historically reduces short expectancy without strong continuation""
  ],
  ""bull_score"": 2,
  ""bear_score"": 8
}
```",59870.91,59812.0,MAKER,TAKER,0.025056,3.91,181.197,1.48,1.48,0.0,0.0,-0.0,0.0,9.84,55.676274,PROFIT_LOCK_LADDER,0.24714,0.108504,-1.7e-05,0.422295,False,True,"{'price': 59867.0, 'ret_1m': 0.0, 'ret_5m': -0.00016700903518880372, 'ema9': 59800.40207640152, 'ema21': 60216.10627651245, 'ema200': 62642.12150782324, 'dist_to_support': 0.01227721449212421, 'dist_to_resistance': 0.05721014916398016, 'volume': 0.012497788000000001, 'volume_ratio': 0.10850393515561786, 'delta': 0.24713968399999997, 'velocity': -1.6700736218012602e-05, 'imbalance': 0.4222953832799899, 'candle_range': 294.4, 'body_ratio': 0.38136165990354154, 'wick_ratio': 0.6186383400964586}",5.2,"{'early_fail_enabled': True, 'invert_signal': False, 'ai_enabled': True, 'edge_threshold': 3.0, 'edge_threshold_max': None, 'edge_range_preset': 'min_only', 'ai_threshold': 44.0, 'leverage': 100, 'pullback_threshold': 0.001}","{'ema9': 59800.40207640152, 'ema21': 60216.10627651245, 'ema200': 62642.12150782324, 'ema_spread': -0.006904, 'ema9_slope_pct': 0.0404, 'ema21_slope_pct': -0.2164, 'ema9_above_ema21': False, 'ema21_above_ema200': False}",WEAK_SETUP,5.2,5.2,False,True,INV_False_EF_True,SHORT,12,8,SCENARIO_C_EARLY_12_v2_frozen,40.0,10.0,-12.0,2.0,8.0,300,1,2,-32.0,False,False,True,False,480,3,5.0,False,5,0.75,"[[12, 8], [15, 10], [25, 18], [40, 28], [60, 45], [80, 60], [100, 75], [150, 120]]","{""trail_ladder"": [[12, 8], [15, 10], [25, 18], [40, 28], [60, 45], [80, 60], [100, 75], [150, 120]], ""ladder_first_trigger_pct"": 12, ""ladder_first_lock_pct"": 8, ""exit_profile_id"": ""SCENARIO_C_EARLY_12_v2_frozen"", ""peak_never_loser_min_peak"": 40.0, ""peak_never_loser_floor"": 10.0, ""thesis_fast_exit_unreal_pct"": -12.0, ""thesis_mfe_protect_pct"": 2.0, ""thesis_exit_if_above_unreal_pct"": 8.0, ""thesis_min_age_sec"": 300, ""thesis_score_flip_margin"": 1, ""thesis_early_decay_delta"": 2, ""early_fail_pct_threshold"": -32.0, ""type_a_first_candle_enabled"": false, ""type_a_early_fail_enabled"": false, ""scenario_c_exit_profile"": true, ""type_a_stall_enabled"": false, ""type_a_stall_min_age_sec"": 480, ""type_a_stall_min_candles"": 3, ""type_a_stall_max_mfe_pct"": 5.0, ""trend_weakening_enabled"": false, ""spread_penalty_threshold"": 5, ""spread_penalty_margin_mult"": 0.75}",2026-06-24T19:44:39.718199+00:00,2026-06-25 05:44:39 AEST,2026-06-25 05:44:39 AEST
2026-06-24T19:44:43.466433+00:00,c65c-9d9f4e72407a,SHORT,59872.48,59819.0,0.965169,8.93,15.0,6,1.34,1.34,0.0,0.0,-0.0,0.0,PROFIT_LOCK_LADDER,100,0.3,68,44.0,True,SIM_LIMIT,AI_DIRECT_LIMIT,,,,,0,BEAR,SR,60-70,SPAWN,-6,-6,BEARISH_STRUCTURE,BEAR_ALIGNED,51.32,-7,2,8,0.0004,bitfinex,tBTCF0:USTF0,v10.7-fresh-scope-relay-audit-2026-06-25,BITFINEX_ZERO,v10.7-fresh-scope-relay-audit-2026-06-25,COMBO_65_SP5_CHASE_3PLUS,AI65+ · Spread5+ · Chase 3+,APPROVE,59867.0,0.05721,0.012277,NEAR_SUPPORT,-0.00696,0.334018,294.4,0.96517,0.0,12.606794,182.291,182.291,182.291,0-5m,AI_DIRECT,AI_DIRECT_CHASE,4,,5.48,0.0,0.0,0.0,False,0.0,0.0,-1.2e-05,-1.7e-05,0.012498,0.108504,0.24714,0.0,0.422295,59867.0,59800.402076,60216.106277,62642.121508,-0.006904,NEAR_SUPPORT,SHORT_PREFERRED,0.05721,0.012277,BEAR,3.0,44.0,0.0,100,5.2,True,True,APPROVE,68,"```json
{
  ""direction"": ""SHORT"",
  ""confidence"": 68,
  ""long_score"": 18,
  ""short_score"": 82,
  ""preferred_direction"": ""SHORT"",
  ""entry_zone_low"": 59900,
  ""entry_zone_high"": 60050,
  ""limit_price"": 59975,
  ""expected_mfe"": 350,
  ""expected_mae"": 120,
  ""reversal_probability"": 73,
  ""exit_style"": ""AGGRESSIVE"",
  ""reasons_for_trade"": [
    ""BEAR_ALIGNED multi-timeframe agreement (15m ranging, 1h/4h bearish)"",
    ""Bearish EMA stack: price below EMA21 and EMA200, EMA9 below EMA21, EMA21 below EMA200"",
    ""ADX 51.32 indicates strong trending market favoring continuation"",
    ""Trend health state BEAR with bear_score 11 vs bull_score 3"",
    ""Market structure bias BEARISH_STRUCTURE with structure_score -6"",
    ""Price near micro resistance (59962) with low distance (0.14%) suggesting potential rejection"",
    ""Bearish continuation signal from market_structure_shift"",
    ""Funding positive (3.99e-06) favoring shorts (longs pay shorts)""
  ],
  ""reasons_against_trade"": [
    ""Price near support (dist_to_support 1.24%) - bounce risk elevated"",
    ""Reversal risk score 73 indicates moderate reversal probability"",
    ""Higher low detected suggests some buying pressure"",
    ""Volume ratio low (0.14) - weak participation may reduce conviction"",
    ""Entry near support historically reduces short expectancy without strong continuation""
  ],
  ""bull_score"": 2,
  ""bear_score"": 8
}
```",59872.48,59819.0,MAKER,TAKER,0.025056,5.48,182.291,1.34,1.34,0.0,0.0,-0.0,0.0,8.93,57.910285,PROFIT_LOCK_LADDER,0.24714,0.108504,-1.7e-05,0.422295,False,True,"{'price': 59867.0, 'ret_1m': 0.0, 'ret_5m': -0.00016700903518880372, 'ema9': 59800.40207640152, 'ema21': 60216.10627651245, 'ema200': 62642.12150782324, 'dist_to_support': 0.01227721449212421, 'dist_to_resistance': 0.05721014916398016, 'volume': 0.012497788000000001, 'volume_ratio': 0.10850393515561786, 'delta': 0.24713968399999997, 'velocity': -1.6700736218012602e-05, 'imbalance': 0.4222953832799899, 'candle_range': 294.4, 'body_ratio': 0.38136165990354154, 'wick_ratio': 0.6186383400964586}",5.2,"{'early_fail_enabled': True, 'invert_signal': False, 'ai_enabled': True, 'edge_threshold': 3.0, 'edge_threshold_max': None, 'edge_range_preset': 'min_only', 'ai_threshold': 44.0, 'leverage': 100, 'pullback_threshold': 0.001}","{'ema9': 59800.40207640152, 'ema21': 60216.10627651245, 'ema200': 62642.12150782324, 'ema_spread': -0.006904, 'ema9_slope_pct': 0.0404, 'ema21_slope_pct': -0.2164, 'ema9_above_ema21': False, 'ema21_above_ema200': False}",WEAK_SETUP,5.2,5.2,False,True,INV_False_EF_True,SHORT,12,8,SCENARIO_C_EARLY_12_v2_frozen,40.0,10.0,-12.0,2.0,8.0,300,1,2,-32.0,False,False,True,False,480,3,5.0,False,5,0.75,"[[12, 8], [15, 10], [25, 18], [40, 28], [60, 45], [80, 60], [100, 75], [150, 120]]","{""trail_ladder"": [[12, 8], [15, 10], [25, 18], [40, 28], [60, 45], [80, 60], [100, 75], [150, 120]], ""ladder_first_trigger_pct"": 12, ""ladder_first_lock_pct"": 8, ""exit_profile_id"": ""SCENARIO_C_EARLY_12_v2_frozen"", ""peak_never_loser_min_peak"": 40.0, ""peak_never_loser_floor"": 10.0, ""thesis_fast_exit_unreal_pct"": -12.0, ""thesis_mfe_protect_pct"": 2.0, ""thesis_exit_if_above_unreal_pct"": 8.0, ""thesis_min_age_sec"": 300, ""thesis_score_flip_margin"": 1, ""thesis_early_decay_delta"": 2, ""early_fail_pct_threshold"": -32.0, ""type_a_first_candle_enabled"": false, ""type_a_early_fail_enabled"": false, ""scenario_c_exit_profile"": true, ""type_a_stall_enabled"": false, ""type_a_stall_min_age_sec"": 480, ""type_a_stall_min_candles"": 3, ""type_a_stall_max_mfe_pct"": 5.0, ""trend_weakening_enabled"": false, ""spread_penalty_threshold"": 5, ""spread_penalty_margin_mult"": 0.75}",2026-06-24T19:44:43.466433+00:00,2026-06-25 05:44:43 AEST,2026-06-25 05:44:43 AEST
2026-06-24T20:01:02.841382+00:00,cont-e52320077693,SHORT,59852.25,59916.0,11.015718,-10.65,15.0,5,-1.6,-1.6,0.0,0.0,-0.0,-0.0,STOP_LOSS,100,0.36,62,44.0,True,SIM_LIMIT,AI_DIRECT_LIMIT,,,,,0,BEAR,SR,60-70,SPAWN,-6,-6,BEARISH_STRUCTURE,BEAR_ALIGNED,50.09,-7,3,8,0.0004,bitfinex,tBTCF0:USTF0,v10.7-fresh-scope-relay-audit-2026-06-25,BITFINEX_ZERO,v10.7-fresh-scope-relay-audit-2026-06-25,CONTINUOUS,Continuous AI Research,APPROVE,59836.0,0.057758,0.011765,NEAR_SUPPORT,-0.005313,0.50132,254.3,11.015719,-30.366444,3.216253,166.651,166.651,166.651,0-5m,AI_DIRECT,AI_DIRECT_CHASE,2,,16.25,0.0,0.0,0.0,False,0.0,0.0,-0.000137,1.7e-05,0.000424,0.13575,1.110326,0.0,0.648707,59836.0,59798.841661,60177.32802,62613.855442,-0.00629,NEAR_SUPPORT,SHORT_PREFERRED,0.057758,0.011765,BEAR,3.0,44.0,0.0,100,5.2,True,True,APPROVE,62,"```json
{
  ""direction"": ""SHORT"",
  ""confidence"": 62,
  ""long_score"": 25,
  ""short_score"": 75,
  ""preferred_direction"": ""SHORT"",
  ""entry_zone_low"": 59850,
  ""entry_zone_high"": 59950,
  ""limit_price"": 59900,
  ""expected_mfe"": 250,
  ""expected_mae"": 120,
  ""reversal_probability"": 61,
  ""exit_style"": ""AGGRESSIVE"",
  ""reasons_for_trade"": [
    ""BEAR_ALIGNED multi-timeframe agreement (15m ranging, 1h/4h bearish)"",
    ""Bearish structure with LL sequence and structure_score -6"",
    ""EMA stack bearish (price below EMA21 and EMA200, EMA9 below EMA21)"",
    ""ADX 50.09 indicates strong trending conditions favoring continuation"",
    ""Trend health state BEAR with bear_score 11 vs bull_score 3"",
    ""Market structure shift labeled BEAR_CONTINUATION"",
    ""Price near micro resistance (59962) with distance 0.21% - short entry opportunity"",
    ""Velocity negative and volume ratio very low suggesting lack of buying pressure""
  ],
  ""reasons_against_trade"": [
    ""Price is near support (1.18% above recent low) - bounce risk elevated"",
    ""Reversal probability 61% suggests potential for mean reversion"",
    ""Higher low detected on micro structure could indicate weakening bear momentum"",
    ""Compression regime may precede expansion in either direction"",
    ""Funding slightly positive (longs pay shorts) but not extreme""
  ],
  ""bull_score"": 3,
  ""bear_score"": 8
}
```",59852.25,59916.0,MAKER,TAKER,0.025069,16.25,166.651,-1.6,-1.6,0.0,0.0,-0.0,-0.0,-10.65,660.943185,STOP_LOSS,1.110326,0.13575,1.7e-05,0.648707,False,True,"{'price': 59836.0, 'ret_1m': -0.0001002640286086695, 'ret_5m': 1.6712626389237068e-05, 'ema9': 59798.84166112122, 'ema21': 60177.32801997114, 'ema200': 62613.85544209732, 'dist_to_support': 0.011765492345745036, 'dist_to_resistance': 0.05775787151547564, 'volume': 0.00042433800000000007, 'volume_ratio': 0.135749519114116, 'delta': 1.1103259830000005, 'velocity': 1.672028196773242e-05, 'imbalance': 0.6487074729968383, 'candle_range': 254.3, 'body_ratio': 0.40374971960503403, 'wick_ratio': 0.596250280394966}",5.2,"{'early_fail_enabled': True, 'invert_signal': False, 'ai_enabled': True, 'edge_threshold': 3.0, 'edge_threshold_max': None, 'edge_range_preset': 'min_only', 'ai_threshold': 44.0, 'leverage': 100, 'pullback_threshold': 0.001}","{'ema9': 59798.84166112122, 'ema21': 60177.32801997114, 'ema200': 62613.85544209732, 'ema_spread': -0.00629, 'ema9_slope_pct': 0.0496, 'ema21_slope_pct': -0.1896, 'ema9_above_ema21': False, 'ema21_above_ema200': False}",MOMENTUM_LONG,5.2,5.2,False,True,INV_False_EF_True,SHORT,12,8,SCENARIO_C_EARLY_12_v2_frozen,40.0,10.0,-12.0,2.0,8.0,300,1,2,-32.0,False,False,True,False,480,3,5.0,False,5,0.75,"[[12, 8], [15, 10], [25, 18], [40, 28], [60, 45], [80, 60], [100, 75], [150, 120]]","{""trail_ladder"": [[12, 8], [15, 10], [25, 18], [40, 28], [60, 45], [80, 60], [100, 75], [150, 120]], ""ladder_first_trigger_pct"": 12, ""ladder_first_lock_pct"": 8, ""exit_profile_id"": ""SCENARIO_C_EARLY_12_v2_frozen"", ""peak_never_loser_min_peak"": 40.0, ""peak_never_loser_floor"": 10.0, ""thesis_fast_exit_unreal_pct"": -12.0, ""thesis_mfe_protect_pct"": 2.0, ""thesis_exit_if_above_unreal_pct"": 8.0, ""thesis_min_age_sec"": 300, ""thesis_score_flip_margin"": 1, ""thesis_early_decay_delta"": 2, ""early_fail_pct_threshold"": -32.0, ""type_a_first_candle_enabled"": false, ""type_a_early_fail_enabled"": false, ""scenario_c_exit_profile"": true, ""type_a_stall_enabled"": false, ""type_a_stall_min_age_sec"": 480, ""type_a_stall_min_candles"": 3, ""type_a_stall_max_mfe_pct"": 5.0, ""trend_weakening_enabled"": false, ""spread_penalty_threshold"": 5, ""spread_penalty_margin_mult"": 0.75}",2026-06-24T20:01:02.841382+00:00,2026-06-25 06:01:02 AEST,2026-06-25 06:01:02 AEST
2026-06-24T20:01:31.382672+00:00,cont-c2918272ebb4,SHORT,59940.07,60094.0,2.852425,-25.68,15.0,6,-3.85,-3.85,0.0,0.0,-0.0,0.0,STOP_LOSS,100,0.86,72,44.0,True,SIM_LIMIT,AI_DIRECT_LIMIT,,,,,0,BEAR,SR,70+,SPAWN,-6,-6,BEARISH_STRUCTURE,BEAR_ALIGNED,50.09,-7,2,8,0.0004,bitfinex,tBTCF0:USTF0,v10.7-fresh-scope-relay-audit-2026-06-25,BITFINEX_ZERO,v10.7-fresh-scope-relay-audit-2026-06-25,CONTINUOUS,Continuous AI Research,APPROVE,59926.0,0.056169,0.01325,NEAR_SUPPORT,-0.005313,0.567206,254.3,2.852425,-30.518817,8.68701,309.56,309.56,309.56,5-15m,AI_DIRECT,AI_DIRECT_CHASE,5,,14.07,0.0,0.0,0.0,False,0.0,0.0,-3.6e-05,-4.3e-05,0.003695,3.559755,1.644583,0.0,0.447891,59926.0,59821.041661,60187.418929,62614.95992,-0.006087,NEAR_SUPPORT,SHORT_PREFERRED,0.056169,0.01325,BEAR,3.0,44.0,0.0,100,4.8,True,True,APPROVE,72,"```json
{
  ""direction"": ""SHORT"",
  ""confidence"": 72,
  ""long_score"": 18,
  ""short_score"": 82,
  ""preferred_direction"": ""SHORT"",
  ""entry_zone_low"": 60050,
  ""entry_zone_high"": 60200,
  ""limit_price"": 60125,
  ""expected_mfe"": 450,
  ""expected_mae"": 180,
  ""reversal_probability"": 43,
  ""exit_style"": ""PATIENT"",
  ""reasons_for_trade"": [
    ""MTF agreement is BEAR_ALIGNED with 15m ranging, 1h and 4h bearish"",
    ""Market structure bias is BEARISH_STRUCTURE with structure_score -6"",
    ""EMA stack is bearish (ema9 below ema21, ema21 below ema200)"",
    ""ADX at 50.09 indicates strong trending market favoring continuation"",
    ""Trend health state is BEAR with bear_score 11 vs bull_score 3"",
    ""Volume ratio elevated at 3.56 supporting bearish momentum"",
    ""Price is near micro resistance (59962) with only 0.06% distance, providing short entry location"",
    ""Funding rate positive (longs pay shorts) favors short positioning""
  ],
  ""reasons_against_trade"": [
    ""Price is near support (1.32% to support) which could cause bounce"",
    ""Higher low detected suggests some buying pressure at micro support 59436"",
    ""Reversal risk score at 43 indicates moderate reversal potential"",
    ""Edge score of 4.8 is above threshold but not extremely high""
  ],
  ""bull_score"": 2,
  ""bear_score"": 8
}
```

**Direction:** SHORT  
**Win probability:** 72%  
**Long score:** 18  
**Short score:** 82  
**Bull score:** 2  
**Bear score:** 8  
**Decision:** STRONG_APPROVE  
**Reason:** All trend hierarchy factors align for bearish continuation: BEAR_ALIGNED multi-timeframe, bearish structure, bearish EMA stack, ADX > 25 indicating strong trend. Price is near micro resistance (59962) providing a favorable short entry location. The elevated volume ratio and positive funding further support the short thesis. While near support introduces some bounce risk, the strong bearish trend and continuation signals outweigh this. Entry is set above current price (pullback to resistance zone) as required for SHORT limit orders.",59940.07,60094.0,MAKER,TAKER,0.025031,14.07,309.56,-3.85,-3.85,0.0,0.0,-0.0,0.0,-25.68,171.145569,STOP_LOSS,1.644583,3.559755,-4.3e-05,0.447891,False,True,"{'price': 59926.0, 'ret_1m': 5.006424911970362e-05, 'ret_5m': -0.00028360275595148727, 'ema9': 59821.04166112123, 'ema21': 60187.41892906205, 'ema200': 62614.95991970927, 'dist_to_support': 0.013249674598671695, 'dist_to_resistance': 0.056169275439708975, 'volume': 0.003694904, 'volume_ratio': 3.5597553377060955, 'delta': 1.644582727999996, 'velocity': -4.336318111354367e-05, 'imbalance': 0.44789105598669465, 'candle_range': 254.3, 'body_ratio': 0.40374971960503403, 'wick_ratio': 0.596250280394966}",4.8,"{'early_fail_enabled': True, 'invert_signal': False, 'ai_enabled': True, 'edge_threshold': 3.0, 'edge_threshold_max': None, 'edge_range_preset': 'min_only', 'ai_threshold': 44.0, 'leverage': 100, 'pullback_threshold': 0.001}","{'ema9': 59821.04166112123, 'ema21': 60187.41892906205, 'ema200': 62614.95991970927, 'ema_spread': -0.006087, 'ema9_slope_pct': 0.0868, 'ema21_slope_pct': -0.1728, 'ema9_above_ema21': False, 'ema21_above_ema200': False}",WEAK_SETUP,4.8,4.8,False,True,INV_False_EF_True,SHORT,12,8,SCENARIO_C_EARLY_12_v2_frozen,40.0,10.0,-12.0,2.0,8.0,300,1,2,-32.0,False,False,True,False,480,3,5.0,False,5,0.75,"[[12, 8], [15, 10], [25, 18], [40, 28], [60, 45], [80, 60], [100, 75], [150, 120]]","{""trail_ladder"": [[12, 8], [15, 10], [25, 18], [40, 28], [60, 45], [80, 60], [100, 75], [150, 120]], ""ladder_first_trigger_pct"": 12, ""ladder_first_lock_pct"": 8, ""exit_profile_id"": ""SCENARIO_C_EARLY_12_v2_frozen"", ""peak_never_loser_min_peak"": 40.0, ""peak_never_loser_floor"": 10.0, ""thesis_fast_exit_unreal_pct"": -12.0, ""thesis_mfe_protect_pct"": 2.0, ""thesis_exit_if_above_unreal_pct"": 8.0, ""thesis_min_age_sec"": 300, ""thesis_score_flip_margin"": 1, ""thesis_early_decay_delta"": 2, ""early_fail_pct_threshold"": -32.0, ""type_a_first_candle_enabled"": false, ""type_a_early_fail_enabled"": false, ""scenario_c_exit_profile"": true, ""type_a_stall_enabled"": false, ""type_a_stall_min_age_sec"": 480, ""type_a_stall_min_candles"": 3, ""type_a_stall_max_mfe_pct"": 5.0, ""trend_weakening_enabled"": false, ""spread_penalty_threshold"": 5, ""spread_penalty_margin_mult"": 0.75}",2026-06-24T20:01:31.382672+00:00,2026-06-25 06:01:31 AEST,2026-06-25 06:01:31 AEST
2026-06-24T20:01:31.427009+00:00,c65c-4d01f61f02c9,SHORT,59941.26,60094.0,2.846327,-25.48,15.0,6,-3.82,-3.82,0.0,0.0,-0.0,0.0,STOP_LOSS,100,0.85,72,44.0,True,SIM_LIMIT,AI_DIRECT_LIMIT,,,,,0,BEAR,SR,70+,SPAWN,-6,-6,BEARISH_STRUCTURE,BEAR_ALIGNED,50.09,-7,2,8,0.0004,bitfinex,tBTCF0:USTF0,v10.7-fresh-scope-relay-audit-2026-06-25,BITFINEX_ZERO,v10.7-fresh-scope-relay-audit-2026-06-25,COMBO_65_SP5_CHASE_3PLUS,AI65+ · Spread5+ · Chase 3+,APPROVE,59926.0,0.056169,0.01325,NEAR_SUPPORT,-0.005313,0.567206,254.3,2.846328,-30.319683,8.885365,309.375,309.375,309.375,5-15m,AI_DIRECT,AI_DIRECT_CHASE,5,,15.26,0.0,0.0,0.0,False,0.0,0.0,-3.5e-05,-4.3e-05,0.003695,3.559755,1.644583,0.0,0.447891,59926.0,59821.041661,60187.418929,62614.95992,-0.006087,NEAR_SUPPORT,SHORT_PREFERRED,0.056169,0.01325,BEAR,3.0,44.0,0.0,100,4.8,True,True,APPROVE,72,"```json
{
  ""direction"": ""SHORT"",
  ""confidence"": 72,
  ""long_score"": 18,
  ""short_score"": 82,
  ""preferred_direction"": ""SHORT"",
  ""entry_zone_low"": 60050,
  ""entry_zone_high"": 60200,
  ""limit_price"": 60125,
  ""expected_mfe"": 450,
  ""expected_mae"": 180,
  ""reversal_probability"": 43,
  ""exit_style"": ""PATIENT"",
  ""reasons_for_trade"": [
    ""MTF agreement is BEAR_ALIGNED with 15m ranging, 1h and 4h bearish"",
    ""Market structure bias is BEARISH_STRUCTURE with structure_score -6"",
    ""EMA stack is bearish (ema9 below ema21, ema21 below ema200)"",
    ""ADX at 50.09 indicates strong trending market favoring continuation"",
    ""Trend health state is BEAR with bear_score 11 vs bull_score 3"",
    ""Volume ratio elevated at 3.56 supporting bearish momentum"",
    ""Price is near micro resistance (59962) with only 0.06% distance, providing short entry location"",
    ""Funding rate positive (longs pay shorts) favors short positioning""
  ],
  ""reasons_against_trade"": [
    ""Price is near support (1.32% to support) which could cause bounce"",
    ""Higher low detected suggests some buying pressure at micro support 59436"",
    ""Reversal risk score at 43 indicates moderate reversal potential"",
    ""Edge score of 4.8 is above threshold but not extremely high""
  ],
  ""bull_score"": 2,
  ""bear_score"": 8
}
```

**Direction:** SHORT  
**Win probability:** 72%  
**Long score:** 18  
**Short score:** 82  
**Bull score:** 2  
**Bear score:** 8  
**Decision:** STRONG_APPROVE  
**Reason:** All trend hierarchy factors align for bearish continuation: BEAR_ALIGNED multi-timeframe, bearish structure, bearish EMA stack, ADX > 25 indicating strong trend. Price is near micro resistance (59962) providing a favorable short entry location. The elevated volume ratio and positive funding further support the short thesis. While near support introduces some bounce risk, the strong bearish trend and continuation signals outweigh this. Entry is set above current price (pullback to resistance zone) as required for SHORT limit orders.",59941.26,60094.0,MAKER,TAKER,0.025031,15.26,309.375,-3.82,-3.82,0.0,0.0,-0.0,0.0,-25.48,170.779731,STOP_LOSS,1.644583,3.559755,-4.3e-05,0.447891,False,True,"{'price': 59926.0, 'ret_1m': 5.006424911970362e-05, 'ret_5m': -0.00028360275595148727, 'ema9': 59821.04166112123, 'ema21': 60187.41892906205, 'ema200': 62614.95991970927, 'dist_to_support': 0.013249674598671695, 'dist_to_resistance': 0.056169275439708975, 'volume': 0.003694904, 'volume_ratio': 3.5597553377060955, 'delta': 1.644582727999996, 'velocity': -4.336318111354367e-05, 'imbalance': 0.44789105598669465, 'candle_range': 254.3, 'body_ratio': 0.40374971960503403, 'wick_ratio': 0.596250280394966}",4.8,"{'early_fail_enabled': True, 'invert_signal': False, 'ai_enabled': True, 'edge_threshold': 3.0, 'edge_threshold_max': None, 'edge_range_preset': 'min_only', 'ai_threshold': 44.0, 'leverage': 100, 'pullback_threshold': 0.001}","{'ema9': 59821.04166112123, 'ema21': 60187.41892906205, 'ema200': 62614.95991970927, 'ema_spread': -0.006087, 'ema9_slope_pct': 0.0868, 'ema21_slope_pct': -0.1728, 'ema9_above_ema21': False, 'ema21_above_ema200': False}",WEAK_SETUP,4.8,4.8,False,True,INV_False_EF_True,SHORT,12,8,SCENARIO_C_EARLY_12_v2_frozen,40.0,10.0,-12.0,2.0,8.0,300,1,2,-32.0,False,False,True,False,480,3,5.0,False,5,0.75,"[[12, 8], [15, 10], [25, 18], [40, 28], [60, 45], [80, 60], [100, 75], [150, 120]]","{""trail_ladder"": [[12, 8], [15, 10], [25, 18], [40, 28], [60, 45], [80, 60], [100, 75], [150, 120]], ""ladder_first_trigger_pct"": 12, ""ladder_first_lock_pct"": 8, ""exit_profile_id"": ""SCENARIO_C_EARLY_12_v2_frozen"", ""peak_never_loser_min_peak"": 40.0, ""peak_never_loser_floor"": 10.0, ""thesis_fast_exit_unreal_pct"": -12.0, ""thesis_mfe_protect_pct"": 2.0, ""thesis_exit_if_above_unreal_pct"": 8.0, ""thesis_min_age_sec"": 300, ""thesis_score_flip_margin"": 1, ""thesis_early_decay_delta"": 2, ""early_fail_pct_threshold"": -32.0, ""type_a_first_candle_enabled"": false, ""type_a_early_fail_enabled"": false, ""scenario_c_exit_profile"": true, ""type_a_stall_enabled"": false, ""type_a_stall_min_age_sec"": 480, ""type_a_stall_min_candles"": 3, ""type_a_stall_max_mfe_pct"": 5.0, ""trend_weakening_enabled"": false, ""spread_penalty_threshold"": 5, ""spread_penalty_margin_mult"": 0.75}",2026-06-24T20:01:31.427009+00:00,2026-06-25 06:01:31 AEST,2026-06-25 06:01:31 AEST
2026-06-24T20:05:45.091306+00:00,cont-bbbbde5b4489,SHORT,60354.62,60429.0,0.047733,-12.32,15.0,6,-1.85,-1.85,0.0,0.0,-0.0,0.0,THESIS_FAST_CUT,100,0.41,62,44.0,True,SIM_LIMIT,AI_DIRECT_LIMIT,,,,,0,BEAR,SR,60-70,SPAWN,-6,-6,BEARISH_STRUCTURE,BEAR_ALIGNED,46.89,-7,2,8,0.0004,bitfinex,tBTCF0:USTF0,v10.7-fresh-scope-relay-audit-2026-06-25,BITFINEX_ZERO,v10.7-fresh-scope-relay-audit-2026-06-25,CONTINUOUS,Continuous AI Research,APPROVE,60314.0,0.049375,0.019597,FREE_RANGE,-0.004583,1.0,227.1,0.047734,-12.323829,0.0,121.18,121.18,121.18,0-5m,AI_DIRECT,AI_DIRECT_CHASE,2,,40.62,0.0,0.0,0.0,False,0.0,0.0,-1e-06,0.000149,0.000332,0.053447,1.81019,0.0,0.279549,60314.0,59930.593329,60204.562663,62592.592495,-0.004551,FREE_RANGE,SHORT_PREFERRED,0.049375,0.019597,BEAR,3.0,44.0,0.0,100,4.7,True,True,APPROVE,62,"```json
{
  ""direction"": ""SHORT"",
  ""confidence"": 62,
  ""long_score"": 25,
  ""short_score"": 75,
  ""preferred_direction"": ""SHORT"",
  ""entry_zone_low"": 60350,
  ""entry_zone_high"": 60500,
  ""limit_price"": 60425,
  ""expected_mfe"": 0.008,
  ""expected_mae"": 0.005,
  ""reversal_probability"": 66,
  ""exit_style"": ""AGGRESSIVE"",
  ""reasons_for_trade"": [
    ""MTF agreement is BEAR_ALIGNED with 1h and 4h bearish, 15m ranging"",
    ""EMA stack is bearish (ema9 below ema21, both below ema200)"",
    ""ADX at 46.89 indicates strong trending market favoring continuation"",
    ""Trend health state is BEAR with bear_score 11 vs bull_score 3"",
    ""Market structure shows BEAR_CONTINUATION with LL sequence active"",
    ""Price is near micro resistance (59962) and below all EMAs"",
    ""Edge score 4.7 above threshold supports bearish bias""
  ],
  ""reasons_against_trade"": [
    ""Price is near support (1.96% to support vs 4.93% to resistance) - bounce risk"",
    ""Reversal risk score is 66, indicating potential for mean reversion"",
    ""Volume ratio is very low (0.053) suggesting lack of conviction"",
    ""Compression regime may precede expansion in either direction"",
    ""Higher low detected could signal weakening bear momentum""
  ],
  ""bull_score"": 2,
  ""bear_score"": 8
}
```

**Direction:** SHORT  
**Win probability:** 62  
**Long score:** 25  
**Short score:** 75  
**Bull score:** 2  
**Bear score:** 8  
**Decision:** APPROVE  
**Reason:** Strong bearish alignment across MTF, EMA stack, ADX, and trend health. Price is below all EMAs with bearish structure. While near support introduces bounce risk, the continuation case is dominant. Entry above current price (pullback to micro resistance zone) aligns with bearish continuation strategy.",60354.62,60429.0,MAKER,TAKER,0.02487,40.62,121.18,-1.85,-1.85,0.0,0.0,-0.0,0.0,-12.32,2.864074,THESIS_FAST_CUT,1.81019,0.053447,0.000149,0.279549,False,True,"{'price': 60314.0, 'ret_1m': 8.290636555074699e-05, 'ret_5m': 0.00019899837484660542, 'ema9': 59930.59332889698, 'ema21': 60204.562662783224, 'ema200': 62592.59249532026, 'dist_to_support': 0.01959744006366681, 'dist_to_resistance': 0.04937493782538051, 'volume': 0.00033200100000000006, 'volume_ratio': 0.053446681630490434, 'delta': 1.8101900089999874, 'velocity': 0.0001494384194701741, 'imbalance': 0.2795485100277416, 'candle_range': 227.1, 'body_ratio': 0.47946558862266625, 'wick_ratio': 0.5205344113773338}",4.7,"{'early_fail_enabled': True, 'invert_signal': False, 'ai_enabled': True, 'edge_threshold': 3.0, 'edge_threshold_max': None, 'edge_range_preset': 'min_only', 'ai_threshold': 44.0, 'leverage': 100, 'pullback_threshold': 0.001}","{'ema9': 59930.59332889698, 'ema21': 60204.562662783224, 'ema200': 62592.59249532026, 'ema_spread': -0.004551, 'ema9_slope_pct': 0.2372, 'ema21_slope_pct': -0.0804, 'ema9_above_ema21': False, 'ema21_above_ema200': False}",MOMENTUM_LONG,4.7,4.7,False,True,INV_False_EF_True,SHORT,12,8,SCENARIO_C_EARLY_12_v2_frozen,40.0,10.0,-12.0,2.0,8.0,300,1,2,-32.0,False,False,True,False,480,3,5.0,False,5,0.75,"[[12, 8], [15, 10], [25, 18], [40, 28], [60, 45], [80, 60], [100, 75], [150, 120]]","{""trail_ladder"": [[12, 8], [15, 10], [25, 18], [40, 28], [60, 45], [80, 60], [100, 75], [150, 120]], ""ladder_first_trigger_pct"": 12, ""ladder_first_lock_pct"": 8, ""exit_profile_id"": ""SCENARIO_C_EARLY_12_v2_frozen"", ""peak_never_loser_min_peak"": 40.0, ""peak_never_loser_floor"": 10.0, ""thesis_fast_exit_unreal_pct"": -12.0, ""thesis_mfe_protect_pct"": 2.0, ""thesis_exit_if_above_unreal_pct"": 8.0, ""thesis_min_age_sec"": 300, ""thesis_score_flip_margin"": 1, ""thesis_early_decay_delta"": 2, ""early_fail_pct_threshold"": -32.0, ""type_a_first_candle_enabled"": false, ""type_a_early_fail_enabled"": false, ""scenario_c_exit_profile"": true, ""type_a_stall_enabled"": false, ""type_a_stall_min_age_sec"": 480, ""type_a_stall_min_candles"": 3, ""type_a_stall_max_mfe_pct"": 5.0, ""trend_weakening_enabled"": false, ""spread_penalty_threshold"": 5, ""spread_penalty_margin_mult"": 0.75}",2026-06-24T20:05:45.091306+00:00,2026-06-25 06:05:45 AEST,2026-06-25 06:05:45 AEST
2026-06-24T20:09:05.116071+00:00,cont-189da0030326,SHORT,60752.5,60640.98,0.104003,18.36,15.0,5,2.75,2.75,0.0,0.0,-0.0,0.0,PROFIT_LOCK_LADDER,100,0.61,68,44.0,True,SIM_LIMIT,AI_DIRECT_LIMIT,,,,,0,BEAR,SR,60-70,SPAWN,-6,-6,BEARISH_STRUCTURE,BEAR_ALIGNED,46.71,-7,3,8,0.0004,bitfinex,tBTCF0:USTF0,v10.7-fresh-scope-relay-audit-2026-06-25,BITFINEX_ZERO,v10.7-fresh-scope-relay-audit-2026-06-25,CONTINUOUS,Continuous AI Research,APPROVE,60675.0,0.041895,0.026586,FREE_RANGE,-0.004103,1.0,227.1,0.104004,0.0,28.690177,127.309,127.309,127.309,0-5m,AI_DIRECT,AI_DIRECT_CHASE,3,,77.5,0.0,0.0243,0.0243,False,0.0,0.0,-1e-06,-0.00015,0.030366,1.672645,8.067998,0.0,0.500754,60675.0,60017.993329,60244.289936,62596.940754,-0.003756,FREE_RANGE,SHORT_PREFERRED,0.041895,0.026586,BEAR,3.0,44.0,0.0,100,4.7,True,True,APPROVE,68,"```json
{
  ""direction"": ""SHORT"",
  ""confidence"": 68,
  ""long_score"": 25,
  ""short_score"": 75,
  ""preferred_direction"": ""SHORT"",
  ""entry_zone_low"": 60800,
  ""entry_zone_high"": 61000,
  ""limit_price"": 60900,
  ""expected_mfe"": 350,
  ""expected_mae"": 150,
  ""reversal_probability"": 66,
  ""exit_style"": ""AGGRESSIVE"",
  ""reasons_for_trade"": [
    ""BEAR_ALIGNED multi-timeframe agreement (15m ranging, 1h/4h bearish)"",
    ""Bearish EMA stack (price below EMA200, EMA9 below EMA21, EMA21 below EMA200)"",
    ""ADX 46.71 indicates strong trending market favoring continuation"",
    ""Trend health state BEAR with bear_score 10 vs bull_score 4"",
    ""Market structure bias BEARISH_STRUCTURE with structure_score -6"",
    ""Price in FREE_RANGE but closer to support (2.67%) than resistance (4.18%) - short entry near support in strong downtrend historically risky but continuation bias dominates"",
    ""Funding rate positive (3.99e-06) favors shorts"",
    ""Regime is COMPRESSION after trending - potential for expansion downward""
  ],
  ""reasons_against_trade"": [
    ""Reversal risk score 66 indicates elevated bounce probability near support"",
    ""Higher low detected on micro structure suggests potential for short-term bounce"",
    ""Volume ratio very low (0.011) - lack of conviction in current move"",
    ""Price near micro support (59436) - short entry near support has reduced expectancy without strong continuation"",
    ""Entry stage LATE - may miss optimal entry""
  ],
  ""bull_score"": 3,
  ""bear_score"": 8
}
```

**Direction:** SHORT  
**Win probability:** 68%  
**Long score:** 25  
**Short score:** 75  
**Bull score:** 3  
**Bear score:** 8  
**Decision:** APPROVE  
**Reason:** Strong bearish alignment across all trend hierarchy layers (MTF, structure, EMA, ADX) outweighs the elevated reversal risk near support. The short entry is placed above current price (pullback to 60900) to avoid chasing, with aggressive exit given the late entry stage and compression regime. The low volume and proximity to support warrant caution, but the trend continuation bias is dominant.",60752.5,60640.98,MAKER,TAKER,0.024722,77.5,127.309,2.75,2.75,0.0,0.0,-0.0,0.0,18.36,6.240297,PROFIT_LOCK_LADDER,8.067998,1.672645,-0.00015,0.500754,False,True,"{'price': 60675.0, 'ret_1m': -0.00026363052182366414, 'ret_5m': -0.0007575632812371338, 'ema9': 60017.993328896984, 'ema21': 60244.2899355105, 'ema200': 62596.940754026735, 'dist_to_support': 0.026585675012757833, 'dist_to_resistance': 0.041895073007720544, 'volume': 0.0303658, 'volume_ratio': 1.6726450971426912, 'delta': 8.067998130000005, 'velocity': -0.0001498403668506291, 'imbalance': 0.5007535410202526, 'candle_range': 227.1, 'body_ratio': 0.47946558862266625, 'wick_ratio': 0.5205344113773338}",4.7,"{'early_fail_enabled': True, 'invert_signal': False, 'ai_enabled': True, 'edge_threshold': 3.0, 'edge_threshold_max': None, 'edge_range_preset': 'min_only', 'ai_threshold': 44.0, 'leverage': 100, 'pullback_threshold': 0.001}","{'ema9': 60017.993328896984, 'ema21': 60244.2899355105, 'ema200': 62596.940754026735, 'ema_spread': -0.003756, 'ema9_slope_pct': 0.3834, 'ema21_slope_pct': -0.0145, 'ema9_above_ema21': False, 'ema21_above_ema200': False}",WEAK_SETUP,4.7,4.7,False,True,INV_False_EF_True,SHORT,12,8,SCENARIO_C_EARLY_12_v2_frozen,40.0,10.0,-12.0,2.0,8.0,300,1,2,-32.0,False,False,True,False,480,3,5.0,False,5,0.75,"[[12, 8], [15, 10], [25, 18], [40, 28], [60, 45], [80, 60], [100, 75], [150, 120]]","{""trail_ladder"": [[12, 8], [15, 10], [25, 18], [40, 28], [60, 45], [80, 60], [100, 75], [150, 120]], ""ladder_first_trigger_pct"": 12, ""ladder_first_lock_pct"": 8, ""exit_profile_id"": ""SCENARIO_C_EARLY_12_v2_frozen"", ""peak_never_loser_min_peak"": 40.0, ""peak_never_loser_floor"": 10.0, ""thesis_fast_exit_unreal_pct"": -12.0, ""thesis_mfe_protect_pct"": 2.0, ""thesis_exit_if_above_unreal_pct"": 8.0, ""thesis_min_age_sec"": 300, ""thesis_score_flip_margin"": 1, ""thesis_early_decay_delta"": 2, ""early_fail_pct_threshold"": -32.0, ""type_a_first_candle_enabled"": false, ""type_a_early_fail_enabled"": false, ""scenario_c_exit_profile"": true, ""type_a_stall_enabled"": false, ""type_a_stall_min_age_sec"": 480, ""type_a_stall_min_candles"": 3, ""type_a_stall_max_mfe_pct"": 5.0, ""trend_weakening_enabled"": false, ""spread_penalty_threshold"": 5, ""spread_penalty_margin_mult"": 0.75}",2026-06-24T20:09:05.116071+00:00,2026-06-25 06:09:05 AEST,2026-06-25 06:09:05 AEST
2026-06-24T20:09:05.148342+00:00,c65c-4a2e05650b3f,SHORT,60754.61,60640.98,0.05012,18.7,15.0,5,2.81,2.81,0.0,0.0,-0.0,0.0,PROFIT_LOCK_LADDER,100,0.62,68,44.0,True,SIM_LIMIT,AI_DIRECT_LIMIT,,,,,0,BEAR,SR,60-70,SPAWN,-6,-6,BEARISH_STRUCTURE,BEAR_ALIGNED,46.71,-7,3,8,0.0004,bitfinex,tBTCF0:USTF0,v10.7-fresh-scope-relay-audit-2026-06-25,BITFINEX_ZERO,v10.7-fresh-scope-relay-audit-2026-06-25,COMBO_65_SP5_CHASE_3PLUS,AI65+ · Spread5+ · Chase 3+,APPROVE,60675.0,0.041895,0.026586,FREE_RANGE,-0.004103,1.0,227.1,0.050121,0.0,25.461442,128.596,128.596,128.596,0-5m,AI_DIRECT,AI_DIRECT_CHASE,3,,79.61,0.0,0.0243,0.0243,False,0.0,0.0,-1e-06,-0.00015,0.030366,1.672645,8.067998,0.0,0.500754,60675.0,60017.993329,60244.289936,62596.940754,-0.003756,FREE_RANGE,SHORT_PREFERRED,0.041895,0.026586,BEAR,3.0,44.0,0.0,100,4.7,True,True,APPROVE,68,"```json
{
  ""direction"": ""SHORT"",
  ""confidence"": 68,
  ""long_score"": 25,
  ""short_score"": 75,
  ""preferred_direction"": ""SHORT"",
  ""entry_zone_low"": 60800,
  ""entry_zone_high"": 61000,
  ""limit_price"": 60900,
  ""expected_mfe"": 350,
  ""expected_mae"": 150,
  ""reversal_probability"": 66,
  ""exit_style"": ""AGGRESSIVE"",
  ""reasons_for_trade"": [
    ""BEAR_ALIGNED multi-timeframe agreement (15m ranging, 1h/4h bearish)"",
    ""Bearish EMA stack (price below EMA200, EMA9 below EMA21, EMA21 below EMA200)"",
    ""ADX 46.71 indicates strong trending market favoring continuation"",
    ""Trend health state BEAR with bear_score 10 vs bull_score 4"",
    ""Market structure bias BEARISH_STRUCTURE with structure_score -6"",
    ""Price in FREE_RANGE but closer to support (2.67%) than resistance (4.18%) - short entry near support in strong downtrend historically risky but continuation bias dominates"",
    ""Funding rate positive (3.99e-06) favors shorts"",
    ""Regime is COMPRESSION after trending - potential for expansion downward""
  ],
  ""reasons_against_trade"": [
    ""Reversal risk score 66 indicates elevated bounce probability near support"",
    ""Higher low detected on micro structure suggests potential for short-term bounce"",
    ""Volume ratio very low (0.011) - lack of conviction in current move"",
    ""Price near micro support (59436) - short entry near support has reduced expectancy without strong continuation"",
    ""Entry stage LATE - may miss optimal entry""
  ],
  ""bull_score"": 3,
  ""bear_score"": 8
}
```

**Direction:** SHORT  
**Win probability:** 68%  
**Long score:** 25  
**Short score:** 75  
**Bull score:** 3  
**Bear score:** 8  
**Decision:** APPROVE  
**Reason:** Strong bearish alignment across all trend hierarchy layers (MTF, structure, EMA, ADX) outweighs the elevated reversal risk near support. The short entry is placed above current price (pullback to 60900) to avoid chasing, with aggressive exit given the late entry stage and compression regime. The low volume and proximity to support warrant caution, but the trend continuation bias is dominant.",60754.61,60640.98,MAKER,TAKER,0.024722,79.61,128.596,2.81,2.81,0.0,0.0,-0.0,0.0,18.7,3.007291,PROFIT_LOCK_LADDER,8.067998,1.672645,-0.00015,0.500754,False,True,"{'price': 60675.0, 'ret_1m': -0.00026363052182366414, 'ret_5m': -0.0007575632812371338, 'ema9': 60017.993328896984, 'ema21': 60244.2899355105, 'ema200': 62596.940754026735, 'dist_to_support': 0.026585675012757833, 'dist_to_resistance': 0.041895073007720544, 'volume': 0.0303658, 'volume_ratio': 1.6726450971426912, 'delta': 8.067998130000005, 'velocity': -0.0001498403668506291, 'imbalance': 0.5007535410202526, 'candle_range': 227.1, 'body_ratio': 0.47946558862266625, 'wick_ratio': 0.5205344113773338}",4.7,"{'early_fail_enabled': True, 'invert_signal': False, 'ai_enabled': True, 'edge_threshold': 3.0, 'edge_threshold_max': None, 'edge_range_preset': 'min_only', 'ai_threshold': 44.0, 'leverage': 100, 'pullback_threshold': 0.001}","{'ema9': 60017.993328896984, 'ema21': 60244.2899355105, 'ema200': 62596.940754026735, 'ema_spread': -0.003756, 'ema9_slope_pct': 0.3834, 'ema21_slope_pct': -0.0145, 'ema9_above_ema21': False, 'ema21_above_ema200': False}",WEAK_SETUP,4.7,4.7,False,True,INV_False_EF_True,SHORT,12,8,SCENARIO_C_EARLY_12_v2_frozen,40.0,10.0,-12.0,2.0,8.0,300,1,2,-32.0,False,False,True,False,480,3,5.0,False,5,0.75,"[[12, 8], [15, 10], [25, 18], [40, 28], [60, 45], [80, 60], [100, 75], [150, 120]]","{""trail_ladder"": [[12, 8], [15, 10], [25, 18], [40, 28], [60, 45], [80, 60], [100, 75], [150, 120]], ""ladder_first_trigger_pct"": 12, ""ladder_first_lock_pct"": 8, ""exit_profile_id"": ""SCENARIO_C_EARLY_12_v2_frozen"", ""peak_never_loser_min_peak"": 40.0, ""peak_never_loser_floor"": 10.0, ""thesis_fast_exit_unreal_pct"": -12.0, ""thesis_mfe_protect_pct"": 2.0, ""thesis_exit_if_above_unreal_pct"": 8.0, ""thesis_min_age_sec"": 300, ""thesis_score_flip_margin"": 1, ""thesis_early_decay_delta"": 2, ""early_fail_pct_threshold"": -32.0, ""type_a_first_candle_enabled"": false, ""type_a_early_fail_enabled"": false, ""scenario_c_exit_profile"": true, ""type_a_stall_enabled"": false, ""type_a_stall_min_age_sec"": 480, ""type_a_stall_min_candles"": 3, ""type_a_stall_max_mfe_pct"": 5.0, ""trend_weakening_enabled"": false, ""spread_penalty_threshold"": 5, ""spread_penalty_margin_mult"": 0.75}",2026-06-24T20:09:05.148342+00:00,2026-06-25 06:09:05 AEST,2026-06-25 06:09:05 AEST
2026-06-24T20:11:50.119857+00:00,c65c-c319256b557d,SHORT,60872.25,60832.0,0.526039,6.61,15.0,6,0.99,0.99,0.0,0.0,-0.0,0.0,PROFIT_LOCK_LADDER,100,0.22,72,44.0,True,SIM_LIMIT,AI_DIRECT_LIMIT,,,,,0,BEAR,SR,70+,SPAWN,-6,-6,BEARISH_STRUCTURE,BEAR_ALIGNED,46.82,-7,2,8,0.0004,bitfinex,tBTCF0:USTF0,v10.7-fresh-scope-relay-audit-2026-06-25,BITFINEX_ZERO,v10.7-fresh-scope-relay-audit-2026-06-25,COMBO_65_SP5_CHASE_3PLUS,AI65+ · Spread5+ · Chase 3+,APPROVE,60789.0,0.042118,0.026377,FREE_RANGE,-0.003553,1.0,227.1,0.52604,-1.273158,14.826132,56.816,56.816,56.816,0-5m,AI_DIRECT,AI_DIRECT_CHASE,1,,83.25,0.0,0.0,0.0,False,0.0,0.0,-7e-06,2.6e-05,0.01653,0.703119,7.633155,0.0,0.435841,60734.0,60010.393329,60240.83539,62596.562645,-0.003825,FREE_RANGE,SHORT_PREFERRED,0.042118,0.026377,BEAR,3.0,44.0,0.0,100,3.8,True,True,APPROVE,72,"```json
{
  ""direction"": ""SHORT"",
  ""confidence"": 72,
  ""long_score"": 18,
  ""short_score"": 82,
  ""preferred_direction"": ""SHORT"",
  ""entry_zone_low"": 60800,
  ""entry_zone_high"": 61000,
  ""limit_price"": 60900,
  ""expected_mfe"": 450,
  ""expected_mae"": 250,
  ""reversal_probability"": 48,
  ""exit_style"": ""AGGRESSIVE"",
  ""reasons_for_trade"": [
    ""MTF agreement is BEAR_ALIGNED (15m ranging, 1h/4h bearish) - strong bearish confluence"",
    ""Market structure bias is BEARISH_STRUCTURE with structure_score -6 and last swing labels showing LL/HL pattern"",
    ""EMA stack is bearish (ema9 below ema21, ema21 below ema200, stack_bear=true)"",
    ""ADX at 46.82 (>25) confirms strong trending market - favor continuation"",
    ""Trend health state is BEAR with bear_score 10 vs bull_score 4 - intact bearish momentum"",
    ""Regime is BEAR, trend_health_state BEAR, market_structure_shift BEAR_CONTINUATION"",
    ""Price is above micro resistance (59962) and recent swing high (63292) - potential liquidity grab before continuation lower"",
    ""Funding rate positive (longs pay shorts) - slight bearish bias from cost of holding longs"",
    ""Volume ratio 0.70 below average - low participation suggests continuation not exhaustion"",
    ""Edge_score 3.8 above threshold 3.0 - telemetry supports trade""
  ],
  ""reasons_against_trade"": [
    ""Price is near recent low (59132) and micro support (59436) - risk of bounce from support zone"",
    ""Reversal probability at 48% - moderate risk of mean reversion"",
    ""Higher low detected (HL in swing labels) - potential for structure shift if price holds above 59436"",
    ""Distance to support is only 2.65% vs resistance 4.21% - closer to support increases bounce risk"",
    ""Delta positive (7.63) and imbalance 0.44 - slight buying pressure in recent candle"",
    ""Entry stage is LATE - may miss optimal entry if trend is mature""
  ],
  ""bull_score"": 2,
  ""bear_score"": 8
}
```

Direction: SHORT
Win probability: 72%
Long score: 18
Short score: 82
Bull score: 2
Bear score: 8
Decision: APPROVE
Reason: Strong bearish alignment across all trend hierarchy layers (MTF, structure, EMA, ADX, trend health) with no valid reversal confirmation. Short entry above current price (pullback to 60900) targets continuation below micro support. Reversal risk is moderate (48%) but insufficient to override dominant bearish trend.",60872.25,60832.0,MAKER,TAKER,0.024676,83.25,56.816,0.99,0.99,0.0,0.0,-0.0,0.0,6.61,31.562444,PROFIT_LOCK_LADDER,7.633155,0.703119,2.6e-05,0.435841,False,True,"{'price': 60734.0, 'ret_1m': 0.0, 'ret_5m': 0.002889743886127578, 'ema9': 60010.393328896986, 'ema21': 60240.83539005595, 'ema200': 62596.562644574, 'dist_to_support': 0.026377317482793823, 'dist_to_resistance': 0.042118088714723216, 'volume': 0.016530439, 'volume_ratio': 0.7031190722618788, 'delta': 7.633154700000017, 'velocity': 2.636391137167555e-05, 'imbalance': 0.4358407682578055, 'candle_range': 227.1, 'body_ratio': 0.47946558862266625, 'wick_ratio': 0.5205344113773338}",3.8,"{'early_fail_enabled': True, 'invert_signal': False, 'ai_enabled': True, 'edge_threshold': 3.0, 'edge_threshold_max': None, 'edge_range_preset': 'min_only', 'ai_threshold': 44.0, 'leverage': 100, 'pullback_threshold': 0.001}","{'ema9': 60010.393328896986, 'ema21': 60240.83539005595, 'ema200': 62596.562644574, 'ema_spread': -0.003825, 'ema9_slope_pct': 0.3707, 'ema21_slope_pct': -0.0202, 'ema9_above_ema21': False, 'ema21_above_ema200': False}",MOMENTUM_LONG,3.8,3.8,False,True,INV_False_EF_True,SHORT,12,8,SCENARIO_C_EARLY_12_v2_frozen,40.0,10.0,-12.0,2.0,8.0,300,1,2,-32.0,False,False,True,False,480,3,5.0,False,5,0.75,"[[12, 8], [15, 10], [25, 18], [40, 28], [60, 45], [80, 60], [100, 75], [150, 120]]","{""trail_ladder"": [[12, 8], [15, 10], [25, 18], [40, 28], [60, 45], [80, 60], [100, 75], [150, 120]], ""ladder_first_trigger_pct"": 12, ""ladder_first_lock_pct"": 8, ""exit_profile_id"": ""SCENARIO_C_EARLY_12_v2_frozen"", ""peak_never_loser_min_peak"": 40.0, ""peak_never_loser_floor"": 10.0, ""thesis_fast_exit_unreal_pct"": -12.0, ""thesis_mfe_protect_pct"": 2.0, ""thesis_exit_if_above_unreal_pct"": 8.0, ""thesis_min_age_sec"": 300, ""thesis_score_flip_margin"": 1, ""thesis_early_decay_delta"": 2, ""early_fail_pct_threshold"": -32.0, ""type_a_first_candle_enabled"": false, ""type_a_early_fail_enabled"": false, ""scenario_c_exit_profile"": true, ""type_a_stall_enabled"": false, ""type_a_stall_min_age_sec"": 480, ""type_a_stall_min_candles"": 3, ""type_a_stall_max_mfe_pct"": 5.0, ""trend_weakening_enabled"": false, ""spread_penalty_threshold"": 5, ""spread_penalty_margin_mult"": 0.75}",2026-06-24T20:11:50.119857+00:00,2026-06-25 06:11:50 AEST,2026-06-25 06:11:50 AEST
2026-06-24T20:12:40.379595+00:00,cont-93876a58f424,SHORT,60854.75,60797.0,1.924579,9.49,15.0,6,1.42,1.42,0.0,0.0,-0.0,0.0,PROFIT_LOCK_LADDER,100,0.32,72,44.0,True,SIM_LIMIT,AI_DIRECT_LIMIT,,,,,0,BEAR,SR,70+,SPAWN,-6,-6,BEARISH_STRUCTURE,BEAR_ALIGNED,46.82,-7,2,8,0.0004,bitfinex,tBTCF0:USTF0,v10.7-fresh-scope-relay-audit-2026-06-25,BITFINEX_ZERO,v10.7-fresh-scope-relay-audit-2026-06-25,CONTINUOUS,Continuous AI Research,APPROVE,60734.0,0.042118,0.026377,FREE_RANGE,-0.003685,1.0,227.1,1.92458,-4.149224,19.020701,24.564,24.564,24.564,0-5m,AI_DIRECT,AI_DIRECT_CHASE,1,,120.75,0.0,0.0,0.0,False,0.0,0.0,-2.4e-05,2.6e-05,0.01653,0.703119,7.633155,0.0,0.435841,60734.0,60010.393329,60240.83539,62596.562645,-0.003825,FREE_RANGE,SHORT_PREFERRED,0.042118,0.026377,BEAR,3.0,44.0,0.0,100,3.8,True,True,APPROVE,72,"```json
{
  ""direction"": ""SHORT"",
  ""confidence"": 72,
  ""long_score"": 18,
  ""short_score"": 82,
  ""preferred_direction"": ""SHORT"",
  ""entry_zone_low"": 60800,
  ""entry_zone_high"": 61000,
  ""limit_price"": 60900,
  ""expected_mfe"": 450,
  ""expected_mae"": 250,
  ""reversal_probability"": 48,
  ""exit_style"": ""AGGRESSIVE"",
  ""reasons_for_trade"": [
    ""MTF agreement is BEAR_ALIGNED (15m ranging, 1h/4h bearish) - strong bearish confluence"",
    ""Market structure bias is BEARISH_STRUCTURE with structure_score -6 and last swing labels showing LL/HL pattern"",
    ""EMA stack is bearish (ema9 below ema21, ema21 below ema200, stack_bear=true)"",
    ""ADX at 46.82 (>25) confirms strong trending market - favor continuation"",
    ""Trend health state is BEAR with bear_score 10 vs bull_score 4 - intact bearish momentum"",
    ""Regime is BEAR, trend_health_state BEAR, market_structure_shift BEAR_CONTINUATION"",
    ""Price is above micro resistance (59962) and recent swing high (63292) - potential liquidity grab before continuation lower"",
    ""Funding rate positive (longs pay shorts) - slight bearish bias from cost of holding longs"",
    ""Volume ratio 0.70 below average - low participation suggests continuation not exhaustion"",
    ""Edge_score 3.8 above threshold 3.0 - telemetry supports trade""
  ],
  ""reasons_against_trade"": [
    ""Price is near recent low (59132) and micro support (59436) - risk of bounce from support zone"",
    ""Reversal probability at 48% - moderate risk of mean reversion"",
    ""Higher low detected (HL in swing labels) - potential for structure shift if price holds above 59436"",
    ""Distance to support is only 2.65% vs resistance 4.21% - closer to support increases bounce risk"",
    ""Delta positive (7.63) and imbalance 0.44 - slight buying pressure in recent candle"",
    ""Entry stage is LATE - may miss optimal entry if trend is mature""
  ],
  ""bull_score"": 2,
  ""bear_score"": 8
}
```

Direction: SHORT
Win probability: 72%
Long score: 18
Short score: 82
Bull score: 2
Bear score: 8
Decision: APPROVE
Reason: Strong bearish alignment across all trend hierarchy layers (MTF, structure, EMA, ADX, trend health) with no valid reversal confirmation. Short entry above current price (pullback to 60900) targets continuation below micro support. Reversal risk is moderate (48%) but insufficient to override dominant bearish trend.",60854.75,60797.0,MAKER,TAKER,0.024698,120.75,24.564,1.42,1.42,0.0,0.0,-0.0,0.0,9.49,115.474835,PROFIT_LOCK_LADDER,7.633155,0.703119,2.6e-05,0.435841,False,True,"{'price': 60734.0, 'ret_1m': 0.0, 'ret_5m': 0.002889743886127578, 'ema9': 60010.393328896986, 'ema21': 60240.83539005595, 'ema200': 62596.562644574, 'dist_to_support': 0.026377317482793823, 'dist_to_resistance': 0.042118088714723216, 'volume': 0.016530439, 'volume_ratio': 0.7031190722618788, 'delta': 7.633154700000017, 'velocity': 2.636391137167555e-05, 'imbalance': 0.4358407682578055, 'candle_range': 227.1, 'body_ratio': 0.47946558862266625, 'wick_ratio': 0.5205344113773338}",3.8,"{'early_fail_enabled': True, 'invert_signal': False, 'ai_enabled': True, 'edge_threshold': 3.0, 'edge_threshold_max': None, 'edge_range_preset': 'min_only', 'ai_threshold': 44.0, 'leverage': 100, 'pullback_threshold': 0.001}","{'ema9': 60010.393328896986, 'ema21': 60240.83539005595, 'ema200': 62596.562644574, 'ema_spread': -0.003825, 'ema9_slope_pct': 0.3707, 'ema21_slope_pct': -0.0202, 'ema9_above_ema21': False, 'ema21_above_ema200': False}",MOMENTUM_LONG,3.8,3.8,False,True,INV_False_EF_True,SHORT,12,8,SCENARIO_C_EARLY_12_v2_frozen,40.0,10.0,-12.0,2.0,8.0,300,1,2,-32.0,False,False,True,False,480,3,5.0,False,5,0.75,"[[12, 8], [15, 10], [25, 18], [40, 28], [60, 45], [80, 60], [100, 75], [150, 120]]","{""trail_ladder"": [[12, 8], [15, 10], [25, 18], [40, 28], [60, 45], [80, 60], [100, 75], [150, 120]], ""ladder_first_trigger_pct"": 12, ""ladder_first_lock_pct"": 8, ""exit_profile_id"": ""SCENARIO_C_EARLY_12_v2_frozen"", ""peak_never_loser_min_peak"": 40.0, ""peak_never_loser_floor"": 10.0, ""thesis_fast_exit_unreal_pct"": -12.0, ""thesis_mfe_protect_pct"": 2.0, ""thesis_exit_if_above_unreal_pct"": 8.0, ""thesis_min_age_sec"": 300, ""thesis_score_flip_margin"": 1, ""thesis_early_decay_delta"": 2, ""early_fail_pct_threshold"": -32.0, ""type_a_first_candle_enabled"": false, ""type_a_early_fail_enabled"": false, ""scenario_c_exit_profile"": true, ""type_a_stall_enabled"": false, ""type_a_stall_min_age_sec"": 480, ""type_a_stall_min_candles"": 3, ""type_a_stall_max_mfe_pct"": 5.0, ""trend_weakening_enabled"": false, ""spread_penalty_threshold"": 5, ""spread_penalty_margin_mult"": 0.75}",2026-06-24T20:12:40.379595+00:00,2026-06-25 06:12:40 AEST,2026-06-25 06:12:40 AEST
2026-06-24T20:17:08.487480+00:00,cont-4e90828f2adf,SHORT,60760.86,60694.68,0.231523,10.89,15.0,5,1.63,1.63,0.0,0.0,-0.0,0.0,PROFIT_LOCK_LADDER,100,0.36,62,44.0,True,SIM_LIMIT,AI_DIRECT_LIMIT,,,,,0,BEAR,SR,60-70,SPAWN,-6,-6,BEARISH_STRUCTURE,MIXED,46.95,-5,3,8,0.0004,bitfinex,tBTCF0:USTF0,v10.7-fresh-scope-relay-audit-2026-06-25,BITFINEX_ZERO,v10.7-fresh-scope-relay-audit-2026-06-25,CONTINUOUS,Continuous AI Research,APPROVE,60776.0,0.042564,0.02596,FREE_RANGE,-0.002314,1.0,227.1,0.231524,0.0,22.195209,182.282,182.282,182.282,0-5m,AI_DIRECT,AI_DIRECT_CHASE,4,,15.14,0.0,0.1894,0.1894,False,0.0,0.0,-3e-06,-3.5e-05,0.009176,0.514682,8.222105,0.0,0.451728,60751.0,60016.793329,60243.744481,62596.881053,-0.003767,FREE_RANGE,SHORT_PREFERRED,0.042564,0.02596,BEAR,3.0,44.0,0.0,100,4.3,True,True,APPROVE,62,"```json
{
  ""direction"": ""SHORT"",
  ""confidence"": 62,
  ""long_score"": 28,
  ""short_score"": 72,
  ""preferred_direction"": ""SHORT"",
  ""entry_zone_low"": 60850,
  ""entry_zone_high"": 61000,
  ""limit_price"": 60925,
  ""expected_mfe"": 180,
  ""expected_mae"": 120,
  ""reversal_probability"": 46,
  ""exit_style"": ""AGGRESSIVE"",
  ""reasons_for_trade"": [
    ""BEAR regime with strong trend health (bear_score 8 vs bull_score 4)"",
    ""ADX 46.95 indicates strong trending conditions favoring continuation"",
    ""EMA stack bearish (price below EMA200, EMA9 below EMA21, EMA21 below EMA200)"",
    ""Market structure bearish with LL/HL sequence and structure_score -6"",
    ""Multi-timeframe agreement shows 4h BEARISH, 1h/15m RANGING - no bullish alignment"",
    ""Funding positive (longs pay shorts) favoring short positioning"",
    ""Edge score 4.3 above threshold 3.0 supporting directional bias"",
    ""Liquidity sweep high occurred, suggesting potential rejection from resistance zone""
  ],
  ""reasons_against_trade"": [
    ""Price near micro support (59436) with only 2.6% distance - bounce risk elevated"",
    ""Reversal risk score 46 indicates moderate reversal probability"",
    ""Volume ratio very low (0.036) suggesting lack of conviction in current move"",
    ""Entry stage marked LATE - potential for trend exhaustion"",
    ""Compression regime detected - could precede volatile expansion in either direction"",
    ""Higher low detected on micro structure - minor bullish signal""
  ],
  ""bull_score"": 3,
  ""bear_score"": 8
}
```",60760.86,60694.68,MAKER,TAKER,0.024681,15.14,182.282,1.63,1.63,0.0,0.0,-0.0,0.0,10.89,13.891487,PROFIT_LOCK_LADDER,8.222105,0.514682,-3.5e-05,0.451728,False,True,"{'price': 60751.0, 'ret_1m': 0.0, 'ret_5m': -0.0006744308461639689, 'ema9': 60016.79332889699, 'ema21': 60243.74448096504, 'ema200': 62596.8810525342, 'dist_to_support': 0.025960334717005994, 'dist_to_resistance': 0.04256440666798445, 'volume': 0.009176220000000002, 'volume_ratio': 0.5146820253272967, 'delta': 8.222104710000025, 'velocity': -3.451213552643413e-05, 'imbalance': 0.45172790153687703, 'candle_range': 227.1, 'body_ratio': 0.47946558862266625, 'wick_ratio': 0.5205344113773338}",4.3,"{'early_fail_enabled': True, 'invert_signal': False, 'ai_enabled': True, 'edge_threshold': 3.0, 'edge_threshold_max': None, 'edge_range_preset': 'min_only', 'ai_threshold': 44.0, 'leverage': 100, 'pullback_threshold': 0.001}","{'ema9': 60016.79332889699, 'ema21': 60243.74448096504, 'ema200': 62596.8810525342, 'ema_spread': -0.003767, 'ema9_slope_pct': 0.3814, 'ema21_slope_pct': -0.0154, 'ema9_above_ema21': False, 'ema21_above_ema200': False}",WEAK_SETUP,4.3,4.3,False,True,INV_False_EF_True,SHORT,12,8,SCENARIO_C_EARLY_12_v2_frozen,40.0,10.0,-12.0,2.0,8.0,300,1,2,-32.0,False,False,True,False,480,3,5.0,False,5,0.75,"[[12, 8], [15, 10], [25, 18], [40, 28], [60, 45], [80, 60], [100, 75], [150, 120]]","{""trail_ladder"": [[12, 8], [15, 10], [25, 18], [40, 28], [60, 45], [80, 60], [100, 75], [150, 120]], ""ladder_first_trigger_pct"": 12, ""ladder_first_lock_pct"": 8, ""exit_profile_id"": ""SCENARIO_C_EARLY_12_v2_frozen"", ""peak_never_loser_min_peak"": 40.0, ""peak_never_loser_floor"": 10.0, ""thesis_fast_exit_unreal_pct"": -12.0, ""thesis_mfe_protect_pct"": 2.0, ""thesis_exit_if_above_unreal_pct"": 8.0, ""thesis_min_age_sec"": 300, ""thesis_score_flip_margin"": 1, ""thesis_early_decay_delta"": 2, ""early_fail_pct_threshold"": -32.0, ""type_a_first_candle_enabled"": false, ""type_a_early_fail_enabled"": false, ""scenario_c_exit_profile"": true, ""type_a_stall_enabled"": false, ""type_a_stall_min_age_sec"": 480, ""type_a_stall_min_candles"": 3, ""type_a_stall_max_mfe_pct"": 5.0, ""trend_weakening_enabled"": false, ""spread_penalty_threshold"": 5, ""spread_penalty_margin_mult"": 0.75}",2026-06-24T20:17:08.487480+00:00,2026-06-25 06:17:08 AEST,2026-06-25 06:17:08 AEST
2026-06-24T20:23:09.569407+00:00,cont-2241d0e8b600,SHORT,60827.38,60767.0,1.391148,9.93,15.0,5,1.49,1.49,0.0,0.0,-0.0,0.0,PROFIT_LOCK_LADDER,100,0.33,62,44.0,True,SIM_LIMIT,AI_DIRECT_LIMIT,,,,,0,BEAR,SR,60-70,SPAWN,-6,-6,BEARISH_STRUCTURE,MIXED,44.4,-5,3,8,0.0004,bitfinex,tBTCF0:USTF0,v10.7-fresh-scope-relay-audit-2026-06-25,BITFINEX_ZERO,v10.7-fresh-scope-relay-audit-2026-06-25,CONTINUOUS,Continuous AI Research,APPROVE,60701.0,0.04229,0.026217,FREE_RANGE,-0.002042,1.0,201.2,1.391149,-8.58495,15.18724,84.4,84.4,84.4,0-5m,AI_DIRECT,AI_DIRECT_CHASE,2,,126.38,0.0,0.0,0.0,False,0.0,0.0,-1.7e-05,-3.8e-05,0.005408,0.15966,9.584986,0.0,0.458373,60701.0,60163.794663,60289.643743,62578.406454,-0.002087,FREE_RANGE,SHORT_PREFERRED,0.04229,0.026217,BEAR,3.0,44.0,0.0,100,4.3,True,True,APPROVE,62,"```json
{
  ""direction"": ""SHORT"",
  ""confidence"": 62,
  ""long_score"": 25,
  ""short_score"": 75,
  ""preferred_direction"": ""SHORT"",
  ""entry_zone_low"": 60800,
  ""entry_zone_high"": 61000,
  ""limit_price"": 60900,
  ""expected_mfe"": 400,
  ""expected_mae"": 250,
  ""reversal_probability"": 46,
  ""exit_style"": ""AGGRESSIVE"",
  ""reasons_for_trade"": [
    ""MTF agreement is BEARISH on 4h with mixed lower timeframes, but structure bias is BEARISH_STRUCTURE and EMA stack is bearish (bear stack confirmed)"",
    ""ADX at 44.4 indicates strong trending conditions, favoring continuation of the bear trend"",
    ""Trend health state is BEAR with bear_score 8 vs bull_score 4, indicating intact bearish momentum"",
    ""Market structure shift is BEAR_CONTINUATION with last swing high at 59962 and last swing low at 59436, price currently above micro resistance but within bearish context"",
    ""Velocity is negative (-6.09e-05) and volume ratio is very low (0.0064), suggesting lack of buying pressure on this bounce"",
    ""Price is near micro resistance (59962) and recent high (63292) is far above, providing a short entry zone on a retrace to resistance"",
    ""Funding rate is positive (3.99e-06) meaning longs pay shorts, which is favorable for short positions"",
    ""Edge score of 4.3 exceeds threshold of 3.0, indicating telemetry supports trade execution""
  ],
  ""reasons_against_trade"": [
    ""Price is currently near micro support (59436) and has bounced from recent low (59132), increasing risk of a short squeeze"",
    ""Reversal risk score is 46, indicating moderate probability of a reversal, though not confirmed"",
    ""Higher low detected suggests some buying interest, which could challenge bearish continuation"",
    ""Volume ratio is extremely low, which may indicate lack of conviction in the current move"",
    ""Entry stage is LATE, meaning the bear move may be mature and closer to exhaustion""
  ],
  ""bull_score"": 3,
  ""bear_score"": 8
}
```",60827.38,60767.0,MAKER,TAKER,0.024711,126.38,84.4,1.49,1.49,0.0,0.0,-0.0,0.0,9.93,83.469017,PROFIT_LOCK_LADDER,9.584986,0.15966,-3.8e-05,0.458373,False,True,"{'price': 60701.0, 'ret_1m': 0.0, 'ret_5m': -0.0008723705435033085, 'ema9': 60163.79466311759, 'ema21': 60289.64374302296, 'ema200': 62578.40645351954, 'dist_to_support': 0.026216981753507673, 'dist_to_resistance': 0.042289704235557606, 'volume': 0.00540813, 'volume_ratio': 0.15965980965038176, 'delta': 9.584985824999972, 'velocity': -3.7878679961633e-05, 'imbalance': 0.45837297032703955, 'candle_range': 201.2, 'body_ratio': 0.5118185297991368, 'wick_ratio': 0.4881814702008632}",4.3,"{'early_fail_enabled': True, 'invert_signal': False, 'ai_enabled': True, 'edge_threshold': 3.0, 'edge_threshold_max': None, 'edge_range_preset': 'min_only', 'ai_threshold': 44.0, 'leverage': 100, 'pullback_threshold': 0.001}","{'ema9': 60163.79466311759, 'ema21': 60289.64374302296, 'ema200': 62578.40645351954, 'ema_spread': -0.002087, 'ema9_slope_pct': 0.6171, 'ema21_slope_pct': 0.1264, 'ema9_above_ema21': False, 'ema21_above_ema200': False}",WEAK_SETUP,4.3,4.3,False,True,INV_False_EF_True,SHORT,12,8,SCENARIO_C_EARLY_12_v2_frozen,40.0,10.0,-12.0,2.0,8.0,300,1,2,-32.0,False,False,True,False,480,3,5.0,False,5,0.75,"[[12, 8], [15, 10], [25, 18], [40, 28], [60, 45], [80, 60], [100, 75], [150, 120]]","{""trail_ladder"": [[12, 8], [15, 10], [25, 18], [40, 28], [60, 45], [80, 60], [100, 75], [150, 120]], ""ladder_first_trigger_pct"": 12, ""ladder_first_lock_pct"": 8, ""exit_profile_id"": ""SCENARIO_C_EARLY_12_v2_frozen"", ""peak_never_loser_min_peak"": 40.0, ""peak_never_loser_floor"": 10.0, ""thesis_fast_exit_unreal_pct"": -12.0, ""thesis_mfe_protect_pct"": 2.0, ""thesis_exit_if_above_unreal_pct"": 8.0, ""thesis_min_age_sec"": 300, ""thesis_score_flip_margin"": 1, ""thesis_early_decay_delta"": 2, ""early_fail_pct_threshold"": -32.0, ""type_a_first_candle_enabled"": false, ""type_a_early_fail_enabled"": false, ""scenario_c_exit_profile"": true, ""type_a_stall_enabled"": false, ""type_a_stall_min_age_sec"": 480, ""type_a_stall_min_candles"": 3, ""type_a_stall_max_mfe_pct"": 5.0, ""trend_weakening_enabled"": false, ""spread_penalty_threshold"": 5, ""spread_penalty_margin_mult"": 0.75}",2026-06-24T20:23:09.569407+00:00,2026-06-25 06:23:09 AEST,2026-06-25 06:23:09 AEST
2026-06-24T20:31:51.868475+00:00,cont-062c6eb6f028,SHORT,60744.0,60879.0,6.015137,-22.22,15.0,5,-3.33,-3.33,0.0,0.0,-0.0,-0.0,STOP_LOSS,100,0.74,62,44.0,True,SIM_LIMIT,AI_DIRECT_LIMIT,,,,,0,BEAR,SR,60-70,SPAWN,-6,-6,BEARISH_STRUCTURE,MIXED,44.4,-5,3,8,0.0004,bitfinex,tBTCF0:USTF0,v10.7-fresh-scope-relay-audit-2026-06-25,BITFINEX_ZERO,v10.7-fresh-scope-relay-audit-2026-06-25,CONTINUOUS,Continuous AI Research,APPROVE,60680.0,0.042479,0.026041,FREE_RANGE,-0.000696,1.0,201.2,6.015138,-30.620308,7.078888,128.605,128.605,128.605,0-5m,AI_DIRECT,AI_DIRECT_CHASE,3,,64.0,0.0,0.0,0.0,False,0.0,0.0,-7.5e-05,-5.4e-05,0.029221,2.642407,9.862191,0.0,0.418889,60680.0,60168.794663,60291.91647,62578.65521,-0.002042,FREE_RANGE,SHORT_PREFERRED,0.042479,0.026041,BEAR,3.0,44.0,0.0,100,4.3,True,True,APPROVE,62,"```json
{
  ""direction"": ""SHORT"",
  ""confidence"": 62,
  ""long_score"": 28,
  ""short_score"": 72,
  ""preferred_direction"": ""SHORT"",
  ""entry_zone_low"": 60750,
  ""entry_zone_high"": 60900,
  ""limit_price"": 60825,
  ""expected_mfe"": 180,
  ""expected_mae"": 120,
  ""reversal_probability"": 46,
  ""exit_style"": ""AGGRESSIVE"",
  ""reasons_for_trade"": [
    ""BEAR regime with strong trend health (bear_score 8 vs bull_score 4)"",
    ""ADX 44.4 confirms trending market, favoring continuation"",
    ""EMA stack bearish (price below all EMAs, bear stack confirmed)"",
    ""Market structure bearish (LL sequence, structure_score -6)"",
    ""Multi-timeframe agreement shows 4h BEARISH, no bullish TF"",
    ""Funding positive (3.99e-6) favors shorts, longs paying"",
    ""Price near micro resistance (59962) after liquidity sweep high"",
    ""Compression regime following expansion suggests continuation""
  ],
  ""reasons_against_trade"": [
    ""Price near support zone (2.6% to support, 4.2% to resistance)"",
    ""Higher low detected (HL) could indicate weakening momentum"",
    ""Reversal risk score 46 suggests moderate bounce potential"",
    ""Volume ratio very low (0.068) may indicate lack of conviction"",
    ""Entry stage marked LATE, risk of exhaustion move""
  ],
  ""bull_score"": 3,
  ""bear_score"": 8
}
```",60744.0,60879.0,MAKER,TAKER,0.02472,64.0,128.605,-3.33,-3.33,0.0,0.0,-0.0,-0.0,-22.22,360.908303,STOP_LOSS,9.862191,2.642407,-5.4e-05,0.418889,False,True,"{'price': 60680.0, 'ret_1m': 0.0, 'ret_5m': -0.0007410456978180322, 'ema9': 60168.79466311759, 'ema21': 60291.91647029569, 'ema200': 62578.65520973845, 'dist_to_support': 0.02604055144697182, 'dist_to_resistance': 0.04247854660451633, 'volume': 0.029220950000000002, 'volume_ratio': 2.642407043709799, 'delta': 9.862190646999949, 'velocity': -5.436082055769818e-05, 'imbalance': 0.41888879416085256, 'candle_range': 201.2, 'body_ratio': 0.5118185297991368, 'wick_ratio': 0.4881814702008632}",4.3,"{'early_fail_enabled': True, 'invert_signal': False, 'ai_enabled': True, 'edge_threshold': 3.0, 'edge_threshold_max': None, 'edge_range_preset': 'min_only', 'ai_threshold': 44.0, 'leverage': 100, 'pullback_threshold': 0.001}","{'ema9': 60168.79466311759, 'ema21': 60291.91647029569, 'ema200': 62578.65520973845, 'ema_spread': -0.002042, 'ema9_slope_pct': 0.6255, 'ema21_slope_pct': 0.1301, 'ema9_above_ema21': False, 'ema21_above_ema200': False}",WEAK_SETUP,4.3,4.3,False,True,INV_False_EF_True,SHORT,12,8,SCENARIO_C_EARLY_12_v2_frozen,40.0,10.0,-12.0,2.0,8.0,300,1,2,-32.0,False,False,True,False,480,3,5.0,False,5,0.75,"[[12, 8], [15, 10], [25, 18], [40, 28], [60, 45], [80, 60], [100, 75], [150, 120]]","{""trail_ladder"": [[12, 8], [15, 10], [25, 18], [40, 28], [60, 45], [80, 60], [100, 75], [150, 120]], ""ladder_first_trigger_pct"": 12, ""ladder_first_lock_pct"": 8, ""exit_profile_id"": ""SCENARIO_C_EARLY_12_v2_frozen"", ""peak_never_loser_min_peak"": 40.0, ""peak_never_loser_floor"": 10.0, ""thesis_fast_exit_unreal_pct"": -12.0, ""thesis_mfe_protect_pct"": 2.0, ""thesis_exit_if_above_unreal_pct"": 8.0, ""thesis_min_age_sec"": 300, ""thesis_score_flip_margin"": 1, ""thesis_early_decay_delta"": 2, ""early_fail_pct_threshold"": -32.0, ""type_a_first_candle_enabled"": false, ""type_a_early_fail_enabled"": false, ""scenario_c_exit_profile"": true, ""type_a_stall_enabled"": false, ""type_a_stall_min_age_sec"": 480, ""type_a_stall_min_candles"": 3, ""type_a_stall_max_mfe_pct"": 5.0, ""trend_weakening_enabled"": false, ""spread_penalty_threshold"": 5, ""spread_penalty_margin_mult"": 0.75}",2026-06-24T20:31:51.868475+00:00,2026-06-25 06:31:51 AEST,2026-06-25 06:31:51 AEST
2026-06-24T20:32:27.806809+00:00,c65c-c158d87a3d1a,SHORT,60869.5,60912.0,0.603225,-6.98,15.0,6,-1.05,-1.05,0.0,0.0,-0.0,0.0,THESIS_FAST_CUT,100,0.23,68,44.0,True,SIM_LIMIT,AI_DIRECT_LIMIT,,,,,0,BEAR,SR,60-70,SPAWN,-6,-6,BEARISH_STRUCTURE,MIXED,42.02,-5,2,8,0.0004,bitfinex,tBTCF0:USTF0,v10.7-fresh-scope-relay-audit-2026-06-25,BITFINEX_ZERO,v10.7-fresh-scope-relay-audit-2026-06-25,COMBO_65_SP5_CHASE_3PLUS,AI65+ · Spread5+ · Chase 3+,APPROVE,60778.0,0.040884,0.02753,FREE_RANGE,-0.000546,1.0,161.9,0.603226,-12.732156,0.0,76.552,76.552,76.552,0-5m,AI_DIRECT,AI_DIRECT_CHASE,1,,91.5,0.0,0.0,0.0,False,0.0,0.0,-8e-06,-3.9e-05,0.019175,0.004718,10.430044,0.0,0.399834,60758.0,60299.11573,60340.039766,62561.090046,-0.000678,FREE_RANGE,SHORT_PREFERRED,0.040884,0.02753,BEAR,3.0,44.0,0.0,100,3.4,True,True,APPROVE,68,"```json
{
  ""direction"": ""SHORT"",
  ""confidence"": 68,
  ""long_score"": 18,
  ""short_score"": 82,
  ""preferred_direction"": ""SHORT"",
  ""entry_zone_low"": 60850,
  ""entry_zone_high"": 60950,
  ""limit_price"": 60900,
  ""expected_mfe"": 0.012,
  ""expected_mae"": 0.004,
  ""reversal_probability"": 19,
  ""exit_style"": ""AGGRESSIVE"",
  ""reasons_for_trade"": [
    ""MTF agreement: 15m RANGING, 1h RANGING, 4h BEARISH - bearish higher timeframe bias intact"",
    ""Market structure bias BEARISH_STRUCTURE with structure_score -6 and LH/LL sequence active"",
    ""EMA stack bearish: price below EMA200 (-2.84%), EMA9 below EMA21, EMA21 below EMA200"",
    ""Trend health BEAR with bear_score 8 vs bull_score 4, ADX 42.02 (>25) indicating strong trending conditions favor continuation"",
    ""Regime BEAR, market_structure_shift BEAR_CONTINUATION, last 3 signals all bear"",
    ""Orderflow: delta positive (10.43) but imbalance 0.40 suggests aggressive selling pressure, volume_ratio very low (0.043) indicating low participation - potential for expansion"",
    ""Price near micro_resistance (60880) with only 0.15% distance - short entry at resistance in bear trend"",
    ""Funding positive (3.99e-06) meaning longs pay shorts - slight tailwind for shorts""
  ],
  ""reasons_against_trade"": [
    ""Price is near micro_support (59436) at 2.22% distance - short entry near support carries bounce risk"",
    ""Higher_low_detected (1) suggests some buying interest at lows, could indicate weakening bear momentum"",
    ""Reversal_risk_score 81 - high reversal probability from micro structure, though this is a risk metric not approval"",
    ""Entry stage LATE - may have missed optimal entry after recent move"",
    ""Volume_ratio extremely low (0.043) - low conviction move, could be noise"",
    ""Candle wick_ratio 0.416 indicates rejection tails - potential indecision""
  ],
  ""bull_score"": 2,
  ""bear_score"": 8
}
```

**Direction:** SHORT  
**Win probability:** 68%  
**Long score:** 18 | **Short score:** 82  
**Bull score:** 2/10 | **Bear score:** 8/10  
**Decision:** APPROVE  

**Reason:** The trend hierarchy strongly favors bear continuation: MTF shows bearish 4h bias, structure is BEARISH_STRUCTURE with LH/LL sequence, EMA stack is bearish (price below all EMAs, EMA9<EMA21<EMA200), ADX at 42 confirms strong trending conditions, and trend health is BEAR with bear_score 8. Price is testing micro_resistance at 60880 (0.15% away) - a logical short entry in a bear trend. Orderflow shows positive delta but imbalance favors selling, and funding is positive (longs pay shorts). The high reversal_risk_score (81) is noted but reflects micro-structure bounce risk near support, not a reversal signal - the trend hierarchy overrides this. Entry near support is a concern for bounce risk, but the bearish continuation evidence is strong enough to outweigh it. Limit entry at 60900 (above current price) to capture a retracement to resistance before continuation. Exit style AGGRESSIVE given late entry stage and proximity to support.",60869.5,60912.0,MAKER,TAKER,0.02468,91.5,76.552,-1.05,-1.05,0.0,0.0,-0.0,0.0,-6.98,36.193615,THESIS_FAST_CUT,10.430044,0.004718,-3.9e-05,0.399834,False,True,"{'price': 60758.0, 'ret_1m': 0.0, 'ret_5m': -0.0006907894736842105, 'ema9': 60299.11573049407, 'ema21': 60340.03976638086, 'ema200': 62561.09004566922, 'dist_to_support': 0.027530177942966156, 'dist_to_resistance': 0.04088412327730816, 'volume': 0.019175121, 'volume_ratio': 0.004718149188580313, 'delta': 10.43004436799999, 'velocity': -3.946773616158264e-05, 'imbalance': 0.39983379514825856, 'candle_range': 161.9, 'body_ratio': 0.48408316084239383, 'wick_ratio': 0.41591683915760613}",3.4,"{'early_fail_enabled': True, 'invert_signal': False, 'ai_enabled': True, 'edge_threshold': 3.0, 'edge_threshold_max': None, 'edge_range_preset': 'min_only', 'ai_threshold': 44.0, 'leverage': 100, 'pullback_threshold': 0.001}","{'ema9': 60299.11573049407, 'ema21': 60340.03976638086, 'ema200': 62561.09004566922, 'ema_spread': -0.000678, 'ema9_slope_pct': 0.7769, 'ema21_slope_pct': 0.2436, 'ema9_above_ema21': False, 'ema21_above_ema200': False}",WEAK_SETUP,3.4,3.4,False,True,INV_False_EF_True,SHORT,12,8,SCENARIO_C_EARLY_12_v2_frozen,40.0,10.0,-12.0,2.0,8.0,300,1,2,-32.0,False,False,True,False,480,3,5.0,False,5,0.75,"[[12, 8], [15, 10], [25, 18], [40, 28], [60, 45], [80, 60], [100, 75], [150, 120]]","{""trail_ladder"": [[12, 8], [15, 10], [25, 18], [40, 28], [60, 45], [80, 60], [100, 75], [150, 120]], ""ladder_first_trigger_pct"": 12, ""ladder_first_lock_pct"": 8, ""exit_profile_id"": ""SCENARIO_C_EARLY_12_v2_frozen"", ""peak_never_loser_min_peak"": 40.0, ""peak_never_loser_floor"": 10.0, ""thesis_fast_exit_unreal_pct"": -12.0, ""thesis_mfe_protect_pct"": 2.0, ""thesis_exit_if_above_unreal_pct"": 8.0, ""thesis_min_age_sec"": 300, ""thesis_score_flip_margin"": 1, ""thesis_early_decay_delta"": 2, ""early_fail_pct_threshold"": -32.0, ""type_a_first_candle_enabled"": false, ""type_a_early_fail_enabled"": false, ""scenario_c_exit_profile"": true, ""type_a_stall_enabled"": false, ""type_a_stall_min_age_sec"": 480, ""type_a_stall_min_candles"": 3, ""type_a_stall_max_mfe_pct"": 5.0, ""trend_weakening_enabled"": false, ""spread_penalty_threshold"": 5, ""spread_penalty_margin_mult"": 0.75}",2026-06-24T20:32:27.806809+00:00,2026-06-25 06:32:27 AEST,2026-06-25 06:32:27 AEST
2026-06-24T20:34:37.377658+00:00,cont-354308e808c2,SHORT,60808.94,60756.0,4.149967,8.71,15.0,5,1.31,1.31,0.0,0.0,-0.0,-0.0,PROFIT_LOCK_LADDER,100,0.29,62,44.0,True,SIM_LIMIT,AI_DIRECT_LIMIT,,,,,0,BEAR,SR,60-70,SPAWN,-6,-6,BEARISH_STRUCTURE,MIXED,44.4,-5,3,8,0.0004,bitfinex,tBTCF0:USTF0,v10.7-fresh-scope-relay-audit-2026-06-25,BITFINEX_ZERO,v10.7-fresh-scope-relay-audit-2026-06-25,CONTINUOUS,Continuous AI Research,APPROVE,60795.0,0.040867,0.027546,FREE_RANGE,-0.000676,1.0,201.2,4.149968,-22.703898,15.283937,209.877,209.877,209.877,0-5m,AI_DIRECT,AI_DIRECT_CHASE,4,,13.94,0.0,0.0,0.0,False,0.0,0.0,-5.2e-05,-2e-05,0.021269,0.016386,9.876707,0.0,0.408721,60795.0,60146.794663,60281.91647,62577.560682,-0.002241,FREE_RANGE,SHORT_PREFERRED,0.040867,0.027546,BEAR,3.0,44.0,0.0,100,3.5,True,True,APPROVE,62,"```json
{
  ""direction"": ""SHORT"",
  ""confidence"": 62,
  ""long_score"": 25,
  ""short_score"": 72,
  ""preferred_direction"": ""SHORT"",
  ""entry_zone_low"": 60850,
  ""entry_zone_high"": 61000,
  ""limit_price"": 60925,
  ""expected_mfe"": 180,
  ""expected_mae"": 120,
  ""reversal_probability"": 58,
  ""exit_style"": ""AGGRESSIVE"",
  ""reasons_for_trade"": [
    ""Strong bearish trend hierarchy: MTF 4h BEARISH, structure bias BEARISH_STRUCTURE, EMA stack bearish (ema9 below ema21 below ema200), ADX 44.4 > 25 indicating trending market"",
    ""Trend health state BEAR with bear_score 8 vs bull_score 4, intact bearish momentum"",
    ""Market structure shift is BEAR_CONTINUATION, last 3 regimes all BEAR, consistent bearish sequence"",
    ""Price is above micro resistance (59962) and recent swing high (59962), suggesting potential retest/rejection from higher timeframe resistance zone"",
    ""Funding rate positive (3.99e-06) favors shorts, longs paying shorts - supportive of bearish positioning"",
    ""Edge score 3.5 above threshold 3.0, indicating telemetry edge for bearish continuation""
  ],
  ""reasons_against_trade"": [
    ""Price is near recent low (59132) with dist_to_support only 2.7%, increasing bounce risk if support holds"",
    ""Reversal probability 58% suggests moderate risk of mean reversion or squeeze"",
    ""Volume ratio very low (0.116), indicating lack of conviction in current move - could be exhaustion"",
    ""Micro structure shows higher_low_detected (1.0), hinting at potential bottoming pattern"",
    ""Market regime tracker shows COMPRESSION currently, which can precede volatile expansion in either direction""
  ],
  ""bull_score"": 3,
  ""bear_score"": 8
}
```

**Direction:** SHORT  
**Win probability:** 62  
**Long score:** 25  
**Short score:** 72  
**Bull score:** 3  
**Bear score:** 8  
**Decision:** APPROVE  
**Reason:** Strong bearish trend hierarchy (4h BEARISH, structure BEARISH, EMA bear stack, ADX 44.4 trending) dominates. Short score (72) exceeds long score (25) by 47 points, well above the +5 threshold. Price is above micro resistance (59962) and recent swing high, suggesting a potential retest/rejection zone. Funding favors shorts. The main risk is proximity to support (2.7% away) and low volume, but the trend hierarchy strongly favors continuation. Entry above current price (pullback to 60925) aligns with short-side limit entry rules. Exit style AGGRESSIVE given low volume and compression regime - quick profit taking on any rejection.",60808.94,60756.0,MAKER,TAKER,0.024673,13.94,209.877,1.31,1.31,0.0,0.0,-0.0,-0.0,8.71,248.998102,PROFIT_LOCK_LADDER,9.876707,0.016386,-2e-05,0.408721,False,True,"{'price': 60795.0, 'ret_1m': 3.289852450117612e-05, 'ret_5m': 0.0013836042891732965, 'ema9': 60146.79466311759, 'ema21': 60281.91647029569, 'ema200': 62577.56068237527, 'dist_to_support': 0.027546170671139836, 'dist_to_resistance': 0.04086700544345223, 'volume': 0.021269448, 'volume_ratio': 0.016386423718931058, 'delta': 9.876706847999978, 'velocity': -1.9733461225997586e-05, 'imbalance': 0.40872079085956675, 'candle_range': 201.2, 'body_ratio': 0.5118185297991368, 'wick_ratio': 0.4881814702008632}",3.5,"{'early_fail_enabled': True, 'invert_signal': False, 'ai_enabled': True, 'edge_threshold': 3.0, 'edge_threshold_max': None, 'edge_range_preset': 'min_only', 'ai_threshold': 44.0, 'leverage': 100, 'pullback_threshold': 0.001}","{'ema9': 60146.79466311759, 'ema21': 60281.91647029569, 'ema200': 62577.56068237527, 'ema_spread': -0.002241, 'ema9_slope_pct': 0.5887, 'ema21_slope_pct': 0.1135, 'ema9_above_ema21': False, 'ema21_above_ema200': False}",WEAK_SETUP,3.5,3.5,False,True,INV_False_EF_True,SHORT,12,8,SCENARIO_C_EARLY_12_v2_frozen,40.0,10.0,-12.0,2.0,8.0,300,1,2,-32.0,False,False,True,False,480,3,5.0,False,5,0.75,"[[12, 8], [15, 10], [25, 18], [40, 28], [60, 45], [80, 60], [100, 75], [150, 120]]","{""trail_ladder"": [[12, 8], [15, 10], [25, 18], [40, 28], [60, 45], [80, 60], [100, 75], [150, 120]], ""ladder_first_trigger_pct"": 12, ""ladder_first_lock_pct"": 8, ""exit_profile_id"": ""SCENARIO_C_EARLY_12_v2_frozen"", ""peak_never_loser_min_peak"": 40.0, ""peak_never_loser_floor"": 10.0, ""thesis_fast_exit_unreal_pct"": -12.0, ""thesis_mfe_protect_pct"": 2.0, ""thesis_exit_if_above_unreal_pct"": 8.0, ""thesis_min_age_sec"": 300, ""thesis_score_flip_margin"": 1, ""thesis_early_decay_delta"": 2, ""early_fail_pct_threshold"": -32.0, ""type_a_first_candle_enabled"": false, ""type_a_early_fail_enabled"": false, ""scenario_c_exit_profile"": true, ""type_a_stall_enabled"": false, ""type_a_stall_min_age_sec"": 480, ""type_a_stall_min_candles"": 3, ""type_a_stall_max_mfe_pct"": 5.0, ""trend_weakening_enabled"": false, ""spread_penalty_threshold"": 5, ""spread_penalty_margin_mult"": 0.75}",2026-06-24T20:34:37.377658+00:00,2026-06-25 06:34:37 AEST,2026-06-25 06:34:37 AEST
2026-06-24T20:48:56.280298+00:00,cont-92e51deb6f9f,SHORT,60864.27,61040.0,12.074446,-28.87,15.0,5,-4.33,-4.33,0.0,0.0,-0.0,-0.0,STOP_LOSS,100,0.96,62,44.0,True,SIM_LIMIT,AI_DIRECT_LIMIT,,,,,0,BEAR,SR,60-70,SPAWN,-6,-6,BEARISH_STRUCTURE,MIXED,42.25,-5,3,8,0.0004,bitfinex,tBTCF0:USTF0,v10.7-fresh-scope-relay-audit-2026-06-25,BITFINEX_ZERO,v10.7-fresh-scope-relay-audit-2026-06-25,CONTINUOUS,Continuous AI Research,APPROVE,60869.0,0.039807,0.028537,FREE_RANGE,0.000803,0.920432,161.9,12.074447,-31.00834,8.095061,185.412,185.412,185.412,0-5m,AI_DIRECT,AI_DIRECT_CHASE,4,,4.73,0.0,0.0,0.0,False,0.0,0.0,-0.000151,3.6e-05,0.006957,0.127249,10.622563,0.0,0.395967,60869.0,60313.11573,60346.403403,62561.786563,-0.000552,FREE_RANGE,SHORT_PREFERRED,0.039807,0.028537,BEAR,3.0,44.0,0.0,100,3.4,True,True,APPROVE,62,"```json
{
  ""direction"": ""SHORT"",
  ""confidence"": 62,
  ""long_score"": 25,
  ""short_score"": 75,
  ""preferred_direction"": ""SHORT"",
  ""entry_zone_low"": 60900,
  ""entry_zone_high"": 61100,
  ""limit_price"": 61000,
  ""expected_mfe"": 250,
  ""expected_mae"": 150,
  ""reversal_probability"": 66,
  ""exit_style"": ""AGGRESSIVE"",
  ""reasons_for_trade"": [
    ""MTF agreement: 15m RANGING, 1h RANGING, 4h BEARISH - bearish higher timeframe bias intact"",
    ""Market structure: BEARISH_STRUCTURE with structure_score -6, last swing high at 59962, last swing low at 59436"",
    ""EMA alignment: bear stack (price below ema200, ema9 below ema21, ema21 below ema200), bearish slope"",
    ""Trend health: BEAR state, bear_score 8 vs bull_score 4, ADX 42.25 (strong trending, favor continuation)"",
    ""Regime: BEAR, market_structure_shift: BEAR_CONTINUATION, no higher low or lower high reversal pattern"",
    ""SR context: FREE_RANGE, dist_to_resistance 4.02% > dist_to_support 2.82%, short preferred bias"",
    ""Funding: positive rate (longs pay shorts), favors short positioning"",
    ""Entry stage: LATE - but bear trend intact with no reversal confirmation, continuation still favored""
  ],
  ""reasons_against_trade"": [
    ""Reversal risk score 66 - moderate probability of bounce from current levels near micro support zone"",
    ""Higher low detected (micro structure) - potential for short-term bullish reversal if price holds"",
    ""Volume ratio low (0.17) - lack of aggressive selling volume to confirm breakdown"",
    ""Price near recent low range - short entry near support carries bounce risk without strong bearish momentum"",
    ""Compression regime - may precede expansion in either direction, adding uncertainty""
  ],
  ""bull_score"": 3,
  ""bear_score"": 8
}
```",60864.27,61040.0,MAKER,TAKER,0.024643,4.73,185.412,-4.33,-4.33,0.0,0.0,-0.0,-0.0,-28.87,724.466857,STOP_LOSS,10.622563,0.127249,3.6e-05,0.395967,False,True,"{'price': 60869.0, 'ret_1m': 9.858206135090285e-05, 'ret_5m': 0.00046021597278151244, 'ema9': 60313.11573049407, 'ema21': 60346.403402744494, 'ema200': 62561.786563082154, 'dist_to_support': 0.028536693555011584, 'dist_to_resistance': 0.03980679820598334, 'volume': 0.0069567940000000005, 'volume_ratio': 0.1272491898743951, 'delta': 10.62256260500002, 'velocity': 3.6158015461938406e-05, 'imbalance': 0.39596706607221793, 'candle_range': 161.9, 'body_ratio': 0.48408316084239383, 'wick_ratio': 0.41591683915760613}",3.4,"{'early_fail_enabled': True, 'invert_signal': False, 'ai_enabled': True, 'edge_threshold': 3.0, 'edge_threshold_max': None, 'edge_range_preset': 'min_only', 'ai_threshold': 44.0, 'leverage': 100, 'pullback_threshold': 0.001}","{'ema9': 60313.11573049407, 'ema21': 60346.403402744494, 'ema200': 62561.786563082154, 'ema_spread': -0.000552, 'ema9_slope_pct': 0.8003, 'ema21_slope_pct': 0.2542, 'ema9_above_ema21': False, 'ema21_above_ema200': False}",MOMENTUM_LONG,3.4,3.4,False,True,INV_False_EF_True,SHORT,12,8,SCENARIO_C_EARLY_12_v2_frozen,40.0,10.0,-12.0,2.0,8.0,300,1,2,-32.0,False,False,True,False,480,3,5.0,False,5,0.75,"[[12, 8], [15, 10], [25, 18], [40, 28], [60, 45], [80, 60], [100, 75], [150, 120]]","{""trail_ladder"": [[12, 8], [15, 10], [25, 18], [40, 28], [60, 45], [80, 60], [100, 75], [150, 120]], ""ladder_first_trigger_pct"": 12, ""ladder_first_lock_pct"": 8, ""exit_profile_id"": ""SCENARIO_C_EARLY_12_v2_frozen"", ""peak_never_loser_min_peak"": 40.0, ""peak_never_loser_floor"": 10.0, ""thesis_fast_exit_unreal_pct"": -12.0, ""thesis_mfe_protect_pct"": 2.0, ""thesis_exit_if_above_unreal_pct"": 8.0, ""thesis_min_age_sec"": 300, ""thesis_score_flip_margin"": 1, ""thesis_early_decay_delta"": 2, ""early_fail_pct_threshold"": -32.0, ""type_a_first_candle_enabled"": false, ""type_a_early_fail_enabled"": false, ""scenario_c_exit_profile"": true, ""type_a_stall_enabled"": false, ""type_a_stall_min_age_sec"": 480, ""type_a_stall_min_candles"": 3, ""type_a_stall_max_mfe_pct"": 5.0, ""trend_weakening_enabled"": false, ""spread_penalty_threshold"": 5, ""spread_penalty_margin_mult"": 0.75}",2026-06-24T20:48:56.280298+00:00,2026-06-25 06:48:56 AEST,2026-06-25 06:48:56 AEST
2026-06-24T20:49:40.158958+00:00,cont-cc7a369fa096,SHORT,60952.78,61068.0,5.832916,-18.9,15.0,5,-2.84,-2.84,0.0,0.0,-0.0,-0.0,EARLY_FAIL,100,0.63,62,44.0,True,SIM_LIMIT,AI_DIRECT_LIMIT,,,,,0,BEAR,SR,60-70,SPAWN,-6,-6,BEARISH_STRUCTURE,MIXED,42.25,-5,3,8,0.0004,bitfinex,tBTCF0:USTF0,v10.7-fresh-scope-relay-audit-2026-06-25,BITFINEX_ZERO,v10.7-fresh-scope-relay-audit-2026-06-25,CONTINUOUS,Continuous AI Research,APPROVE,60915.0,0.039022,0.02927,FREE_RANGE,0.00085,1.0,161.9,5.832916,-32.192133,9.151346,216.629,216.629,216.629,0-5m,AI_DIRECT,AI_DIRECT_CHASE,4,,37.78,0.0,0.0,0.0,False,0.0,0.0,-7.3e-05,6.6e-05,0.002477,0.12707,10.758485,0.0,0.389786,60915.0,60319.31573,60349.221585,62562.095021,-0.000496,FREE_RANGE,SHORT_PREFERRED,0.039022,0.02927,BEAR,3.0,44.0,0.0,100,2.7,True,True,APPROVE,62,"```json
{
  ""direction"": ""SHORT"",
  ""confidence"": 62,
  ""long_score"": 25,
  ""short_score"": 72,
  ""preferred_direction"": ""SHORT"",
  ""entry_zone_low"": 60915,
  ""entry_zone_high"": 61200,
  ""limit_price"": 61057,
  ""expected_mfe"": 180,
  ""expected_mae"": 120,
  ""reversal_probability"": 66,
  ""exit_style"": ""AGGRESSIVE"",
  ""reasons_for_trade"": [
    ""BEAR_ALIGNED multi-timeframe: 4h BEARISH, 15m/1h RANGING, no bullish agreement"",
    ""Bearish EMA stack: price below EMA9, EMA21, EMA200; EMA9 below EMA21; stack_bear=true"",
    ""ADX 42.25 (>25) confirms trending conditions favoring continuation"",
    ""Trend health BEAR with bear_score 8 vs bull_score 4, intact bearish momentum"",
    ""Market structure BEARISH with structure_score -6, last swings LL/LL/LL/HL sequence"",
    ""Entry stage LATE but bear continuation still valid with no reversal confirmation"",
    ""Funding positive (3.99e-6) favoring shorts, longs pay shorts"",
    ""Price near micro resistance (59962) but above it, suggesting resistance flip attempt failed""
  ],
  ""reasons_against_trade"": [
    ""Reversal risk score 66 indicates moderate reversal probability from micro support zone"",
    ""Higher low detected (HL in swing labels) could signal weakening bear momentum"",
    ""Volume ratio very low (0.127) suggests lack of conviction in current move"",
    ""Price near recent low (59132) and support zone, increasing bounce risk"",
    ""Edge_score 2.7 below threshold 3.0, indicating weak edge telemetry"",
    ""Quality score 52.82 moderate, not strong conviction signal""
  ],
  ""bull_score"": 3,
  ""bear_score"": 8
}
```",60952.78,61068.0,MAKER,TAKER,0.024624,37.78,216.629,-2.84,-2.84,0.0,0.0,-0.0,-0.0,-18.9,349.975017,EARLY_FAIL,10.758485,0.12707,6.6e-05,0.389786,True,True,"{'price': 60915.0, 'ret_1m': 0.00022988128273755768, 'ret_5m': 0.0007886046626250678, 'ema9': 60319.31573049407, 'ema21': 60349.22158456268, 'ema200': 62562.0950207936, 'dist_to_support': 0.029270294672904866, 'dist_to_resistance': 0.03902158745793319, 'volume': 0.0024765620000000003, 'volume_ratio': 0.1270697183717727, 'delta': 10.758484977000105, 'velocity': 6.569933001637852e-05, 'imbalance': 0.3897861713525901, 'candle_range': 161.9, 'body_ratio': 0.48408316084239383, 'wick_ratio': 0.41591683915760613}",2.7,"{'early_fail_enabled': True, 'invert_signal': False, 'ai_enabled': True, 'edge_threshold': 3.0, 'edge_threshold_max': None, 'edge_range_preset': 'min_only', 'ai_threshold': 44.0, 'leverage': 100, 'pullback_threshold': 0.001}","{'ema9': 60319.31573049407, 'ema21': 60349.22158456268, 'ema200': 62562.0950207936, 'ema_spread': -0.000496, 'ema9_slope_pct': 0.8107, 'ema21_slope_pct': 0.2588, 'ema9_above_ema21': False, 'ema21_above_ema200': False}",MOMENTUM_LONG,2.7,2.7,False,True,INV_False_EF_True,SHORT,12,8,SCENARIO_C_EARLY_12_v2_frozen,40.0,10.0,-12.0,2.0,8.0,300,1,2,-32.0,False,False,True,False,480,3,5.0,False,5,0.75,"[[12, 8], [15, 10], [25, 18], [40, 28], [60, 45], [80, 60], [100, 75], [150, 120]]","{""trail_ladder"": [[12, 8], [15, 10], [25, 18], [40, 28], [60, 45], [80, 60], [100, 75], [150, 120]], ""ladder_first_trigger_pct"": 12, ""ladder_first_lock_pct"": 8, ""exit_profile_id"": ""SCENARIO_C_EARLY_12_v2_frozen"", ""peak_never_loser_min_peak"": 40.0, ""peak_never_loser_floor"": 10.0, ""thesis_fast_exit_unreal_pct"": -12.0, ""thesis_mfe_protect_pct"": 2.0, ""thesis_exit_if_above_unreal_pct"": 8.0, ""thesis_min_age_sec"": 300, ""thesis_score_flip_margin"": 1, ""thesis_early_decay_delta"": 2, ""early_fail_pct_threshold"": -32.0, ""type_a_first_candle_enabled"": false, ""type_a_early_fail_enabled"": false, ""scenario_c_exit_profile"": true, ""type_a_stall_enabled"": false, ""type_a_stall_min_age_sec"": 480, ""type_a_stall_min_candles"": 3, ""type_a_stall_max_mfe_pct"": 5.0, ""trend_weakening_enabled"": false, ""spread_penalty_threshold"": 5, ""spread_penalty_margin_mult"": 0.75}",2026-06-24T20:49:40.158958+00:00,2026-06-25 06:49:40 AEST,2026-06-25 06:49:40 AEST
2026-06-24T20:49:40.197935+00:00,cont-97edc8f7d9a7,SHORT,61069.06,61068.0,0.008538,0.17,15.0,5,0.03,0.03,0.0,0.0,-0.0,0.0,THESIS_FAST_CUT,100,0.01,62,44.0,True,SIM_LIMIT,AI_DIRECT_LIMIT,,,,,0,BEAR,SR,60-70,SPAWN,-6,-6,BEARISH_STRUCTURE,CONFLICTED,40.3,-5,3,8,0.0004,bitfinex,tBTCF0:USTF0,v10.7-fresh-scope-relay-audit-2026-06-25,BITFINEX_ZERO,v10.7-fresh-scope-relay-audit-2026-06-25,CONTINUOUS,Continuous AI Research,APPROVE,60991.0,0.038169,0.030066,FREE_RANGE,0.00085,1.0,139.2,0.008539,-13.090098,0.173574,147.362,147.362,147.362,0-5m,AI_DIRECT,AI_DIRECT_CHASE,2,,78.06,0.0,0.0,0.0,False,0.0,0.0,-0.0,8.5e-05,0.008491,0.97947,10.927347,0.0,0.379223,60991.0,60443.252584,60402.837804,62545.994973,0.000669,FREE_RANGE,SHORT_PREFERRED,0.038169,0.030066,BEAR,3.0,44.0,0.0,100,2.0,True,True,APPROVE,62,"```json
{
  ""direction"": ""SHORT"",
  ""confidence"": 62,
  ""long_score"": 25,
  ""short_score"": 72,
  ""preferred_direction"": ""SHORT"",
  ""entry_zone_low"": 61000,
  ""entry_zone_high"": 61250,
  ""limit_price"": 61125,
  ""expected_mfe"": 350,
  ""expected_mae"": 150,
  ""reversal_probability"": 48,
  ""exit_style"": ""AGGRESSIVE"",
  ""reasons_for_trade"": [
    ""BEAR regime with strong bearish structure (structure_score -6, last 3 cycles all BEAR)"",
    ""ADX 40.3 indicates strong trending market favoring continuation"",
    ""EMA stack bearish: price below EMA200, EMA21 below EMA200, no bull stack"",
    ""Multi-timeframe conflicted but 4h BEARISH dominates, 15m BULLISH is short-term pullback risk only"",
    ""Volume ratio 2.13 elevated, delta positive but not extreme - bearish flow still intact"",
    ""Entry stage LATE suggests trend mature but not reversed; micro resistance at 59962 not yet broken"",
    ""Funding positive (longs pay shorts) favors short positioning"",
    ""Distance to support 3.0% vs resistance 3.8% - more room to downside before major support""
  ],
  ""reasons_against_trade"": [
    ""Price near EMA9 and EMA21 (both above price) - short-term bullish cross could cause squeeze"",
    ""15m timeframe BULLISH - short-term momentum against immediate entry"",
    ""Higher low detected (micro structure) - potential for bounce before continuation"",
    ""Reversal risk score 48 - moderate risk of mean reversion"",
    ""Entry stage LATE - trend may be exhausted, limited follow-through""
  ],
  ""bull_score"": 3,
  ""bear_score"": 8
}
```

**Direction:** SHORT  
**Win probability:** 62%  
**Long score:** 25  
**Short score:** 72  
**Bull score:** 3/10  
**Bear score:** 8/10  
**Decision:** APPROVE  
**Reason:** Strong bearish trend hierarchy (BEAR regime, ADX>25, bearish structure, EMA stack bearish) dominates. Short-term 15m bullishness is a pullback risk but not a reversal signal. Entry near current price (pullback to EMA zone) offers good risk/reward for continuation. Short entries near support have reduced expectancy, but here support is 3% away - not immediate bounce risk. Use aggressive exit to capture quick continuation.",61069.06,61068.0,MAKER,TAKER,0.024594,78.06,147.362,0.03,0.03,0.0,0.0,-0.0,0.0,0.17,0.51243,THESIS_FAST_CUT,10.927347,0.97947,8.5e-05,0.379223,False,True,"{'price': 60991.0, 'ret_1m': 0.0004264742065119331, 'ret_5m': 0.0012476401543133875, 'ema9': 60443.25258439526, 'ema21': 60402.83780414247, 'ema200': 62545.99497331087, 'dist_to_support': 0.03006643155909128, 'dist_to_resistance': 0.03816944148281801, 'volume': 0.008490937, 'volume_ratio': 0.9794700021793038, 'delta': 10.927347004000133, 'velocity': 8.532840427023412e-05, 'imbalance': 0.37922257960146455, 'candle_range': 139.2, 'body_ratio': 0.511639138873657, 'wick_ratio': 0.38836086112634294}",2.0,"{'early_fail_enabled': True, 'invert_signal': False, 'ai_enabled': True, 'edge_threshold': 3.0, 'edge_threshold_max': None, 'edge_range_preset': 'min_only', 'ai_threshold': 44.0, 'leverage': 100, 'pullback_threshold': 0.001}","{'ema9': 60443.25258439526, 'ema21': 60402.83780414247, 'ema200': 62545.99497331087, 'ema_spread': 0.000669, 'ema9_slope_pct': 0.7203, 'ema21_slope_pct': 0.2685, 'ema9_above_ema21': True, 'ema21_above_ema200': False}",MOMENTUM_LONG,2.0,2.0,False,True,INV_False_EF_True,SHORT,12,8,SCENARIO_C_EARLY_12_v2_frozen,40.0,10.0,-12.0,2.0,8.0,300,1,2,-32.0,False,False,True,False,480,3,5.0,False,5,0.75,"[[12, 8], [15, 10], [25, 18], [40, 28], [60, 45], [80, 60], [100, 75], [150, 120]]","{""trail_ladder"": [[12, 8], [15, 10], [25, 18], [40, 28], [60, 45], [80, 60], [100, 75], [150, 120]], ""ladder_first_trigger_pct"": 12, ""ladder_first_lock_pct"": 8, ""exit_profile_id"": ""SCENARIO_C_EARLY_12_v2_frozen"", ""peak_never_loser_min_peak"": 40.0, ""peak_never_loser_floor"": 10.0, ""thesis_fast_exit_unreal_pct"": -12.0, ""thesis_mfe_protect_pct"": 2.0, ""thesis_exit_if_above_unreal_pct"": 8.0, ""thesis_min_age_sec"": 300, ""thesis_score_flip_margin"": 1, ""thesis_early_decay_delta"": 2, ""early_fail_pct_threshold"": -32.0, ""type_a_first_candle_enabled"": false, ""type_a_early_fail_enabled"": false, ""scenario_c_exit_profile"": true, ""type_a_stall_enabled"": false, ""type_a_stall_min_age_sec"": 480, ""type_a_stall_min_candles"": 3, ""type_a_stall_max_mfe_pct"": 5.0, ""trend_weakening_enabled"": false, ""spread_penalty_threshold"": 5, ""spread_penalty_margin_mult"": 0.75}",2026-06-24T20:49:40.197935+00:00,2026-06-25 06:49:40 AEST,2026-06-25 06:49:40 AEST
2026-06-24T20:49:50.335454+00:00,c65c-916ad5d1d904,SHORT,61002.72,61217.0,2.369738,-35.13,15.0,6,-5.27,-5.27,0.0,0.0,-0.0,0.0,EARLY_FAIL,100,1.17,68,44.0,True,SIM_LIMIT,AI_DIRECT_LIMIT,,,,,0,BEAR,SR,60-70,SPAWN,-6,-6,BEARISH_STRUCTURE,MIXED,42.25,-5,2,8,0.0004,bitfinex,tBTCF0:USTF0,v10.7-fresh-scope-relay-audit-2026-06-25,BITFINEX_ZERO,v10.7-fresh-scope-relay-audit-2026-06-25,COMBO_65_SP5_CHASE_3PLUS,AI65+ · Spread5+ · Chase 3+,APPROVE,60919.0,0.038374,0.029875,FREE_RANGE,0.00085,0.295431,161.9,2.369739,-35.126303,4.052278,230.76,230.76,230.76,0-5m,AI_DIRECT,AI_DIRECT_CHASE,3,,83.72,0.0,0.0,0.0,False,0.0,0.0,-3e-05,-1.6e-05,0.013139,1.146481,10.938579,0.0,0.3832,60919.0,60320.51573,60349.767039,62562.154722,-0.000485,FREE_RANGE,SHORT_PREFERRED,0.038374,0.029875,BEAR,3.0,44.0,0.0,100,2.7,True,True,APPROVE,68,"```json
{
  ""direction"": ""SHORT"",
  ""confidence"": 68,
  ""long_score"": 18,
  ""short_score"": 82,
  ""preferred_direction"": ""SHORT"",
  ""entry_zone_low"": 61050,
  ""entry_zone_high"": 61200,
  ""limit_price"": 61125,
  ""expected_mfe"": 180,
  ""expected_mae"": 120,
  ""reversal_probability"": 66,
  ""exit_style"": ""AGGRESSIVE"",
  ""reasons_for_trade"": [
    ""MTF agreement is BEAR_ALIGNED (15m RANGING, 1h RANGING, 4h BEARISH) with bearish structure bias"",
    ""EMA stack is bearish (price below EMA200, EMA9 below EMA21, EMA21 below EMA200)"",
    ""ADX at 42.25 indicates strong trending conditions favoring continuation"",
    ""Trend health state is BEAR with bear_score 8 vs bull_score 4"",
    ""Market structure shift is BEAR_CONTINUATION with last 3 regimes all BEAR"",
    ""Price is above micro resistance (59962) suggesting potential retest or fakeout before continuation lower"",
    ""Funding rate positive (3.99e-06) favors shorts, longs paying shorts""
  ],
  ""reasons_against_trade"": [
    ""Reversal risk score is elevated at 66, indicating potential for mean reversion or bounce"",
    ""Price is relatively close to micro support (2.49% above) which could provide a bounce zone"",
    ""Higher low detected suggests some buying pressure at recent lows"",
    ""Volume ratio is very low (0.0028), indicating lack of conviction in current move"",
    ""Entry stage is LATE, suggesting the move may be extended""
  ],
  ""bull_score"": 2,
  ""bear_score"": 8
}
```

Direction: SHORT
Win probability: 68%
Long score: 18
Short score: 82
Bull score: 2
Bear score: 8
Decision: APPROVE
Reason: Strong bearish alignment across all trend hierarchy layers (MTF, structure, EMA, ADX) with bear continuation signal. Short entry above micro resistance zone targets a retest of support near 59436. Elevated reversal risk (66) and late entry stage warrant aggressive exit style to capture quick continuation rather than holding through potential bounces.",61002.72,61217.0,MAKER,TAKER,0.024623,83.72,230.76,-5.27,-5.27,0.0,0.0,-0.0,0.0,-35.13,142.184365,EARLY_FAIL,10.938579,1.146481,-1.6e-05,0.3832,True,True,"{'price': 60919.0, 'ret_1m': 0.0, 'ret_5m': -0.00014771533613445377, 'ema9': 60320.515730494066, 'ema21': 60349.767039108134, 'ema200': 62562.15472228613, 'dist_to_support': 0.029875477827178316, 'dist_to_resistance': 0.03837382901579906, 'volume': 0.013138951000000001, 'volume_ratio': 1.1464813678309882, 'delta': 10.938579156000113, 'velocity': -1.6410606083024477e-05, 'imbalance': 0.3832001743523029, 'candle_range': 161.9, 'body_ratio': 0.48408316084239383, 'wick_ratio': 0.41591683915760613}",2.7,"{'early_fail_enabled': True, 'invert_signal': False, 'ai_enabled': True, 'edge_threshold': 3.0, 'edge_threshold_max': None, 'edge_range_preset': 'min_only', 'ai_threshold': 44.0, 'leverage': 100, 'pullback_threshold': 0.001}","{'ema9': 60320.515730494066, 'ema21': 60349.767039108134, 'ema200': 62562.15472228613, 'ema_spread': -0.000485, 'ema9_slope_pct': 0.8127, 'ema21_slope_pct': 0.2597, 'ema9_above_ema21': False, 'ema21_above_ema200': False}",WEAK_SETUP,2.7,2.7,False,True,INV_False_EF_True,SHORT,12,8,SCENARIO_C_EARLY_12_v2_frozen,40.0,10.0,-12.0,2.0,8.0,300,1,2,-32.0,False,False,True,False,480,3,5.0,False,5,0.75,"[[12, 8], [15, 10], [25, 18], [40, 28], [60, 45], [80, 60], [100, 75], [150, 120]]","{""trail_ladder"": [[12, 8], [15, 10], [25, 18], [40, 28], [60, 45], [80, 60], [100, 75], [150, 120]], ""ladder_first_trigger_pct"": 12, ""ladder_first_lock_pct"": 8, ""exit_profile_id"": ""SCENARIO_C_EARLY_12_v2_frozen"", ""peak_never_loser_min_peak"": 40.0, ""peak_never_loser_floor"": 10.0, ""thesis_fast_exit_unreal_pct"": -12.0, ""thesis_mfe_protect_pct"": 2.0, ""thesis_exit_if_above_unreal_pct"": 8.0, ""thesis_min_age_sec"": 300, ""thesis_score_flip_margin"": 1, ""thesis_early_decay_delta"": 2, ""early_fail_pct_threshold"": -32.0, ""type_a_first_candle_enabled"": false, ""type_a_early_fail_enabled"": false, ""scenario_c_exit_profile"": true, ""type_a_stall_enabled"": false, ""type_a_stall_min_age_sec"": 480, ""type_a_stall_min_candles"": 3, ""type_a_stall_max_mfe_pct"": 5.0, ""trend_weakening_enabled"": false, ""spread_penalty_threshold"": 5, ""spread_penalty_margin_mult"": 0.75}",2026-06-24T20:49:50.335454+00:00,2026-06-25 06:49:50 AEST,2026-06-25 06:49:50 AEST
2026-06-24T20:53:11.811347+00:00,cont-dd0ad420cf7b,SHORT,61247.22,61209.17,0.337841,6.21,15.0,5,0.93,0.93,0.0,0.0,-0.0,0.0,PROFIT_LOCK_LADDER,100,0.21,62,44.0,True,SIM_LIMIT,AI_DIRECT_LIMIT,,,,,0,BEAR,SR,60-70,SPAWN,-6,-6,BEARISH_STRUCTURE,CONFLICTED,40.92,-5,3,8,0.0004,bitfinex,tBTCF0:USTF0,v10.7-fresh-scope-relay-audit-2026-06-25,BITFINEX_ZERO,v10.7-fresh-scope-relay-audit-2026-06-25,CONTINUOUS,Continuous AI Research,APPROVE,61210.0,0.03398,0.03398,FREE_RANGE,0.000996,0.424857,139.2,0.337842,0.0,12.444646,146.553,146.553,146.553,0-5m,AI_DIRECT,AI_DIRECT_CHASE,3,,37.22,0.0,0.0287,0.0287,False,0.0,0.0,-4e-06,4.9e-05,0.014687,0.080112,27.98694,0.0,0.588393,61210.0,60493.652584,60425.746895,62548.502436,0.001124,FREE_RANGE,SHORT_PREFERRED,0.03398,0.03398,BEAR,3.0,44.0,0.0,100,1.3,True,True,APPROVE,62,"```json
{
  ""direction"": ""SHORT"",
  ""confidence"": 62,
  ""long_score"": 25,
  ""short_score"": 72,
  ""preferred_direction"": ""SHORT"",
  ""entry_zone_low"": 61350,
  ""entry_zone_high"": 61500,
  ""limit_price"": 61425,
  ""expected_mfe"": 180,
  ""expected_mae"": 120,
  ""reversal_probability"": 66,
  ""exit_style"": ""AGGRESSIVE"",
  ""reasons_for_trade"": [
    ""BEAR regime with intact trend health (bear_score 8 vs bull_score 4)"",
    ""ADX 40.92 (>25) confirms trending conditions favoring continuation"",
    ""Market structure is BEARISH with structure_score -6 and BULL_TO_BEAR_SHIFT detected"",
    ""EMA stack is bearish (price below EMA200, EMA21 below EMA200)"",
    ""Multi-timeframe shows 4h BEARISH and 1h RANGING, no bullish alignment"",
    ""Funding positive (LONGS_PAY_SHORTS) adds slight bearish pressure"",
    ""Entry stage is LATE, suggesting trend extension risk but still valid for continuation"",
    ""Price is above micro_resistance (59962) after breaking it, now testing higher levels with potential rejection""
  ],
  ""reasons_against_trade"": [
    ""Reversal risk score is 66 (elevated), indicating possible mean reversion"",
    ""Price is equidistant to support and resistance (~3.4% each), creating uncertainty"",
    ""Volume ratio is very low (0.031), suggesting lack of conviction in current move"",
    ""Higher low detected on micro structure could indicate bottoming process"",
    ""15m timeframe is BULLISH, creating MTF conflict"",
    ""Price is above both EMA9 and EMA21, short-term momentum is upward""
  ],
  ""bull_score"": 3,
  ""bear_score"": 8
}
```",61247.22,61209.17,MAKER,TAKER,0.024506,37.22,146.553,0.93,0.93,0.0,0.0,-0.0,0.0,6.21,20.270578,PROFIT_LOCK_LADDER,27.98694,0.080112,4.9e-05,0.588393,False,True,"{'price': 61210.0, 'ret_1m': 0.0, 'ret_5m': 0.00021242871382584115, 'ema9': 60493.652584395255, 'ema21': 60425.74689505157, 'ema200': 62548.50243599744, 'dist_to_support': 0.033980265307456056, 'dist_to_resistance': 0.033980265307456056, 'volume': 0.014687282, 'volume_ratio': 0.08011165677182851, 'delta': 27.986940371000124, 'velocity': 4.9035867031555215e-05, 'imbalance': 0.5883927290214432, 'candle_range': 139.2, 'body_ratio': 0.511639138873657, 'wick_ratio': 0.38836086112634294}",1.3,"{'early_fail_enabled': True, 'invert_signal': False, 'ai_enabled': True, 'edge_threshold': 3.0, 'edge_threshold_max': None, 'edge_range_preset': 'min_only', 'ai_threshold': 44.0, 'leverage': 100, 'pullback_threshold': 0.001}","{'ema9': 60493.652584395255, 'ema21': 60425.74689505157, 'ema200': 62548.50243599744, 'ema_spread': 0.001124, 'ema9_slope_pct': 0.8043, 'ema21_slope_pct': 0.3065, 'ema9_above_ema21': True, 'ema21_above_ema200': False}",MOMENTUM_LONG,1.3,1.3,False,True,INV_False_EF_True,SHORT,12,8,SCENARIO_C_EARLY_12_v2_frozen,40.0,10.0,-12.0,2.0,8.0,300,1,2,-32.0,False,False,True,False,480,3,5.0,False,5,0.75,"[[12, 8], [15, 10], [25, 18], [40, 28], [60, 45], [80, 60], [100, 75], [150, 120]]","{""trail_ladder"": [[12, 8], [15, 10], [25, 18], [40, 28], [60, 45], [80, 60], [100, 75], [150, 120]], ""ladder_first_trigger_pct"": 12, ""ladder_first_lock_pct"": 8, ""exit_profile_id"": ""SCENARIO_C_EARLY_12_v2_frozen"", ""peak_never_loser_min_peak"": 40.0, ""peak_never_loser_floor"": 10.0, ""thesis_fast_exit_unreal_pct"": -12.0, ""thesis_mfe_protect_pct"": 2.0, ""thesis_exit_if_above_unreal_pct"": 8.0, ""thesis_min_age_sec"": 300, ""thesis_score_flip_margin"": 1, ""thesis_early_decay_delta"": 2, ""early_fail_pct_threshold"": -32.0, ""type_a_first_candle_enabled"": false, ""type_a_early_fail_enabled"": false, ""scenario_c_exit_profile"": true, ""type_a_stall_enabled"": false, ""type_a_stall_min_age_sec"": 480, ""type_a_stall_min_candles"": 3, ""type_a_stall_max_mfe_pct"": 5.0, ""trend_weakening_enabled"": false, ""spread_penalty_threshold"": 5, ""spread_penalty_margin_mult"": 0.75}",2026-06-24T20:53:11.811347+00:00,2026-06-25 06:53:11 AEST,2026-06-25 06:53:11 AEST
2026-06-24T20:56:35.640045+00:00,c604c-b770453e3986,SHORT,61169.12,61064.0,0.751304,17.19,20.0,4,3.44,3.44,0.0,0.0,-0.0,0.0,PROFIT_LOCK_LADDER,100,0.57,62,44.0,True,SIM_LIMIT,AI_DIRECT_LIMIT,,,,,0,BEAR,SR,60-70,SPAWN,-6,-6,BEARISH_STRUCTURE,CONFLICTED,41.0,-5,3,7,0.0004,bitfinex,tBTCF0:USTF0,v10.7-fresh-scope-relay-audit-2026-06-25,BITFINEX_ZERO,v10.7-fresh-scope-relay-audit-2026-06-25,COMBO_604_SP4_CHASE_3PLUS,AI60-65 · Spread4 · Chase 3+,APPROVE,61149.0,0.034099,0.03387,FREE_RANGE,0.000779,1.0,0.0,0.751305,0.0,32.715854,128.12,128.12,128.12,0-5m,AI_DIRECT,AI_DIRECT_CHASE,3,,20.12,0.0,0.0,0.0,False,0.0,0.0,-1.2e-05,-0.000408,0.001,0.051601,28.641298,-0.001,0.589661,61180.0,60495.652584,60426.655986,62548.601938,0.001142,FREE_RANGE,SHORT_PREFERRED,0.034099,0.03387,BEAR,3.0,44.0,0.0,100,2.5,True,True,APPROVE,62,"```json
{
  ""direction"": ""SHORT"",
  ""confidence"": 62,
  ""long_score"": 25,
  ""short_score"": 70,
  ""preferred_direction"": ""SHORT"",
  ""entry_zone_low"": 61201,
  ""entry_zone_high"": 61450,
  ""limit_price"": 61325,
  ""expected_mfe"": 350,
  ""expected_mae"": 200,
  ""reversal_probability"": 48,
  ""exit_style"": ""AGGRESSIVE"",
  ""reasons_for_trade"": [
    ""BEAR regime with intact trend health (bear_score 8 vs bull_score 4)"",
    ""ADX 41 indicates strong trending market favoring continuation"",
    ""Market structure is BEARISH with LL sequence and negative structure_score (-6)"",
    ""Price is above micro resistance (59962) but still below EMA200 (62548) - bearish location"",
    ""Volume ratio elevated (3.3x) with positive delta - potential distribution"",
    ""Funding positive (longs pay shorts) - bearish sentiment"",
    ""Entry stage is LATE - continuation risk but trend still intact""
  ],
  ""reasons_against_trade"": [
    ""Price is near recent low support zone (59132) - bounce risk increases"",
    ""Reversal probability 48% - not negligible"",
    ""Higher low detected on micro structure - potential bottoming"",
    ""MTF conflicted (15m bullish, 1h ranging, 4h bearish) - reduces conviction"",
    ""EMA9 and EMA21 are above price - short-term bullish cross"",
    ""Edge score (2.5) below threshold (3.0) - signal quality suboptimal""
  ],
  ""bull_score"": 3,
  ""bear_score"": 7
}
```",61169.12,61064.0,MAKER,TAKER,0.032707,20.12,128.12,3.44,3.44,0.0,0.0,-0.0,0.0,17.19,45.078372,PROFIT_LOCK_LADDER,28.641298,0.051601,-0.000408,0.589661,False,True,"{'velocity': -0.000408463360836533, 'volume': 0.001, 'volume_ratio': 0.05160085033247667, 'delta': 28.641298310000117, 'imbalance': 0.589660970043439, 'delta_change': -0.0010000000000012221}",2.5,"{'early_fail_enabled': True, 'invert_signal': False, 'ai_enabled': True, 'edge_threshold': 3.0, 'edge_threshold_max': None, 'edge_range_preset': 'min_only', 'ai_threshold': 44.0, 'leverage': 100, 'pullback_threshold': 0.001}","{'ema9': 60495.652584395255, 'ema21': 60426.65598596066, 'ema200': 62548.60193848501, 'ema_spread': 0.001142, 'ema9_slope_pct': 0.8076, 'ema21_slope_pct': 0.308, 'ema9_above_ema21': True, 'ema21_above_ema200': False}",WEAK_SETUP,2.5,2.5,False,True,INV_False_EF_True,SHORT,12,8,SCENARIO_C_EARLY_12_v2_frozen,40.0,10.0,-12.0,2.0,8.0,300,1,2,-32.0,False,False,True,False,480,3,5.0,False,5,0.75,"[[12, 8], [15, 10], [25, 18], [40, 28], [60, 45], [80, 60], [100, 75], [150, 120]]","{""trail_ladder"": [[12, 8], [15, 10], [25, 18], [40, 28], [60, 45], [80, 60], [100, 75], [150, 120]], ""ladder_first_trigger_pct"": 12, ""ladder_first_lock_pct"": 8, ""exit_profile_id"": ""SCENARIO_C_EARLY_12_v2_frozen"", ""peak_never_loser_min_peak"": 40.0, ""peak_never_loser_floor"": 10.0, ""thesis_fast_exit_unreal_pct"": -12.0, ""thesis_mfe_protect_pct"": 2.0, ""thesis_exit_if_above_unreal_pct"": 8.0, ""thesis_min_age_sec"": 300, ""thesis_score_flip_margin"": 1, ""thesis_early_decay_delta"": 2, ""early_fail_pct_threshold"": -32.0, ""type_a_first_candle_enabled"": false, ""type_a_early_fail_enabled"": false, ""scenario_c_exit_profile"": true, ""type_a_stall_enabled"": false, ""type_a_stall_min_age_sec"": 480, ""type_a_stall_min_candles"": 3, ""type_a_stall_max_mfe_pct"": 5.0, ""trend_weakening_enabled"": false, ""spread_penalty_threshold"": 5, ""spread_penalty_margin_mult"": 0.75}",2026-06-24T20:56:35.640045+00:00,2026-06-25 06:56:35 AEST,2026-06-25 06:56:35 AEST
2026-06-24T20:57:39.046277+00:00,cont-45082a11fba9,SHORT,61179.96,61075.0,1.9534,17.16,20.0,4,3.43,3.43,0.0,0.0,-0.0,0.0,PROFIT_LOCK_LADDER,100,0.57,62,44.0,True,SIM_LIMIT,AI_DIRECT_LIMIT,,,,,0,BEAR,SR,60-70,SPAWN,-6,-6,BEARISH_STRUCTURE,CONFLICTED,41.0,-5,3,7,0.0004,bitfinex,tBTCF0:USTF0,v10.7-fresh-scope-relay-audit-2026-06-25,BITFINEX_ZERO,v10.7-fresh-scope-relay-audit-2026-06-25,CONTINUOUS,Continuous AI Research,APPROVE,61205.0,0.034048,0.033917,FREE_RANGE,0.000846,1.0,139.2,1.953401,0.0,34.481879,125.766,125.766,125.766,0-5m,AI_DIRECT,AI_DIRECT_CHASE,3,,25.04,0.0,0.0,0.0,False,0.0,0.0,-3.2e-05,3.4e-05,0.049094,2.524936,28.394976,0.0,0.58759,61208.0,60495.652584,60426.655986,62548.601938,0.001142,FREE_RANGE,SHORT_PREFERRED,0.034048,0.033917,BEAR,3.0,44.0,0.0,100,2.5,True,True,APPROVE,62,"```json
{
  ""direction"": ""SHORT"",
  ""confidence"": 62,
  ""long_score"": 25,
  ""short_score"": 70,
  ""preferred_direction"": ""SHORT"",
  ""entry_zone_low"": 61201,
  ""entry_zone_high"": 61450,
  ""limit_price"": 61325,
  ""expected_mfe"": 350,
  ""expected_mae"": 200,
  ""reversal_probability"": 48,
  ""exit_style"": ""AGGRESSIVE"",
  ""reasons_for_trade"": [
    ""BEAR regime with intact trend health (bear_score 8 vs bull_score 4)"",
    ""ADX 41 indicates strong trending market favoring continuation"",
    ""Market structure is BEARISH with LL sequence and negative structure_score (-6)"",
    ""Price is above micro resistance (59962) but still below EMA200 (62548) - bearish location"",
    ""Volume ratio elevated (3.3x) with positive delta - potential distribution"",
    ""Funding positive (longs pay shorts) - bearish sentiment"",
    ""Entry stage is LATE - continuation risk but trend still intact""
  ],
  ""reasons_against_trade"": [
    ""Price is near recent low support zone (59132) - bounce risk increases"",
    ""Reversal probability 48% - not negligible"",
    ""Higher low detected on micro structure - potential bottoming"",
    ""MTF conflicted (15m bullish, 1h ranging, 4h bearish) - reduces conviction"",
    ""EMA9 and EMA21 are above price - short-term bullish cross"",
    ""Edge score (2.5) below threshold (3.0) - signal quality suboptimal""
  ],
  ""bull_score"": 3,
  ""bear_score"": 7
}
```",61179.96,61075.0,MAKER,TAKER,0.032677,25.04,125.766,3.43,3.43,0.0,0.0,-0.0,0.0,17.16,117.204124,PROFIT_LOCK_LADDER,28.394976,2.524936,3.4e-05,0.58759,False,True,"{'price': 61208.0, 'ret_1m': 1.6338000555492018e-05, 'ret_5m': 0.002440262696735944, 'ema9': 60495.652584395255, 'ema21': 60426.65598596066, 'ema200': 62548.60193848501, 'dist_to_support': 0.033917135015030714, 'dist_to_resistance': 0.03404783688406744, 'volume': 0.049094049, 'volume_ratio': 2.524935502214077, 'delta': 28.39497630900011, 'velocity': 3.431687673313638e-05, 'imbalance': 0.5875902481787485, 'candle_range': 139.2, 'body_ratio': 0.511639138873657, 'wick_ratio': 0.38836086112634294}",2.5,"{'early_fail_enabled': True, 'invert_signal': False, 'ai_enabled': True, 'edge_threshold': 3.0, 'edge_threshold_max': None, 'edge_range_preset': 'min_only', 'ai_threshold': 44.0, 'leverage': 100, 'pullback_threshold': 0.001}","{'ema9': 60495.652584395255, 'ema21': 60426.65598596066, 'ema200': 62548.60193848501, 'ema_spread': 0.001142, 'ema9_slope_pct': 0.8076, 'ema21_slope_pct': 0.308, 'ema9_above_ema21': True, 'ema21_above_ema200': False}",MOMENTUM_LONG,2.5,2.5,False,True,INV_False_EF_True,SHORT,12,8,SCENARIO_C_EARLY_12_v2_frozen,40.0,10.0,-12.0,2.0,8.0,300,1,2,-32.0,False,False,True,False,480,3,5.0,False,5,0.75,"[[12, 8], [15, 10], [25, 18], [40, 28], [60, 45], [80, 60], [100, 75], [150, 120]]","{""trail_ladder"": [[12, 8], [15, 10], [25, 18], [40, 28], [60, 45], [80, 60], [100, 75], [150, 120]], ""ladder_first_trigger_pct"": 12, ""ladder_first_lock_pct"": 8, ""exit_profile_id"": ""SCENARIO_C_EARLY_12_v2_frozen"", ""peak_never_loser_min_peak"": 40.0, ""peak_never_loser_floor"": 10.0, ""thesis_fast_exit_unreal_pct"": -12.0, ""thesis_mfe_protect_pct"": 2.0, ""thesis_exit_if_above_unreal_pct"": 8.0, ""thesis_min_age_sec"": 300, ""thesis_score_flip_margin"": 1, ""thesis_early_decay_delta"": 2, ""early_fail_pct_threshold"": -32.0, ""type_a_first_candle_enabled"": false, ""type_a_early_fail_enabled"": false, ""scenario_c_exit_profile"": true, ""type_a_stall_enabled"": false, ""type_a_stall_min_age_sec"": 480, ""type_a_stall_min_candles"": 3, ""type_a_stall_max_mfe_pct"": 5.0, ""trend_weakening_enabled"": false, ""spread_penalty_threshold"": 5, ""spread_penalty_margin_mult"": 0.75}",2026-06-24T20:57:39.046277+00:00,2026-06-25 06:57:39 AEST,2026-06-25 06:57:39 AEST
2026-06-24T21:10:17.721614+00:00,cont-5a23b2785997,SHORT,61015.04,60843.96,7.86362,28.04,15.0,5,4.21,4.21,0.0,0.0,-0.0,-0.0,PROFIT_LOCK_LADDER,100,0.93,62,44.0,True,SIM_LIMIT,AI_DIRECT_LIMIT,,,,,0,BEAR,SR,60-70,SPAWN,-6,-6,BEARISH_STRUCTURE,CONFLICTED,41.0,-5,3,8,0.0004,bitfinex,tBTCF0:USTF0,v10.7-fresh-scope-relay-audit-2026-06-25,BITFINEX_ZERO,v10.7-fresh-scope-relay-audit-2026-06-25,CONTINUOUS,Continuous AI Research,APPROVE,60971.0,0.038135,0.030098,FREE_RANGE,0.001342,0.885144,139.2,7.863621,0.0,42.127318,122.652,122.652,122.652,0-5m,AI_DIRECT,AI_DIRECT_CHASE,3,,44.04,0.0,0.0236,0.0236,False,0.0,0.0,-9.8e-05,2.1e-05,0.000736,0.074089,26.871289,0.0,0.521431,60980.0,60456.452584,60408.837804,62546.65169,0.000788,FREE_RANGE,SHORT_PREFERRED,0.038135,0.030098,BEAR,3.0,44.0,0.0,100,1.3,True,True,APPROVE,62,"```json
{
  ""direction"": ""SHORT"",
  ""confidence"": 62,
  ""long_score"": 25,
  ""short_score"": 72,
  ""preferred_direction"": ""SHORT"",
  ""entry_zone_low"": 61050,
  ""entry_zone_high"": 61200,
  ""limit_price"": 61125,
  ""expected_mfe"": 180,
  ""expected_mae"": 120,
  ""reversal_probability"": 66,
  ""exit_style"": ""AGGRESSIVE"",
  ""reasons_for_trade"": [
    ""BEAR regime with intact trend health (bear_score 8 vs bull_score 4)"",
    ""ADX 41 indicates strong trending market favoring continuation"",
    ""Multi-timeframe conflicted but 4h BEARISH dominates, 15m BULLISH is minor"",
    ""EMA stack bearish (price below EMA200, EMA21 below EMA200)"",
    ""Market structure bearish with LL sequence and structure_score -6"",
    ""Funding positive (longs pay shorts) favoring short positioning"",
    ""Volume ratio very low (0.035) suggesting lack of buying conviction on bounce"",
    ""Price near micro resistance (59962) after a higher low - potential rejection zone""
  ],
  ""reasons_against_trade"": [
    ""Reversal risk score 66 indicates elevated reversal probability"",
    ""Higher low detected suggests possible micro structure shift"",
    ""Price near support zone (dist_to_support 3.08%) - bounce risk"",
    ""15m timeframe shows BULLISH trend conflicting with HTF bearish"",
    ""Edge score (1.3) below threshold (3.0) - weak signal strength""
  ],
  ""bull_score"": 3,
  ""bear_score"": 8
}
```",61015.04,60843.96,MAKER,TAKER,0.024602,44.04,122.652,4.21,4.21,0.0,0.0,-0.0,-0.0,28.04,471.81733,PROFIT_LOCK_LADDER,26.871289,0.074089,2.1e-05,0.521431,False,True,"{'price': 60980.0, 'ret_1m': 0.0, 'ret_5m': -0.00044257216385005, 'ema9': 60456.45258439526, 'ema21': 60408.83780414247, 'ema200': 62546.65168972879, 'dist_to_support': 0.030098249872882052, 'dist_to_resistance': 0.03813538471632195, 'volume': 0.000735977, 'volume_ratio': 0.07408886660229926, 'delta': 26.871289138000122, 'velocity': 2.13599537449266e-05, 'imbalance': 0.5214310869655973, 'candle_range': 139.2, 'body_ratio': 0.511639138873657, 'wick_ratio': 0.38836086112634294}",1.3,"{'early_fail_enabled': True, 'invert_signal': False, 'ai_enabled': True, 'edge_threshold': 3.0, 'edge_threshold_max': None, 'edge_range_preset': 'min_only', 'ai_threshold': 44.0, 'leverage': 100, 'pullback_threshold': 0.001}","{'ema9': 60456.45258439526, 'ema21': 60408.83780414247, 'ema200': 62546.65168972879, 'ema_spread': 0.000788, 'ema9_slope_pct': 0.7423, 'ema21_slope_pct': 0.2784, 'ema9_above_ema21': True, 'ema21_above_ema200': False}",MOMENTUM_LONG,1.3,1.3,False,True,INV_False_EF_True,SHORT,12,8,SCENARIO_C_EARLY_12_v2_frozen,40.0,10.0,-12.0,2.0,8.0,300,1,2,-32.0,False,False,True,False,480,3,5.0,False,5,0.75,"[[12, 8], [15, 10], [25, 18], [40, 28], [60, 45], [80, 60], [100, 75], [150, 120]]","{""trail_ladder"": [[12, 8], [15, 10], [25, 18], [40, 28], [60, 45], [80, 60], [100, 75], [150, 120]], ""ladder_first_trigger_pct"": 12, ""ladder_first_lock_pct"": 8, ""exit_profile_id"": ""SCENARIO_C_EARLY_12_v2_frozen"", ""peak_never_loser_min_peak"": 40.0, ""peak_never_loser_floor"": 10.0, ""thesis_fast_exit_unreal_pct"": -12.0, ""thesis_mfe_protect_pct"": 2.0, ""thesis_exit_if_above_unreal_pct"": 8.0, ""thesis_min_age_sec"": 300, ""thesis_score_flip_margin"": 1, ""thesis_early_decay_delta"": 2, ""early_fail_pct_threshold"": -32.0, ""type_a_first_candle_enabled"": false, ""type_a_early_fail_enabled"": false, ""scenario_c_exit_profile"": true, ""type_a_stall_enabled"": false, ""type_a_stall_min_age_sec"": 480, ""type_a_stall_min_candles"": 3, ""type_a_stall_max_mfe_pct"": 5.0, ""trend_weakening_enabled"": false, ""spread_penalty_threshold"": 5, ""spread_penalty_margin_mult"": 0.75}",2026-06-24T21:10:17.721614+00:00,2026-06-25 07:10:17 AEST,2026-06-25 07:10:17 AEST
2026-06-24T21:16:17.442909+00:00,cont-205421fd1e80,SHORT,60862.9,60813.0,2.830849,8.2,20.0,4,1.64,1.64,0.0,0.0,-0.0,0.0,PROFIT_LOCK_LADDER,100,0.27,62,44.0,True,SIM_LIMIT,AI_DIRECT_LIMIT,,,,,0,BEAR,SR,60-70,SPAWN,-6,-6,BEARISH_STRUCTURE,CONFLICTED,39.31,-5,3,7,0.0004,bitfinex,tBTCF0:USTF0,v10.7-fresh-scope-relay-audit-2026-06-25,BITFINEX_ZERO,v10.7-fresh-scope-relay-audit-2026-06-25,CONTINUOUS,Continuous AI Research,APPROVE,60867.0,0.040679,0.027722,FREE_RANGE,0.001554,1.0,119.9,2.83085,0.0,22.493177,183.279,183.279,183.279,0-5m,AI_DIRECT,AI_DIRECT_CHASE,4,,4.1,0.0,0.0,0.0,False,0.0,0.0,-4.7e-05,8.9e-05,0.012091,0.076851,28.260259,0.0,0.492414,60867.0,60526.002068,60444.869078,62529.425663,0.001342,FREE_RANGE,SHORT_PREFERRED,0.040679,0.027722,BEAR,3.0,44.0,0.0,100,1.3,True,True,APPROVE,62,"```json
{
  ""direction"": ""SHORT"",
  ""confidence"": 62,
  ""long_score"": 28,
  ""short_score"": 72,
  ""preferred_direction"": ""SHORT"",
  ""entry_zone_low"": 60950,
  ""entry_zone_high"": 61100,
  ""limit_price"": 61025,
  ""expected_mfe"": 180,
  ""expected_mae"": 80,
  ""reversal_probability"": 34,
  ""exit_style"": ""AGGRESSIVE"",
  ""reasons_for_trade"": [
    ""BEAR regime with strong ADX (39.31) favoring continuation"",
    ""Bearish structure score (-6) with LL sequence intact"",
    ""EMA200 far above price (-2.66%) acting as resistance"",
    ""Funding positive (longs pay shorts) supporting bearish bias"",
    ""Price near micro resistance (59962) with no sweep, rejection likely""
  ],
  ""reasons_against_trade"": [
    ""Price near support zone (2.77% to support) increases bounce risk"",
    ""Higher low detected on micro structure could indicate bottoming"",
    ""Volume ratio very low (0.077) suggesting lack of conviction"",
    ""Reversal risk score elevated (66) warns of potential trend change""
  ],
  ""bull_score"": 3,
  ""bear_score"": 7
}
```",60862.9,60813.0,MAKER,TAKER,0.032859,4.1,183.279,1.64,1.64,0.0,0.0,-0.0,0.0,8.2,169.851019,PROFIT_LOCK_LADDER,28.260259,0.076851,8.9e-05,0.492414,False,True,"{'price': 60867.0, 'ret_1m': 0.0, 'ret_5m': 0.0009702670701223523, 'ema9': 60526.002067516216, 'ema21': 60444.869078142765, 'ema200': 62529.42566268751, 'dist_to_support': 0.02772205597027196, 'dist_to_resistance': 0.04067874642375612, 'volume': 0.012090718, 'volume_ratio': 0.07685058967342179, 'delta': 28.260259082000097, 'velocity': 8.876688614077614e-05, 'imbalance': 0.4924142799712771, 'candle_range': 119.9, 'body_ratio': 0.5469317976038157, 'wick_ratio': 0.35306820239618414}",1.3,"{'early_fail_enabled': True, 'invert_signal': False, 'ai_enabled': True, 'edge_threshold': 3.0, 'edge_threshold_max': None, 'edge_range_preset': 'min_only', 'ai_threshold': 44.0, 'leverage': 100, 'pullback_threshold': 0.001}","{'ema9': 60526.002067516216, 'ema21': 60444.869078142765, 'ema200': 62529.42566268751, 'ema_spread': 0.001342, 'ema9_slope_pct': 0.591, 'ema21_slope_pct': 0.2525, 'ema9_above_ema21': True, 'ema21_above_ema200': False}",MOMENTUM_LONG,1.3,1.3,False,True,INV_False_EF_True,SHORT,12,8,SCENARIO_C_EARLY_12_v2_frozen,40.0,10.0,-12.0,2.0,8.0,300,1,2,-32.0,False,False,True,False,480,3,5.0,False,5,0.75,"[[12, 8], [15, 10], [25, 18], [40, 28], [60, 45], [80, 60], [100, 75], [150, 120]]","{""trail_ladder"": [[12, 8], [15, 10], [25, 18], [40, 28], [60, 45], [80, 60], [100, 75], [150, 120]], ""ladder_first_trigger_pct"": 12, ""ladder_first_lock_pct"": 8, ""exit_profile_id"": ""SCENARIO_C_EARLY_12_v2_frozen"", ""peak_never_loser_min_peak"": 40.0, ""peak_never_loser_floor"": 10.0, ""thesis_fast_exit_unreal_pct"": -12.0, ""thesis_mfe_protect_pct"": 2.0, ""thesis_exit_if_above_unreal_pct"": 8.0, ""thesis_min_age_sec"": 300, ""thesis_score_flip_margin"": 1, ""thesis_early_decay_delta"": 2, ""early_fail_pct_threshold"": -32.0, ""type_a_first_candle_enabled"": false, ""type_a_early_fail_enabled"": false, ""scenario_c_exit_profile"": true, ""type_a_stall_enabled"": false, ""type_a_stall_min_age_sec"": 480, ""type_a_stall_min_candles"": 3, ""type_a_stall_max_mfe_pct"": 5.0, ""trend_weakening_enabled"": false, ""spread_penalty_threshold"": 5, ""spread_penalty_margin_mult"": 0.75}",2026-06-24T21:16:17.442909+00:00,2026-06-25 07:16:17 AEST,2026-06-25 07:16:17 AEST
2026-06-24T21:16:17.455021+00:00,c604c-51068405f5e3,SHORT,60864.48,60813.0,2.78808,8.46,20.0,4,1.69,1.69,0.0,0.0,-0.0,0.0,PROFIT_LOCK_LADDER,100,0.28,62,44.0,True,SIM_LIMIT,AI_DIRECT_LIMIT,,,,,0,BEAR,SR,60-70,SPAWN,-6,-6,BEARISH_STRUCTURE,CONFLICTED,39.31,-5,3,7,0.0004,bitfinex,tBTCF0:USTF0,v10.7-fresh-scope-relay-audit-2026-06-25,BITFINEX_ZERO,v10.7-fresh-scope-relay-audit-2026-06-25,COMBO_604_SP4_CHASE_3PLUS,AI60-65 · Spread4 · Chase 3+,APPROVE,60867.0,0.040679,0.027722,FREE_RANGE,0.001554,1.0,119.9,2.78808,0.0,22.752186,184.002,184.002,184.002,0-5m,AI_DIRECT,AI_DIRECT_CHASE,4,,2.52,0.0,0.0,0.0,False,0.0,0.0,-4.6e-05,8.9e-05,0.012091,0.076851,28.260259,0.0,0.492414,60867.0,60526.002068,60444.869078,62529.425663,0.001342,FREE_RANGE,SHORT_PREFERRED,0.040679,0.027722,BEAR,3.0,44.0,0.0,100,1.3,True,True,APPROVE,62,"```json
{
  ""direction"": ""SHORT"",
  ""confidence"": 62,
  ""long_score"": 28,
  ""short_score"": 72,
  ""preferred_direction"": ""SHORT"",
  ""entry_zone_low"": 60950,
  ""entry_zone_high"": 61100,
  ""limit_price"": 61025,
  ""expected_mfe"": 180,
  ""expected_mae"": 80,
  ""reversal_probability"": 34,
  ""exit_style"": ""AGGRESSIVE"",
  ""reasons_for_trade"": [
    ""BEAR regime with strong ADX (39.31) favoring continuation"",
    ""Bearish structure score (-6) with LL sequence intact"",
    ""EMA200 far above price (-2.66%) acting as resistance"",
    ""Funding positive (longs pay shorts) supporting bearish bias"",
    ""Price near micro resistance (59962) with no sweep, rejection likely""
  ],
  ""reasons_against_trade"": [
    ""Price near support zone (2.77% to support) increases bounce risk"",
    ""Higher low detected on micro structure could indicate bottoming"",
    ""Volume ratio very low (0.077) suggesting lack of conviction"",
    ""Reversal risk score elevated (66) warns of potential trend change""
  ],
  ""bull_score"": 3,
  ""bear_score"": 7
}
```",60864.48,60813.0,MAKER,TAKER,0.032859,2.52,184.002,1.69,1.69,0.0,0.0,-0.0,0.0,8.46,167.284864,PROFIT_LOCK_LADDER,28.260259,0.076851,8.9e-05,0.492414,False,True,"{'price': 60867.0, 'ret_1m': 0.0, 'ret_5m': 0.0009702670701223523, 'ema9': 60526.002067516216, 'ema21': 60444.869078142765, 'ema200': 62529.42566268751, 'dist_to_support': 0.02772205597027196, 'dist_to_resistance': 0.04067874642375612, 'volume': 0.012090718, 'volume_ratio': 0.07685058967342179, 'delta': 28.260259082000097, 'velocity': 8.876688614077614e-05, 'imbalance': 0.4924142799712771, 'candle_range': 119.9, 'body_ratio': 0.5469317976038157, 'wick_ratio': 0.35306820239618414}",1.3,"{'early_fail_enabled': True, 'invert_signal': False, 'ai_enabled': True, 'edge_threshold': 3.0, 'edge_threshold_max': None, 'edge_range_preset': 'min_only', 'ai_threshold': 44.0, 'leverage': 100, 'pullback_threshold': 0.001}","{'ema9': 60526.002067516216, 'ema21': 60444.869078142765, 'ema200': 62529.42566268751, 'ema_spread': 0.001342, 'ema9_slope_pct': 0.591, 'ema21_slope_pct': 0.2525, 'ema9_above_ema21': True, 'ema21_above_ema200': False}",MOMENTUM_LONG,1.3,1.3,False,True,INV_False_EF_True,SHORT,12,8,SCENARIO_C_EARLY_12_v2_frozen,40.0,10.0,-12.0,2.0,8.0,300,1,2,-32.0,False,False,True,False,480,3,5.0,False,5,0.75,"[[12, 8], [15, 10], [25, 18], [40, 28], [60, 45], [80, 60], [100, 75], [150, 120]]","{""trail_ladder"": [[12, 8], [15, 10], [25, 18], [40, 28], [60, 45], [80, 60], [100, 75], [150, 120]], ""ladder_first_trigger_pct"": 12, ""ladder_first_lock_pct"": 8, ""exit_profile_id"": ""SCENARIO_C_EARLY_12_v2_frozen"", ""peak_never_loser_min_peak"": 40.0, ""peak_never_loser_floor"": 10.0, ""thesis_fast_exit_unreal_pct"": -12.0, ""thesis_mfe_protect_pct"": 2.0, ""thesis_exit_if_above_unreal_pct"": 8.0, ""thesis_min_age_sec"": 300, ""thesis_score_flip_margin"": 1, ""thesis_early_decay_delta"": 2, ""early_fail_pct_threshold"": -32.0, ""type_a_first_candle_enabled"": false, ""type_a_early_fail_enabled"": false, ""scenario_c_exit_profile"": true, ""type_a_stall_enabled"": false, ""type_a_stall_min_age_sec"": 480, ""type_a_stall_min_candles"": 3, ""type_a_stall_max_mfe_pct"": 5.0, ""trend_weakening_enabled"": false, ""spread_penalty_threshold"": 5, ""spread_penalty_margin_mult"": 0.75}",2026-06-24T21:16:17.455021+00:00,2026-06-25 07:16:17 AEST,2026-06-25 07:16:17 AEST
2026-06-24T21:24:10.299050+00:00,cont-206ea19ee116,SHORT,60917.84,60851.98,0.149815,10.81,15.0,5,1.62,1.62,0.0,0.0,-0.0,0.0,PROFIT_LOCK_LADDER,100,0.36,62,44.0,True,SIM_LIMIT,AI_DIRECT_LIMIT,,,,,0,BEAR,SR,60-70,SPAWN,-6,-6,BEARISH_STRUCTURE,CONFLICTED,37.4,-5,3,8,0.0004,bitfinex,tBTCF0:USTF0,v10.7-fresh-scope-relay-audit-2026-06-25,BITFINEX_ZERO,v10.7-fresh-scope-relay-audit-2026-06-25,CONTINUOUS,Continuous AI Research,APPROVE,60877.0,0.03967,0.028664,FREE_RANGE,0.001736,0.26286,100.2,0.149817,0.0,15.404354,245.311,245.311,245.311,0-5m,AI_DIRECT,AI_DIRECT_CHASE,5,,40.84,0.0,0.0242,0.0242,False,0.0,0.0,-2e-06,7e-06,0.017962,0.0,31.619231,0.0,0.513917,60877.0,60587.041654,60479.682633,62512.648274,0.001775,FREE_RANGE,SHORT_PREFERRED,0.03967,0.028664,BEAR,3.0,44.0,0.0,100,1.9,True,True,APPROVE,62,"```json
{
  ""direction"": ""SHORT"",
  ""confidence"": 62,
  ""long_score"": 30,
  ""short_score"": 72,
  ""preferred_direction"": ""SHORT"",
  ""entry_zone_low"": 60950,
  ""entry_zone_high"": 61150,
  ""limit_price"": 61050,
  ""expected_mfe"": 120,
  ""expected_mae"": 80,
  ""reversal_probability"": 81,
  ""exit_style"": ""AGGRESSIVE"",
  ""reasons_for_trade"": [
    ""BEAR regime with intact trend health (bear_score 8 vs bull_score 4)"",
    ""ADX 37.4 indicates strong trending conditions favoring continuation"",
    ""Market structure is BEARISH with LL sequence and negative structure_score (-6)"",
    ""Price is near micro resistance (61250) with only 0.6% distance, providing a short entry zone"",
    ""EMA stack is bearish (price below EMA200, EMA21 below EMA200) despite short-term EMA9/21 bullish cross"",
    ""Funding positive (longs pay shorts) favors short positioning"",
    ""Multi-timeframe agreement is CONFLICTED but 4h is BEARISH, the dominant higher timeframe"",
    ""Compression regime may resolve downward given bearish structure and trend strength""
  ],
  ""reasons_against_trade"": [
    ""Reversal risk score is high (81/100) indicating potential for bounce from micro support"",
    ""Higher low detected suggests some buying pressure at lower levels"",
    ""Price is relatively close to micro support (59436) at 2.37% distance, limiting downside room"",
    ""15m timeframe shows BULLISH trend, creating short-term conflict"",
    ""EMA9 and EMA21 are above price, providing short-term bullish alignment"",
    ""Volume ratio is extremely low, suggesting lack of conviction in current move""
  ],
  ""bull_score"": 3,
  ""bear_score"": 8
}
```",60917.84,60851.98,MAKER,TAKER,0.02464,40.84,245.311,1.62,1.62,0.0,0.0,-0.0,0.0,10.81,8.989076,PROFIT_LOCK_LADDER,31.619231,0.0,7e-06,0.513917,False,True,"{'price': 60877.0, 'ret_1m': 0.0, 'ret_5m': 0.00013142979184806717, 'ema9': 60587.041654012966, 'ema21': 60479.68263301899, 'ema200': 62512.64827382615, 'dist_to_support': 0.02866435599651757, 'dist_to_resistance': 0.03967015457397704, 'volume': 0.017962006999999995, 'volume_ratio': 3.565250908383149e-07, 'delta': 31.619231450000058, 'velocity': 6.5818217077659044e-06, 'imbalance': 0.5139169513484676, 'candle_range': 100.2, 'body_ratio': 0.5774363021083203, 'wick_ratio': 0.3225636978916796}",1.9,"{'early_fail_enabled': True, 'invert_signal': False, 'ai_enabled': True, 'edge_threshold': 3.0, 'edge_threshold_max': None, 'edge_range_preset': 'min_only', 'ai_threshold': 44.0, 'leverage': 100, 'pullback_threshold': 0.001}","{'ema9': 60587.041654012966, 'ema21': 60479.68263301899, 'ema200': 62512.64827382615, 'ema_spread': 0.001775, 'ema9_slope_pct': 0.4438, 'ema21_slope_pct': 0.2162, 'ema9_above_ema21': True, 'ema21_above_ema200': False}",MOMENTUM_LONG,1.9,1.9,False,True,INV_False_EF_True,SHORT,12,8,SCENARIO_C_EARLY_12_v2_frozen,40.0,10.0,-12.0,2.0,8.0,300,1,2,-32.0,False,False,True,False,480,3,5.0,False,5,0.75,"[[12, 8], [15, 10], [25, 18], [40, 28], [60, 45], [80, 60], [100, 75], [150, 120]]","{""trail_ladder"": [[12, 8], [15, 10], [25, 18], [40, 28], [60, 45], [80, 60], [100, 75], [150, 120]], ""ladder_first_trigger_pct"": 12, ""ladder_first_lock_pct"": 8, ""exit_profile_id"": ""SCENARIO_C_EARLY_12_v2_frozen"", ""peak_never_loser_min_peak"": 40.0, ""peak_never_loser_floor"": 10.0, ""thesis_fast_exit_unreal_pct"": -12.0, ""thesis_mfe_protect_pct"": 2.0, ""thesis_exit_if_above_unreal_pct"": 8.0, ""thesis_min_age_sec"": 300, ""thesis_score_flip_margin"": 1, ""thesis_early_decay_delta"": 2, ""early_fail_pct_threshold"": -32.0, ""type_a_first_candle_enabled"": false, ""type_a_early_fail_enabled"": false, ""scenario_c_exit_profile"": true, ""type_a_stall_enabled"": false, ""type_a_stall_min_age_sec"": 480, ""type_a_stall_min_candles"": 3, ""type_a_stall_max_mfe_pct"": 5.0, ""trend_weakening_enabled"": false, ""spread_penalty_threshold"": 5, ""spread_penalty_margin_mult"": 0.75}",2026-06-24T21:24:10.299050+00:00,2026-06-25 07:24:10 AEST,2026-06-25 07:24:10 AEST
2026-06-24T21:36:43.164681+00:00,cont-485080169c7f,SHORT,60894.82,60957.89,3.452327,-10.36,15.0,5,-1.55,-1.55,0.0,0.0,-0.0,0.0,THESIS_FAST_CUT,100,0.35,62,44.0,True,SIM_LIMIT,AI_DIRECT_LIMIT,,,,,0,BEAR,SR,60-70,SPAWN,-6,-6,BEARISH_STRUCTURE,CONFLICTED,37.4,-5,3,8,0.0004,bitfinex,tBTCF0:USTF0,v10.7-fresh-scope-relay-audit-2026-06-25,BITFINEX_ZERO,v10.7-fresh-scope-relay-audit-2026-06-25,CONTINUOUS,Continuous AI Research,APPROVE,60879.0,0.039636,0.028696,FREE_RANGE,0.002195,1.0,100.2,3.452328,-12.017443,1.284181,386.402,386.402,386.402,5-15m,AI_DIRECT,AI_DIRECT_CHASE,6,,15.82,0.0,0.0219,0.0219,False,0.0,0.0,-4.3e-05,4.9e-05,0.02049,0.746721,32.800675,0.0,0.517527,60879.0,60589.441654,60480.773542,62512.767677,0.001797,FREE_RANGE,SHORT_PREFERRED,0.039636,0.028696,BEAR,3.0,44.0,0.0,100,1.8,True,True,APPROVE,62,"```json
{
  ""direction"": ""SHORT"",
  ""confidence"": 62,
  ""long_score"": 28,
  ""short_score"": 72,
  ""preferred_direction"": ""SHORT"",
  ""entry_zone_low"": 60950,
  ""entry_zone_high"": 61150,
  ""limit_price"": 61050,
  ""expected_mfe"": 180,
  ""expected_mae"": 80,
  ""reversal_probability"": 63,
  ""exit_style"": ""AGGRESSIVE"",
  ""reasons_for_trade"": [
    ""BEAR regime with intact trend health (bear_score 8 vs bull_score 4)"",
    ""ADX 37.4 (>25) confirms trending market favoring continuation"",
    ""Market structure is BEARISH with structure_score -6 and last swing sequence showing LL/HL bearish pattern"",
    ""Price below EMA200 (-2.6%) and EMA stack not bullish (ema21 below ema200)"",
    ""Multi-timeframe agreement is CONFLICTED but 4h is BEARISH and 15m BULLISH is likely a pullback within larger downtrend"",
    ""Edge score 1.8 below threshold 3.0 suggests no strong reversal edge"",
    ""Funding positive (longs pay shorts) favors short positioning"",
    ""Price near micro resistance (61250) with only 0.6% distance - potential rejection zone""
  ],
  ""reasons_against_trade"": [
    ""Reversal risk score 63 indicates moderate reversal probability"",
    ""Higher low detected on micro structure could signal short-term bounce"",
    ""15m timeframe shows BULLISH trend conflicting with HTF bearish bias"",
    ""Price is relatively close to micro support (2.37%) which may limit downside"",
    ""Volume ratio below 1 (0.75) suggests lack of aggressive selling""
  ],
  ""bull_score"": 3,
  ""bear_score"": 8
}
```",60894.82,60957.89,MAKER,TAKER,0.024639,15.82,386.402,-1.55,-1.55,0.0,0.0,-0.0,0.0,-10.36,207.139715,THESIS_FAST_CUT,32.800675,0.746721,4.9e-05,0.517527,False,True,"{'price': 60879.0, 'ret_1m': 1.6426295213377576e-05, 'ret_5m': 0.0008548835221201111, 'ema9': 60589.44165401297, 'ema21': 60480.77354210989, 'ema200': 62512.76767681123, 'dist_to_support': 0.0286962663644278, 'dist_to_resistance': 0.039635999277254884, 'volume': 0.020489654, 'volume_ratio': 0.7467210981335418, 'delta': 32.80067516800004, 'velocity': 4.930363755232624e-05, 'imbalance': 0.517527348403169, 'candle_range': 100.2, 'body_ratio': 0.5774363021083203, 'wick_ratio': 0.3225636978916796}",1.8,"{'early_fail_enabled': True, 'invert_signal': False, 'ai_enabled': True, 'edge_threshold': 3.0, 'edge_threshold_max': None, 'edge_range_preset': 'min_only', 'ai_threshold': 44.0, 'leverage': 100, 'pullback_threshold': 0.001}","{'ema9': 60589.44165401297, 'ema21': 60480.77354210989, 'ema200': 62512.76767681123, 'ema_spread': 0.001797, 'ema9_slope_pct': 0.4478, 'ema21_slope_pct': 0.218, 'ema9_above_ema21': True, 'ema21_above_ema200': False}",MOMENTUM_LONG,1.8,1.8,False,True,INV_False_EF_True,SHORT,12,8,SCENARIO_C_EARLY_12_v2_frozen,40.0,10.0,-12.0,2.0,8.0,300,1,2,-32.0,False,False,True,False,480,3,5.0,False,5,0.75,"[[12, 8], [15, 10], [25, 18], [40, 28], [60, 45], [80, 60], [100, 75], [150, 120]]","{""trail_ladder"": [[12, 8], [15, 10], [25, 18], [40, 28], [60, 45], [80, 60], [100, 75], [150, 120]], ""ladder_first_trigger_pct"": 12, ""ladder_first_lock_pct"": 8, ""exit_profile_id"": ""SCENARIO_C_EARLY_12_v2_frozen"", ""peak_never_loser_min_peak"": 40.0, ""peak_never_loser_floor"": 10.0, ""thesis_fast_exit_unreal_pct"": -12.0, ""thesis_mfe_protect_pct"": 2.0, ""thesis_exit_if_above_unreal_pct"": 8.0, ""thesis_min_age_sec"": 300, ""thesis_score_flip_margin"": 1, ""thesis_early_decay_delta"": 2, ""early_fail_pct_threshold"": -32.0, ""type_a_first_candle_enabled"": false, ""type_a_early_fail_enabled"": false, ""scenario_c_exit_profile"": true, ""type_a_stall_enabled"": false, ""type_a_stall_min_age_sec"": 480, ""type_a_stall_min_candles"": 3, ""type_a_stall_max_mfe_pct"": 5.0, ""trend_weakening_enabled"": false, ""spread_penalty_threshold"": 5, ""spread_penalty_margin_mult"": 0.75}",2026-06-24T21:36:43.164681+00:00,2026-06-25 07:36:43 AEST,2026-06-25 07:36:43 AEST
2026-06-24T21:37:26.360010+00:00,cont-0351d0d18522,SHORT,60969.73,61037.41,0.719471,-11.1,20.0,4,-2.22,-2.22,0.0,0.0,-0.0,0.0,THESIS_FAST_CUT,100,0.37,62,44.0,True,SIM_LIMIT,AI_DIRECT_LIMIT,,,,,0,BEAR,SR,60-70,SPAWN,-6,-6,BEARISH_STRUCTURE,CONFLICTED,35.79,-5,3,7,0.0004,bitfinex,tBTCF0:USTF0,v10.7-fresh-scope-relay-audit-2026-06-25,BITFINEX_ZERO,v10.7-fresh-scope-relay-audit-2026-06-25,CONTINUOUS,Continuous AI Research,APPROVE,60896.0,0.039602,0.028728,FREE_RANGE,0.002195,0.887151,76.4,0.719472,-12.017439,1.877981,201.042,201.042,201.042,0-5m,AI_DIRECT,AI_DIRECT_CHASE,4,,73.73,0.0,0.0462,0.0462,False,0.0,0.0,-1.2e-05,9.7e-05,0.013996,1.80998,32.419105,0.0,0.480364,60896.0,60638.513323,60512.868509,62495.351296,0.002076,FREE_RANGE,SHORT_PREFERRED,0.039602,0.028728,BEAR,3.0,44.0,0.0,100,1.5,True,True,APPROVE,62,"```json
{
  ""direction"": ""SHORT"",
  ""confidence"": 62,
  ""long_score"": 28,
  ""short_score"": 72,
  ""preferred_direction"": ""SHORT"",
  ""entry_zone_low"": 60950,
  ""entry_zone_high"": 61250,
  ""limit_price"": 61100,
  ""expected_mfe"": 180,
  ""expected_mae"": 120,
  ""reversal_probability"": 63,
  ""exit_style"": ""AGGRESSIVE"",
  ""reasons_for_trade"": [
    ""BEAR regime with intact trend health (bear_score 8 vs bull_score 4)"",
    ""ADX 35.79 > 25 confirms trending market favoring continuation"",
    ""Market structure bias BEARISH with LL sequence and negative structure_score -6"",
    ""Price below EMA200 (-2.58%) and EMA stack not bullish (ema21 below ema200)"",
    ""Multi-timeframe conflicted but 4h BEARISH dominates, 15m BULLISH is minor"",
    ""Micro resistance at 61250 provides a clear short entry zone near current price"",
    ""Funding positive (longs pay shorts) favors short positioning"",
    ""Volume ratio slightly above average (1.10) supporting directional move""
  ],
  ""reasons_against_trade"": [
    ""Price near micro support (60704) with only 0.29% distance - bounce risk elevated"",
    ""Reversal probability 63% suggests non-trivial chance of mean reversion"",
    ""15m timeframe shows BULLISH trend conflicting with HTF bearish view"",
    ""EMA9 and EMA21 are above price, indicating short-term bullish momentum"",
    ""Delta positive (32.4) shows buying pressure in recent candles"",
    ""Edge score (1.5) below threshold (3.0) - pattern quality not exceptional""
  ],
  ""bull_score"": 3,
  ""bear_score"": 7
}
```

Direction: SHORT
Win probability: 62%
Long score: 28
Short score: 72
Bull score: 3
Bear score: 7
Decision: APPROVE
Reason: Bearish trend hierarchy dominates - BEAR regime, ADX > 25 trending, bearish structure with LL sequence, and price below EMA200. Short entry near micro resistance (61250) aligns with continuation bias. Reversal risk (63%) is noted but insufficient to override strong bearish evidence. Entry zone set above current price for pullback short.",60969.73,61037.41,MAKER,TAKER,0.032843,73.73,201.042,-2.22,-2.22,0.0,0.0,-0.0,0.0,-11.1,43.168389,THESIS_FAST_CUT,32.419105,1.80998,9.7e-05,0.480364,False,True,"{'price': 60896.0, 'ret_1m': 1.6421709499958944e-05, 'ret_5m': 0.00044357554748722665, 'ema9': 60638.51332321038, 'ema21': 60512.86850934686, 'ema200': 62495.35129637731, 'dist_to_support': 0.028728174635764853, 'dist_to_resistance': 0.03960184622460209, 'volume': 0.013995707999999999, 'volume_ratio': 1.8099803117068853, 'delta': 32.41910461000001, 'velocity': 9.694440641660706e-05, 'imbalance': 0.4803638343672617, 'candle_range': 76.4, 'body_ratio': 0.508948907150337, 'wick_ratio': 0.2910510928496629}",1.5,"{'early_fail_enabled': True, 'invert_signal': False, 'ai_enabled': True, 'edge_threshold': 3.0, 'edge_threshold_max': None, 'edge_range_preset': 'min_only', 'ai_threshold': 44.0, 'leverage': 100, 'pullback_threshold': 0.001}","{'ema9': 60638.51332321038, 'ema21': 60512.86850934686, 'ema200': 62495.35129637731, 'ema_spread': 0.002076, 'ema9_slope_pct': 0.2982, 'ema21_slope_pct': 0.1709, 'ema9_above_ema21': True, 'ema21_above_ema200': False}",MOMENTUM_LONG,1.5,1.5,False,True,INV_False_EF_True,SHORT,12,8,SCENARIO_C_EARLY_12_v2_frozen,40.0,10.0,-12.0,2.0,8.0,300,1,2,-32.0,False,False,True,False,480,3,5.0,False,5,0.75,"[[12, 8], [15, 10], [25, 18], [40, 28], [60, 45], [80, 60], [100, 75], [150, 120]]","{""trail_ladder"": [[12, 8], [15, 10], [25, 18], [40, 28], [60, 45], [80, 60], [100, 75], [150, 120]], ""ladder_first_trigger_pct"": 12, ""ladder_first_lock_pct"": 8, ""exit_profile_id"": ""SCENARIO_C_EARLY_12_v2_frozen"", ""peak_never_loser_min_peak"": 40.0, ""peak_never_loser_floor"": 10.0, ""thesis_fast_exit_unreal_pct"": -12.0, ""thesis_mfe_protect_pct"": 2.0, ""thesis_exit_if_above_unreal_pct"": 8.0, ""thesis_min_age_sec"": 300, ""thesis_score_flip_margin"": 1, ""thesis_early_decay_delta"": 2, ""early_fail_pct_threshold"": -32.0, ""type_a_first_candle_enabled"": false, ""type_a_early_fail_enabled"": false, ""scenario_c_exit_profile"": true, ""type_a_stall_enabled"": false, ""type_a_stall_min_age_sec"": 480, ""type_a_stall_min_candles"": 3, ""type_a_stall_max_mfe_pct"": 5.0, ""trend_weakening_enabled"": false, ""spread_penalty_threshold"": 5, ""spread_penalty_margin_mult"": 0.75}",2026-06-24T21:37:26.360010+00:00,2026-06-25 07:37:26 AEST,2026-06-25 07:37:26 AEST
2026-06-24T21:43:58.681350+00:00,c604c-587ffb84beb0,SHORT,60975.62,61166.0,7.252456,-31.22,20.0,4,-6.24,-6.24,0.0,0.0,-0.0,-0.0,STOP_LOSS,100,1.04,62,44.0,True,SIM_LIMIT,AI_DIRECT_LIMIT,,,,,0,BEAR,SR,60-70,SPAWN,-6,-6,BEARISH_STRUCTURE,CONFLICTED,35.79,-5,3,7,0.0004,bitfinex,tBTCF0:USTF0,v10.7-fresh-scope-relay-audit-2026-06-25,BITFINEX_ZERO,v10.7-fresh-scope-relay-audit-2026-06-25,COMBO_604_SP4_CHASE_3PLUS,AI60-65 · Spread4 · Chase 3+,APPROVE,60896.0,0.039602,0.028728,FREE_RANGE,0.00258,0.887151,76.4,7.252457,-31.222315,2.84376,199.805,199.805,199.805,0-5m,AI_DIRECT,AI_DIRECT_CHASE,4,,79.62,0.0,0.0,0.0,False,0.0,0.0,-0.000121,9.7e-05,0.013996,1.80998,32.419105,0.0,0.480364,60896.0,60638.513323,60512.868509,62495.351296,0.002076,FREE_RANGE,SHORT_PREFERRED,0.039602,0.028728,BEAR,3.0,44.0,0.0,100,1.5,True,True,APPROVE,62,"```json
{
  ""direction"": ""SHORT"",
  ""confidence"": 62,
  ""long_score"": 28,
  ""short_score"": 72,
  ""preferred_direction"": ""SHORT"",
  ""entry_zone_low"": 60950,
  ""entry_zone_high"": 61250,
  ""limit_price"": 61100,
  ""expected_mfe"": 180,
  ""expected_mae"": 120,
  ""reversal_probability"": 63,
  ""exit_style"": ""AGGRESSIVE"",
  ""reasons_for_trade"": [
    ""BEAR regime with intact trend health (bear_score 8 vs bull_score 4)"",
    ""ADX 35.79 > 25 confirms trending market favoring continuation"",
    ""Market structure bias BEARISH with LL sequence and negative structure_score -6"",
    ""Price below EMA200 (-2.58%) and EMA stack not bullish (ema21 below ema200)"",
    ""Multi-timeframe conflicted but 4h BEARISH dominates, 15m BULLISH is minor"",
    ""Micro resistance at 61250 provides a clear short entry zone near current price"",
    ""Funding positive (longs pay shorts) favors short positioning"",
    ""Volume ratio slightly above average (1.10) supporting directional move""
  ],
  ""reasons_against_trade"": [
    ""Price near micro support (60704) with only 0.29% distance - bounce risk elevated"",
    ""Reversal probability 63% suggests non-trivial chance of mean reversion"",
    ""15m timeframe shows BULLISH trend conflicting with HTF bearish view"",
    ""EMA9 and EMA21 are above price, indicating short-term bullish momentum"",
    ""Delta positive (32.4) shows buying pressure in recent candles"",
    ""Edge score (1.5) below threshold (3.0) - pattern quality not exceptional""
  ],
  ""bull_score"": 3,
  ""bear_score"": 7
}
```

Direction: SHORT
Win probability: 62%
Long score: 28
Short score: 72
Bull score: 3
Bear score: 7
Decision: APPROVE
Reason: Bearish trend hierarchy dominates - BEAR regime, ADX > 25 trending, bearish structure with LL sequence, and price below EMA200. Short entry near micro resistance (61250) aligns with continuation bias. Reversal risk (63%) is noted but insufficient to override strong bearish evidence. Entry zone set above current price for pullback short.",60975.62,61166.0,MAKER,TAKER,0.032843,79.62,199.805,-6.24,-6.24,0.0,0.0,-0.0,-0.0,-31.22,435.147467,STOP_LOSS,32.419105,1.80998,9.7e-05,0.480364,False,True,"{'price': 60896.0, 'ret_1m': 1.6421709499958944e-05, 'ret_5m': 0.00044357554748722665, 'ema9': 60638.51332321038, 'ema21': 60512.86850934686, 'ema200': 62495.35129637731, 'dist_to_support': 0.028728174635764853, 'dist_to_resistance': 0.03960184622460209, 'volume': 0.013995707999999999, 'volume_ratio': 1.8099803117068853, 'delta': 32.41910461000001, 'velocity': 9.694440641660706e-05, 'imbalance': 0.4803638343672617, 'candle_range': 76.4, 'body_ratio': 0.508948907150337, 'wick_ratio': 0.2910510928496629}",1.5,"{'early_fail_enabled': True, 'invert_signal': False, 'ai_enabled': True, 'edge_threshold': 3.0, 'edge_threshold_max': None, 'edge_range_preset': 'min_only', 'ai_threshold': 44.0, 'leverage': 100, 'pullback_threshold': 0.001}","{'ema9': 60638.51332321038, 'ema21': 60512.86850934686, 'ema200': 62495.35129637731, 'ema_spread': 0.002076, 'ema9_slope_pct': 0.2982, 'ema21_slope_pct': 0.1709, 'ema9_above_ema21': True, 'ema21_above_ema200': False}",MOMENTUM_LONG,1.5,1.5,False,True,INV_False_EF_True,SHORT,12,8,SCENARIO_C_EARLY_12_v2_frozen,40.0,10.0,-12.0,2.0,8.0,300,1,2,-32.0,False,False,True,False,480,3,5.0,False,5,0.75,"[[12, 8], [15, 10], [25, 18], [40, 28], [60, 45], [80, 60], [100, 75], [150, 120]]","{""trail_ladder"": [[12, 8], [15, 10], [25, 18], [40, 28], [60, 45], [80, 60], [100, 75], [150, 120]], ""ladder_first_trigger_pct"": 12, ""ladder_first_lock_pct"": 8, ""exit_profile_id"": ""SCENARIO_C_EARLY_12_v2_frozen"", ""peak_never_loser_min_peak"": 40.0, ""peak_never_loser_floor"": 10.0, ""thesis_fast_exit_unreal_pct"": -12.0, ""thesis_mfe_protect_pct"": 2.0, ""thesis_exit_if_above_unreal_pct"": 8.0, ""thesis_min_age_sec"": 300, ""thesis_score_flip_margin"": 1, ""thesis_early_decay_delta"": 2, ""early_fail_pct_threshold"": -32.0, ""type_a_first_candle_enabled"": false, ""type_a_early_fail_enabled"": false, ""scenario_c_exit_profile"": true, ""type_a_stall_enabled"": false, ""type_a_stall_min_age_sec"": 480, ""type_a_stall_min_candles"": 3, ""type_a_stall_max_mfe_pct"": 5.0, ""trend_weakening_enabled"": false, ""spread_penalty_threshold"": 5, ""spread_penalty_margin_mult"": 0.75}",2026-06-24T21:43:58.681350+00:00,2026-06-25 07:43:58 AEST,2026-06-25 07:43:58 AEST
2026-06-24T21:47:01.701306+00:00,cont-665c5e6dc6a1,SHORT,61166.12,61125.0,0.972315,6.72,15.0,5,1.01,1.01,0.0,0.0,-0.0,0.0,PROFIT_LOCK_LADDER,100,0.22,62,44.0,True,SIM_LIMIT,AI_DIRECT_LIMIT,,,,,0,BEAR,SR,60-70,SPAWN,-6,-6,BEARISH_STRUCTURE,CONFLICTED,36.27,-5,3,8,0.0004,bitfinex,tBTCF0:USTF0,v10.7-fresh-scope-relay-audit-2026-06-25,BITFINEX_ZERO,v10.7-fresh-scope-relay-audit-2026-06-25,CONTINUOUS,Continuous AI Research,APPROVE,61070.0,0.036384,0.031734,FREE_RANGE,0.003211,0.458175,76.4,0.972315,-2.243072,12.771776,361.917,361.917,361.917,5-15m,AI_DIRECT,AI_DIRECT_CHASE,2,,96.12,0.0,0.0,0.0,False,0.0,0.0,-1.2e-05,-5.1e-05,0.010159,0.039303,33.285048,0.0,0.464174,61070.0,60684.113323,60533.595782,62497.619953,0.002487,FREE_RANGE,SHORT_PREFERRED,0.036384,0.031734,BEAR,3.0,44.0,0.0,100,2.4,True,True,APPROVE,62,"```json
{
  ""direction"": ""SHORT"",
  ""confidence"": 62,
  ""long_score"": 30,
  ""short_score"": 72,
  ""preferred_direction"": ""SHORT"",
  ""entry_zone_low"": 61150,
  ""entry_zone_high"": 61300,
  ""limit_price"": 61225,
  ""expected_mfe"": 180,
  ""expected_mae"": 80,
  ""reversal_probability"": 61,
  ""exit_style"": ""AGGRESSIVE"",
  ""reasons_for_trade"": [
    ""BEAR regime with strong bearish structure (structure_score -6, last 6 swings LL/LL/LL/LL/HL/HL)"",
    ""ADX 36.27 > 25 confirms trending market, favoring continuation"",
    ""EMA stack bearish: price below EMA200 (-2.28%), EMA21 below EMA200, no bull stack"",
    ""Trend health bear_score 8 vs bull_score 4, intact bearish trend"",
    ""Multi-timeframe conflicted but 4h BEARISH dominates, 15m BULLISH is minor counter-trend"",
    ""Market structure shift BULL_TO_BEAR_SHIFT indicates recent bearish momentum"",
    ""Price near micro resistance (61250) with distance 0.25%, providing short entry location"",
    ""Funding positive (3.99e-06) favors shorts, longs paying"",
    ""Edge score 2.4 below threshold 3.0, no strong edge for reversal""
  ],
  ""reasons_against_trade"": [
    ""Reversal risk score 61% suggests potential bounce from micro support zone"",
    ""Higher low detected (HL in swing labels) could indicate weakening bear momentum"",
    ""15m timeframe shows BULLISH trend, conflicting with higher timeframe bearishness"",
    ""Price near micro support (60704) at 0.64% distance, limiting downside room"",
    ""Volume ratio very low (0.039), suggesting lack of conviction in current move"",
    ""Compression regime may precede breakout in either direction""
  ],
  ""bull_score"": 3,
  ""bear_score"": 8
}
```

**Direction:** SHORT  
**Win probability:** 62%  
**Long score:** 30  
**Short score:** 72  
**Bull score:** 3/10  
**Bear score:** 8/10  
**Decision:** APPROVE  

**Reason:** The bearish case is significantly stronger across all hierarchical factors. The market is in a BEAR regime with intact bearish trend health (bear_score 8), strong ADX (36.27) confirming trending conditions, bearish EMA alignment (price below EMA200, no bull stack), and bearish market structure (structure_score -6, BULL_TO_BEAR_SHIFT). The multi-timeframe analysis shows 4h BEARISH dominating despite 15m BULLISH, and the overall structure favors continuation. Price is near micro resistance (61250) providing a logical short entry zone. The reversal risk is elevated (61%) but this is a continuation trade, not a counter-trend trade, so the high reversal probability reflects potential bounce risk rather than invalidating the bearish thesis. The low volume ratio (0.039) is a concern but does not override the strong trend hierarchy. Entry is set above current price (pullback to resistance) with aggressive exit style given proximity to support.",61166.12,61125.0,MAKER,TAKER,0.024562,96.12,361.917,1.01,1.01,0.0,0.0,-0.0,0.0,6.72,58.338977,PROFIT_LOCK_LADDER,33.285048,0.039303,-5.1e-05,0.464174,False,True,"{'price': 61070.0, 'ret_1m': 0.0, 'ret_5m': -0.00022908757690797224, 'ema9': 60684.11332321038, 'ema21': 60533.59578207413, 'ema200': 62497.61995309372, 'dist_to_support': 0.03173407565089242, 'dist_to_resistance': 0.03638447682986737, 'volume': 0.010158576, 'volume_ratio': 0.03930258370254066, 'delta': 33.28504781399998, 'velocity': -5.068913408582046e-05, 'imbalance': 0.46417411530077163, 'candle_range': 76.4, 'body_ratio': 0.508948907150337, 'wick_ratio': 0.2910510928496629}",2.4,"{'early_fail_enabled': True, 'invert_signal': False, 'ai_enabled': True, 'edge_threshold': 3.0, 'edge_threshold_max': None, 'edge_range_preset': 'min_only', 'ai_threshold': 44.0, 'leverage': 100, 'pullback_threshold': 0.001}","{'ema9': 60684.11332321038, 'ema21': 60533.59578207413, 'ema200': 62497.61995309372, 'ema_spread': 0.002487, 'ema9_slope_pct': 0.3736, 'ema21_slope_pct': 0.2052, 'ema9_above_ema21': True, 'ema21_above_ema200': False}",WEAK_SETUP,2.4,2.4,False,True,INV_False_EF_True,SHORT,12,8,SCENARIO_C_EARLY_12_v2_frozen,40.0,10.0,-12.0,2.0,8.0,300,1,2,-32.0,False,False,True,False,480,3,5.0,False,5,0.75,"[[12, 8], [15, 10], [25, 18], [40, 28], [60, 45], [80, 60], [100, 75], [150, 120]]","{""trail_ladder"": [[12, 8], [15, 10], [25, 18], [40, 28], [60, 45], [80, 60], [100, 75], [150, 120]], ""ladder_first_trigger_pct"": 12, ""ladder_first_lock_pct"": 8, ""exit_profile_id"": ""SCENARIO_C_EARLY_12_v2_frozen"", ""peak_never_loser_min_peak"": 40.0, ""peak_never_loser_floor"": 10.0, ""thesis_fast_exit_unreal_pct"": -12.0, ""thesis_mfe_protect_pct"": 2.0, ""thesis_exit_if_above_unreal_pct"": 8.0, ""thesis_min_age_sec"": 300, ""thesis_score_flip_margin"": 1, ""thesis_early_decay_delta"": 2, ""early_fail_pct_threshold"": -32.0, ""type_a_first_candle_enabled"": false, ""type_a_early_fail_enabled"": false, ""scenario_c_exit_profile"": true, ""type_a_stall_enabled"": false, ""type_a_stall_min_age_sec"": 480, ""type_a_stall_min_candles"": 3, ""type_a_stall_max_mfe_pct"": 5.0, ""trend_weakening_enabled"": false, ""spread_penalty_threshold"": 5, ""spread_penalty_margin_mult"": 0.75}",2026-06-24T21:47:01.701306+00:00,2026-06-25 07:47:01 AEST,2026-06-25 07:47:01 AEST
2026-06-24T21:50:48.141998+00:00,cont-f16f6c45a9d2,SHORT,61151.81,61102.0,0.337951,8.15,15.0,5,1.22,1.22,0.0,0.0,-0.0,0.0,PROFIT_LOCK_LADDER,100,0.27,62,44.0,True,SIM_LIMIT,AI_DIRECT_LIMIT,,,,,0,BEAR,SR,60-70,SPAWN,-6,-6,BEARISH_STRUCTURE,CONFLICTED,36.32,-5,3,8,0.0004,bitfinex,tBTCF0:USTF0,v10.7-fresh-scope-relay-audit-2026-06-25,BITFINEX_ZERO,v10.7-fresh-scope-relay-audit-2026-06-25,CONTINUOUS,Continuous AI Research,APPROVE,61173.0,0.034639,0.033364,FREE_RANGE,0.003037,0.981306,76.4,0.337951,0.0,12.724071,246.955,246.955,246.955,0-5m,AI_DIRECT,AI_DIRECT_CHASE,5,,21.19,0.0,0.0,0.0,False,0.0,0.0,-4e-06,6.2e-05,0.006983,0.115408,33.408528,0.0,0.460102,61173.0,60695.513323,60538.7776,62498.187117,0.002589,FREE_RANGE,SHORT_PREFERRED,0.034639,0.033364,BEAR,3.0,44.0,0.0,100,1.3,True,True,APPROVE,62,"```json
{
  ""direction"": ""SHORT"",
  ""confidence"": 62,
  ""long_score"": 30,
  ""short_score"": 72,
  ""preferred_direction"": ""SHORT"",
  ""entry_zone_low"": 61250,
  ""entry_zone_high"": 61400,
  ""limit_price"": 61325,
  ""expected_mfe"": 180,
  ""expected_mae"": 80,
  ""reversal_probability"": 81,
  ""exit_style"": ""AGGRESSIVE"",
  ""reasons_for_trade"": [
    ""BEAR regime with strong bearish structure (structure_score -6, BEARISH_STRUCTURE)"",
    ""ADX 36.32 (>25) confirms trending conditions favoring continuation"",
    ""EMA stack bearish: price below EMA200, EMA21 below EMA200, no bullish stack"",
    ""Trend health BEAR with bear_score 8 vs bull_score 4, intact bearish momentum"",
    ""Multi-timeframe conflict but 4h BEARISH dominates, 15m BULLISH is minor pullback"",
    ""Price near micro resistance (61250) with 0.13% distance, ideal short entry zone"",
    ""Volume ratio very low (0.115) suggesting weak buying pressure on bounce"",
    ""Funding positive (LONGS_PAY) adds slight short tailwind""
  ],
  ""reasons_against_trade"": [
    ""Reversal risk score high (81) indicating potential for mean reversion"",
    ""Higher low detected (HL) suggests possible micro structure shift"",
    ""Price above EMA9 and EMA21 short-term, showing local bullish momentum"",
    ""MTF conflicted (15m BULLISH vs 4h BEARISH) creates uncertainty"",
    ""Compression regime may precede breakout in either direction"",
    ""Distance to support only 3.3% - limited downside if support holds""
  ],
  ""bull_score"": 3,
  ""bear_score"": 8
}
```",61151.81,61102.0,MAKER,TAKER,0.024521,21.19,246.955,1.22,1.22,0.0,0.0,-0.0,0.0,8.15,20.277132,PROFIT_LOCK_LADDER,33.408528,0.115408,6.2e-05,0.460102,False,True,"{'price': 61173.0, 'ret_1m': 1.6347348460079775e-05, 'ret_5m': 0.0004906530592218242, 'ema9': 60695.51332321038, 'ema21': 60538.77760025595, 'ema200': 62498.18711727283, 'dist_to_support': 0.033364392787667764, 'dist_to_resistance': 0.034639465123502196, 'volume': 0.0069825090000000005, 'volume_ratio': 0.11540794376881812, 'delta': 33.40852786699999, 'velocity': 6.214222169751647e-05, 'imbalance': 0.4601022585449391, 'candle_range': 76.4, 'body_ratio': 0.508948907150337, 'wick_ratio': 0.2910510928496629}",1.3,"{'early_fail_enabled': True, 'invert_signal': False, 'ai_enabled': True, 'edge_threshold': 3.0, 'edge_threshold_max': None, 'edge_range_preset': 'min_only', 'ai_threshold': 44.0, 'leverage': 100, 'pullback_threshold': 0.001}","{'ema9': 60695.51332321038, 'ema21': 60538.77760025595, 'ema200': 62498.18711727283, 'ema_spread': 0.002589, 'ema9_slope_pct': 0.3924, 'ema21_slope_pct': 0.2137, 'ema9_above_ema21': True, 'ema21_above_ema200': False}",MOMENTUM_LONG,1.3,1.3,False,True,INV_False_EF_True,SHORT,12,8,SCENARIO_C_EARLY_12_v2_frozen,40.0,10.0,-12.0,2.0,8.0,300,1,2,-32.0,False,False,True,False,480,3,5.0,False,5,0.75,"[[12, 8], [15, 10], [25, 18], [40, 28], [60, 45], [80, 60], [100, 75], [150, 120]]","{""trail_ladder"": [[12, 8], [15, 10], [25, 18], [40, 28], [60, 45], [80, 60], [100, 75], [150, 120]], ""ladder_first_trigger_pct"": 12, ""ladder_first_lock_pct"": 8, ""exit_profile_id"": ""SCENARIO_C_EARLY_12_v2_frozen"", ""peak_never_loser_min_peak"": 40.0, ""peak_never_loser_floor"": 10.0, ""thesis_fast_exit_unreal_pct"": -12.0, ""thesis_mfe_protect_pct"": 2.0, ""thesis_exit_if_above_unreal_pct"": 8.0, ""thesis_min_age_sec"": 300, ""thesis_score_flip_margin"": 1, ""thesis_early_decay_delta"": 2, ""early_fail_pct_threshold"": -32.0, ""type_a_first_candle_enabled"": false, ""type_a_early_fail_enabled"": false, ""scenario_c_exit_profile"": true, ""type_a_stall_enabled"": false, ""type_a_stall_min_age_sec"": 480, ""type_a_stall_min_candles"": 3, ""type_a_stall_max_mfe_pct"": 5.0, ""trend_weakening_enabled"": false, ""spread_penalty_threshold"": 5, ""spread_penalty_margin_mult"": 0.75}",2026-06-24T21:50:48.141998+00:00,2026-06-25 07:50:48 AEST,2026-06-25 07:50:48 AEST
2026-06-24T22:01:59.441976+00:00,cont-dc8ac471fb92,SHORT,61289.5,61237.0,0.631037,8.57,15.0,5,1.28,1.28,0.0,0.0,-0.0,0.0,PROFIT_LOCK_LADDER,100,0.29,62,44.0,True,SIM_LIMIT,AI_DIRECT_LIMIT,,,,,0,BEAR,SR,60-70,SPAWN,-6,-6,BEARISH_STRUCTURE,CONFLICTED,35.37,-5,3,8,0.0004,bitfinex,tBTCF0:USTF0,v10.7-fresh-scope-relay-audit-2026-06-25,BITFINEX_ZERO,v10.7-fresh-scope-relay-audit-2026-06-25,CONTINUOUS,Continuous AI Research,APPROVE,61198.0,0.033693,0.034248,FREE_RANGE,0.00368,1.0,319.6,0.631038,-4.160582,13.460707,28.455,28.455,28.455,0-5m,AI_DIRECT,AI_DIRECT_CHASE,1,,91.5,0.0,0.0,0.0,False,0.0,0.0,-8e-06,-6.4e-05,0.002067,0.124524,0.269688,0.0,0.707504,61188.0,60784.410659,60593.434182,62484.159094,0.003152,FREE_RANGE,SHORT_PREFERRED,0.033693,0.034248,BEAR,3.0,44.0,0.0,100,2.9,True,True,APPROVE,62,"```json
{
  ""direction"": ""SHORT"",
  ""confidence"": 62,
  ""long_score"": 28,
  ""short_score"": 72,
  ""preferred_direction"": ""SHORT"",
  ""entry_zone_low"": 61250,
  ""entry_zone_high"": 61400,
  ""limit_price"": 61325,
  ""expected_mfe"": 180,
  ""expected_mae"": 80,
  ""reversal_probability"": 61,
  ""exit_style"": ""AGGRESSIVE"",
  ""reasons_for_trade"": [
    ""BEAR regime with intact trend health (bear_score 8 vs bull_score 4)"",
    ""ADX 35.37 confirms trending market favoring continuation"",
    ""Market structure is BEARISH_STRUCTURE with active HH/HL sequence (bearish)"",
    ""Price rejected at micro resistance 61250 and is near it (0.057% away)"",
    ""EMA200 is above price (-2.0%) acting as overhead resistance"",
    ""Multi-timeframe shows 4h BEARISH, 1h RANGING, 15m BULLISH - conflicted but HTF bearish dominates"",
    ""Edge score 2.9 is just below threshold 3.0 - not a strong reversal signal"",
    ""Funding positive (longs pay shorts) favors short positioning""
  ],
  ""reasons_against_trade"": [
    ""Reversal risk score is 61 (moderate reversal probability)"",
    ""Higher low detected on micro structure could indicate short-term bounce"",
    ""15m timeframe is BULLISH creating short-term conflict"",
    ""Price is near micro support (0.83% away) - short entries near support have reduced expectancy"",
    ""Volume ratio is very low (0.017) suggesting lack of conviction in current move""
  ],
  ""bull_score"": 3,
  ""bear_score"": 8
}
```",61289.5,61237.0,MAKER,TAKER,0.024511,91.5,28.455,1.28,1.28,0.0,0.0,-0.0,0.0,8.57,37.862336,PROFIT_LOCK_LADDER,0.269688,0.124524,-6.4e-05,0.707504,False,True,"{'price': 61188.0, 'ret_1m': 3.268721602981074e-05, 'ret_5m': -0.0008328026257776907, 'ema9': 60784.41065856831, 'ema21': 60593.43418204078, 'ema200': 62484.15909430542, 'dist_to_support': 0.03424847702885887, 'dist_to_resistance': 0.03369318460206765, 'volume': 0.002067052, 'volume_ratio': 0.12452362902013835, 'delta': 0.269687901, 'velocity': -6.370934292841036e-05, 'imbalance': 0.7075043933399747, 'candle_range': 319.6, 'body_ratio': 0.4607844718358221, 'wick_ratio': 0.539215528164178}",2.9,"{'early_fail_enabled': True, 'invert_signal': False, 'ai_enabled': True, 'edge_threshold': 3.0, 'edge_threshold_max': None, 'edge_range_preset': 'min_only', 'ai_threshold': 44.0, 'leverage': 100, 'pullback_threshold': 0.001}","{'ema9': 60784.41065856831, 'ema21': 60593.43418204078, 'ema200': 62484.15909430542, 'ema_spread': 0.003152, 'ema9_slope_pct': 0.4372, 'ema21_slope_pct': 0.2505, 'ema9_above_ema21': True, 'ema21_above_ema200': False}",WEAK_SETUP,2.9,2.9,False,True,INV_False_EF_True,SHORT,12,8,SCENARIO_C_EARLY_12_v2_frozen,40.0,10.0,-12.0,2.0,8.0,300,1,2,-32.0,False,False,True,False,480,3,5.0,False,5,0.75,"[[12, 8], [15, 10], [25, 18], [40, 28], [60, 45], [80, 60], [100, 75], [150, 120]]","{""trail_ladder"": [[12, 8], [15, 10], [25, 18], [40, 28], [60, 45], [80, 60], [100, 75], [150, 120]], ""ladder_first_trigger_pct"": 12, ""ladder_first_lock_pct"": 8, ""exit_profile_id"": ""SCENARIO_C_EARLY_12_v2_frozen"", ""peak_never_loser_min_peak"": 40.0, ""peak_never_loser_floor"": 10.0, ""thesis_fast_exit_unreal_pct"": -12.0, ""thesis_mfe_protect_pct"": 2.0, ""thesis_exit_if_above_unreal_pct"": 8.0, ""thesis_min_age_sec"": 300, ""thesis_score_flip_margin"": 1, ""thesis_early_decay_delta"": 2, ""early_fail_pct_threshold"": -32.0, ""type_a_first_candle_enabled"": false, ""type_a_early_fail_enabled"": false, ""scenario_c_exit_profile"": true, ""type_a_stall_enabled"": false, ""type_a_stall_min_age_sec"": 480, ""type_a_stall_min_candles"": 3, ""type_a_stall_max_mfe_pct"": 5.0, ""trend_weakening_enabled"": false, ""spread_penalty_threshold"": 5, ""spread_penalty_margin_mult"": 0.75}",2026-06-24T22:01:59.441976+00:00,2026-06-25 08:01:59 AEST,2026-06-25 08:01:59 AEST
2026-06-24T22:14:46.139726+00:00,cont-46ae86c770cb,SHORT,61128.59,61069.0,6.402073,9.75,15.0,5,1.46,1.46,0.0,0.0,-0.0,-0.0,PROFIT_LOCK_LADDER,100,0.32,62,44.0,True,SIM_LIMIT,AI_DIRECT_LIMIT,,,,,0,BEAR,SR,60-70,SPAWN,-6,-6,BEARISH_STRUCTURE,CONFLICTED,34.81,-5,3,8,0.0004,bitfinex,tBTCF0:USTF0,v10.7-fresh-scope-relay-audit-2026-06-25,BITFINEX_ZERO,v10.7-fresh-scope-relay-audit-2026-06-25,CONTINUOUS,Continuous AI Research,APPROVE,61147.0,0.035079,0.032953,FREE_RANGE,0.003373,0.359853,308.3,6.402073,-5.405,16.291886,257.448,257.448,257.448,0-5m,AI_DIRECT,AI_DIRECT_CHASE,5,,18.41,0.0,0.0,0.0,False,0.0,0.0,-8e-05,-3.3e-05,0.001,0.373079,0.143552,0.0,0.244516,61147.0,60858.528527,60644.48562,62470.510826,0.003529,FREE_RANGE,SHORT_PREFERRED,0.035079,0.032953,BEAR,3.0,44.0,0.0,100,1.3,True,True,APPROVE,62,"```json
{
  ""direction"": ""SHORT"",
  ""confidence"": 62,
  ""long_score"": 25,
  ""short_score"": 72,
  ""preferred_direction"": ""SHORT"",
  ""entry_zone_low"": 61200,
  ""entry_zone_high"": 61300,
  ""limit_price"": 61250,
  ""expected_mfe"": 250,
  ""expected_mae"": 150,
  ""reversal_probability"": 81,
  ""exit_style"": ""AGGRESSIVE"",
  ""reasons_for_trade"": [
    ""BEAR regime with intact trend health (bear_score 8 vs bull_score 4)"",
    ""ADX 34.81 indicates strong trending market favoring continuation"",
    ""Market structure is BEARISH with structure_score -6 and LL sequence active"",
    ""Price near micro resistance (61250) with 0.126% distance, offering short entry at resistance"",
    ""EMA200 is above price (-2.077%) confirming bearish alignment"",
    ""Multi-timeframe shows 4h BEARISH, 1h RANGING, 15m BULLISH - conflicted but HTF bearish dominates"",
    ""Volume ratio low (0.38) suggests lack of buying conviction on this bounce"",
    ""Reversal risk is high (81) but this is a counter-trend bounce within bear trend - continuation more likely""
  ],
  ""reasons_against_trade"": [
    ""15m timeframe is BULLISH, creating short-term upward momentum risk"",
    ""Price is near micro support (60704) at 0.77% distance - short entry near support has reduced expectancy"",
    ""Higher low detected (HL) suggests potential micro structure strengthening"",
    ""Reversal probability score is 81, indicating elevated bounce risk"",
    ""Entry stage is LATE, meaning trend may be mature""
  ],
  ""bull_score"": 3,
  ""bear_score"": 8
}
```",61128.59,61069.0,MAKER,TAKER,0.024531,18.41,257.448,1.46,1.46,0.0,0.0,-0.0,-0.0,9.75,384.124455,PROFIT_LOCK_LADDER,0.143552,0.373079,-3.3e-05,0.244516,False,True,"{'price': 61147.0, 'ret_1m': 0.0, 'ret_5m': 0.0001799267207537294, 'ema9': 60858.52852685465, 'ema21': 60644.485620027, 'ema200': 62470.51082625618, 'dist_to_support': 0.03314311875602936, 'dist_to_resistance': 0.03487630602200821, 'volume': 0.0010000000000000002, 'volume_ratio': 0.3730792017298936, 'delta': 0.14355248999999987, 'velocity': -3.2672981561191025e-05, 'imbalance': 0.24451599086867346, 'candle_range': 308.3, 'body_ratio': 0.454708576011301, 'wick_ratio': 0.545291423988699}",1.3,"{'early_fail_enabled': True, 'invert_signal': False, 'ai_enabled': True, 'edge_threshold': 3.0, 'edge_threshold_max': None, 'edge_range_preset': 'min_only', 'ai_threshold': 44.0, 'leverage': 100, 'pullback_threshold': 0.001}","{'ema9': 60858.52852685465, 'ema21': 60644.485620027, 'ema200': 62470.51082625618, 'ema_spread': 0.003529, 'ema9_slope_pct': 0.4471, 'ema21_slope_pct': 0.272, 'ema9_above_ema21': True, 'ema21_above_ema200': False}",WEAK_SETUP,1.3,1.3,False,True,INV_False_EF_True,SHORT,12,8,SCENARIO_C_EARLY_12_v2_frozen,40.0,10.0,-12.0,2.0,8.0,300,1,2,-32.0,False,False,True,False,480,3,5.0,False,5,0.75,"[[12, 8], [15, 10], [25, 18], [40, 28], [60, 45], [80, 60], [100, 75], [150, 120]]","{""trail_ladder"": [[12, 8], [15, 10], [25, 18], [40, 28], [60, 45], [80, 60], [100, 75], [150, 120]], ""ladder_first_trigger_pct"": 12, ""ladder_first_lock_pct"": 8, ""exit_profile_id"": ""SCENARIO_C_EARLY_12_v2_frozen"", ""peak_never_loser_min_peak"": 40.0, ""peak_never_loser_floor"": 10.0, ""thesis_fast_exit_unreal_pct"": -12.0, ""thesis_mfe_protect_pct"": 2.0, ""thesis_exit_if_above_unreal_pct"": 8.0, ""thesis_min_age_sec"": 300, ""thesis_score_flip_margin"": 1, ""thesis_early_decay_delta"": 2, ""early_fail_pct_threshold"": -32.0, ""type_a_first_candle_enabled"": false, ""type_a_early_fail_enabled"": false, ""scenario_c_exit_profile"": true, ""type_a_stall_enabled"": false, ""type_a_stall_min_age_sec"": 480, ""type_a_stall_min_candles"": 3, ""type_a_stall_max_mfe_pct"": 5.0, ""trend_weakening_enabled"": false, ""spread_penalty_threshold"": 5, ""spread_penalty_margin_mult"": 0.75}",2026-06-24T22:14:46.139726+00:00,2026-06-25 08:14:46 AEST,2026-06-25 08:14:46 AEST
2026-06-24T22:20:41.978560+00:00,c604c-1d067d8fa96a,SHORT,61118.68,61010.48,6.320636,17.7,20.0,4,3.54,3.54,0.0,0.0,-0.0,-0.0,PROFIT_LOCK_LADDER,100,0.59,62,44.0,True,SIM_LIMIT,AI_DIRECT_LIMIT,,,,,0,BEAR,SR,60-70,SPAWN,-6,-6,BEARISH_STRUCTURE,CONFLICTED,34.81,-5,3,7,0.0004,bitfinex,tBTCF0:USTF0,v10.7-fresh-scope-relay-audit-2026-06-25,BITFINEX_ZERO,v10.7-fresh-scope-relay-audit-2026-06-25,COMBO_604_SP4_CHASE_3PLUS,AI60-65 · Spread4 · Chase 3+,APPROVE,61119.0,0.035554,0.03251,FREE_RANGE,0.003279,1.0,308.3,6.320637,0.0,27.107915,205.218,205.218,205.218,0-5m,AI_DIRECT,AI_DIRECT_CHASE,3,,0.32,0.0,0.3101,0.3101,False,0.0,0.0,-0.000105,3.8e-05,0.017127,3.076241,0.392213,0.0,0.235384,61119.0,60848.328527,60639.849256,62470.003364,0.003438,FREE_RANGE,SHORT_PREFERRED,0.035554,0.03251,BEAR,3.0,44.0,0.0,100,2.5,True,True,APPROVE,62,"```json
{
  ""direction"": ""SHORT"",
  ""confidence"": 62,
  ""long_score"": 25,
  ""short_score"": 70,
  ""preferred_direction"": ""SHORT"",
  ""entry_zone_low"": 61089.0,
  ""entry_zone_high"": 61250.0,
  ""limit_price"": 61169.5,
  ""expected_mfe"": 0.008,
  ""expected_mae"": 0.004,
  ""reversal_probability"": 81,
  ""exit_style"": ""AGGRESSIVE"",
  ""reasons_for_trade"": [
    ""BEAR regime with intact bearish trend health (bear_score 8 vs bull_score 4)"",
    ""Market structure is BEARISH_STRUCTURE with structure_score -6 and recent LL sequence"",
    ""ADX 34.81 indicates strong trending market favoring continuation"",
    ""Multi-timeframe agreement is CONFLICTED but 4h is BEARISH and 15m BULLISH is likely a pullback within larger downtrend"",
    ""Price near micro resistance (61250) with distance_to_micro_resistance only 0.26% - potential rejection zone"",
    ""Funding rate positive (3.99e-06) favors shorts, longs pay shorts"",
    ""EMA200 above price (bearish alignment) and EMA9/21 below EMA200"",
    ""Volume ratio very low (0.05) suggests lack of buying conviction on this bounce"",
    ""Reversal risk score high (81) but this is a bearish continuation setup, not a reversal - high reversal risk actually warns against longing here""
  ],
  ""reasons_against_trade"": [
    ""Price is near micro support (60704) with distance_to_micro_support 0.63% - short entry near support has reduced expectancy"",
    ""15m timeframe shows BULLISH trend - short-term momentum may still be up"",
    ""Higher low detected (HL) suggests some buying pressure"",
    ""EMA9 and EMA21 are above price (short-term bullish cross) - price may test EMA200 first"",
    ""Reversal probability 81% indicates high risk of a bounce - but this is a bearish continuation context, so reversal risk is a warning against longs, not shorts""
  ],
  ""bull_score"": 3,
  ""bear_score"": 7
}
```

**Direction: SHORT**  
**Decision: APPROVE**  
**Reason:** The dominant trend hierarchy (BEAR regime, bearish structure, ADX > 25 trending, EMA200 above price) strongly favors bearish continuation. The 15m BULLISH is likely a pullback within the larger downtrend. Price is near micro resistance (61250) and the low volume ratio suggests weak buying. While reversal risk is high (81%), this is a bearish continuation setup - the high reversal risk actually warns against longing. Short entry near support is a concern, but the strong bearish trend and proximity to resistance provide a favorable risk/reward for a short scalp. Entry zone is current price to micro resistance, with aggressive exit targeting a quick move back toward support.",61118.68,61010.48,MAKER,TAKER,0.032723,0.32,205.218,3.54,3.54,0.0,0.0,-0.0,-0.0,17.7,379.238248,PROFIT_LOCK_LADDER,0.392213,3.076241,3.8e-05,0.235384,False,True,"{'price': 61119.0, 'ret_1m': -0.00013087506339260884, 'ret_5m': 0.000818746008613208, 'ema9': 60848.32852685465, 'ema21': 60639.84925639063, 'ema200': 62470.00336356961, 'dist_to_support': 0.03251034866408155, 'dist_to_resistance': 0.0355535921726468, 'volume': 0.017126649, 'volume_ratio': 3.0762409829858677, 'delta': 0.39221323399999913, 'velocity': 3.7653784411443135e-05, 'imbalance': 0.23538371720643317, 'candle_range': 308.3, 'body_ratio': 0.454708576011301, 'wick_ratio': 0.545291423988699}",1.9,"{'early_fail_enabled': True, 'invert_signal': False, 'ai_enabled': True, 'edge_threshold': 3.0, 'edge_threshold_max': None, 'edge_range_preset': 'min_only', 'ai_threshold': 44.0, 'leverage': 100, 'pullback_threshold': 0.001}","{'ema9': 60848.32852685465, 'ema21': 60639.84925639063, 'ema200': 62470.00336356961, 'ema_spread': 0.003438, 'ema9_slope_pct': 0.4303, 'ema21_slope_pct': 0.2644, 'ema9_above_ema21': True, 'ema21_above_ema200': False}",MOMENTUM_LONG,1.9,1.9,False,True,INV_False_EF_True,SHORT,12,8,SCENARIO_C_EARLY_12_v2_frozen,40.0,10.0,-12.0,2.0,8.0,300,1,2,-32.0,False,False,True,False,480,3,5.0,False,5,0.75,"[[12, 8], [15, 10], [25, 18], [40, 28], [60, 45], [80, 60], [100, 75], [150, 120]]","{""trail_ladder"": [[12, 8], [15, 10], [25, 18], [40, 28], [60, 45], [80, 60], [100, 75], [150, 120]], ""ladder_first_trigger_pct"": 12, ""ladder_first_lock_pct"": 8, ""exit_profile_id"": ""SCENARIO_C_EARLY_12_v2_frozen"", ""peak_never_loser_min_peak"": 40.0, ""peak_never_loser_floor"": 10.0, ""thesis_fast_exit_unreal_pct"": -12.0, ""thesis_mfe_protect_pct"": 2.0, ""thesis_exit_if_above_unreal_pct"": 8.0, ""thesis_min_age_sec"": 300, ""thesis_score_flip_margin"": 1, ""thesis_early_decay_delta"": 2, ""early_fail_pct_threshold"": -32.0, ""type_a_first_candle_enabled"": false, ""type_a_early_fail_enabled"": false, ""scenario_c_exit_profile"": true, ""type_a_stall_enabled"": false, ""type_a_stall_min_age_sec"": 480, ""type_a_stall_min_candles"": 3, ""type_a_stall_max_mfe_pct"": 5.0, ""trend_weakening_enabled"": false, ""spread_penalty_threshold"": 5, ""spread_penalty_margin_mult"": 0.75}",2026-06-24T22:20:41.978560+00:00,2026-06-25 08:20:41 AEST,2026-06-25 08:20:41 AEST
2026-06-24T22:21:53.814340+00:00,cont-8f2ecd1d5214,SHORT,61044.5,60990.0,1.108145,8.93,15.0,5,1.34,1.34,0.0,0.0,-0.0,0.0,PROFIT_LOCK_LADDER,100,0.3,62,44.0,True,SIM_LIMIT,AI_DIRECT_LIMIT,,,,,0,BEAR,SR,60-70,SPAWN,-6,-6,BEARISH_STRUCTURE,CONFLICTED,34.08,-5,3,8,0.0004,bitfinex,tBTCF0:USTF0,v10.7-fresh-scope-relay-audit-2026-06-25,BITFINEX_ZERO,v10.7-fresh-scope-relay-audit-2026-06-25,CONTINUOUS,Continuous AI Research,APPROVE,61041.0,0.036877,0.031274,FREE_RANGE,0.003261,1.0,213.2,1.108145,0.0,13.678546,242.492,242.492,242.492,0-5m,AI_DIRECT,AI_DIRECT_CHASE,5,,3.5,0.0,0.0,0.0,False,0.0,0.0,-1.4e-05,3.6e-05,0.209574,0.019268,-1.654538,0.0,0.345718,61041.0,60869.502821,60667.623291,62454.379059,0.003328,FREE_RANGE,SHORT_PREFERRED,0.036877,0.031274,BEAR,3.0,44.0,0.0,100,1.3,True,True,APPROVE,62,"```json
{
  ""direction"": ""SHORT"",
  ""confidence"": 62,
  ""long_score"": 28,
  ""short_score"": 72,
  ""preferred_direction"": ""SHORT"",
  ""entry_zone_low"": 61150,
  ""entry_zone_high"": 61250,
  ""limit_price"": 61200,
  ""expected_mfe"": 180,
  ""expected_mae"": 80,
  ""reversal_probability"": 35,
  ""exit_style"": ""AGGRESSIVE"",
  ""reasons_for_trade"": [
    ""BEAR regime with intact trend health (bear_score 8 vs bull_score 4)"",
    ""ADX 34.08 (>25) confirms trending conditions favoring continuation"",
    ""Market structure is BEARISH_STRUCTURE with consecutive LL labels and negative structure score (-6)"",
    ""Price rejected at micro resistance (61250) and is near it, providing short entry location"",
    ""Volume ratio elevated (18.19) with negative delta (-0.686) indicating selling pressure"",
    ""EMA stack is not fully bearish (ema9 above ema21) but price below ema200 and trend health bearish"",
    ""Multi-timeframe shows 4h BEARISH, 1h RANGING, 15m BULLISH - conflicted but HTF bearish dominates"",
    ""Funding positive (longs pay shorts) favors short positioning""
  ],
  ""reasons_against_trade"": [
    ""Price is near micro support (60704) - short entry near support has reduced expectancy without strong continuation"",
    ""15m timeframe is BULLISH, creating short-term counter-trend risk"",
    ""Higher low detected (HL in swing labels) suggests possible micro reversal attempt"",
    ""Reversal risk score is 55 - moderate risk of bounce from current levels"",
    ""EMA9 and EMA21 are positively sloped, indicating short-term upward momentum""
  ],
  ""bull_score"": 3,
  ""bear_score"": 8
}
```",61044.5,60990.0,MAKER,TAKER,0.024574,3.5,242.492,1.34,1.34,0.0,0.0,-0.0,0.0,8.93,66.48876,PROFIT_LOCK_LADDER,-1.654538,0.019268,3.6e-05,0.345718,False,True,"{'price': 61041.0, 'ret_1m': -1.6382163100815833e-05, 'ret_5m': 0.0005737140609120415, 'ema9': 60869.50282148372, 'ema21': 60667.62329092589, 'ema200': 62454.37905867462, 'dist_to_support': 0.031274061696236956, 'dist_to_resistance': 0.03687685326256123, 'volume': 0.20957369199999998, 'volume_ratio': 0.019267680548715797, 'delta': -1.6545376840000023, 'velocity': 3.605066482154679e-05, 'imbalance': 0.3457180891487627, 'candle_range': 213.2, 'body_ratio': 0.4788627852953294, 'wick_ratio': 0.5211372147046707}",1.3,"{'early_fail_enabled': True, 'invert_signal': False, 'ai_enabled': True, 'edge_threshold': 3.0, 'edge_threshold_max': None, 'edge_range_preset': 'min_only', 'ai_threshold': 44.0, 'leverage': 100, 'pullback_threshold': 0.001}","{'ema9': 60869.50282148372, 'ema21': 60667.62329092589, 'ema200': 62454.37905867462, 'ema_spread': 0.003328, 'ema9_slope_pct': 0.2867, 'ema21_slope_pct': 0.2128, 'ema9_above_ema21': True, 'ema21_above_ema200': False}",WEAK_SETUP,1.3,1.3,False,True,INV_False_EF_True,SHORT,12,8,SCENARIO_C_EARLY_12_v2_frozen,40.0,10.0,-12.0,2.0,8.0,300,1,2,-32.0,False,False,True,False,480,3,5.0,False,5,0.75,"[[12, 8], [15, 10], [25, 18], [40, 28], [60, 45], [80, 60], [100, 75], [150, 120]]","{""trail_ladder"": [[12, 8], [15, 10], [25, 18], [40, 28], [60, 45], [80, 60], [100, 75], [150, 120]], ""ladder_first_trigger_pct"": 12, ""ladder_first_lock_pct"": 8, ""exit_profile_id"": ""SCENARIO_C_EARLY_12_v2_frozen"", ""peak_never_loser_min_peak"": 40.0, ""peak_never_loser_floor"": 10.0, ""thesis_fast_exit_unreal_pct"": -12.0, ""thesis_mfe_protect_pct"": 2.0, ""thesis_exit_if_above_unreal_pct"": 8.0, ""thesis_min_age_sec"": 300, ""thesis_score_flip_margin"": 1, ""thesis_early_decay_delta"": 2, ""early_fail_pct_threshold"": -32.0, ""type_a_first_candle_enabled"": false, ""type_a_early_fail_enabled"": false, ""scenario_c_exit_profile"": true, ""type_a_stall_enabled"": false, ""type_a_stall_min_age_sec"": 480, ""type_a_stall_min_candles"": 3, ""type_a_stall_max_mfe_pct"": 5.0, ""trend_weakening_enabled"": false, ""spread_penalty_threshold"": 5, ""spread_penalty_margin_mult"": 0.75}",2026-06-24T22:21:53.814340+00:00,2026-06-25 08:21:53 AEST,2026-06-25 08:21:53 AEST
2026-06-24T22:38:49.265894+00:00,cont-cae8e9c1eaef,SHORT,60970.52,60916.17,9.690026,8.91,15.0,5,1.34,1.34,0.0,0.0,-0.0,-0.0,PROFIT_LOCK_LADDER,100,0.3,62,44.0,True,SIM_LIMIT,AI_DIRECT_LIMIT,,,,,0,BEAR,SR,60-70,SPAWN,-6,-6,BEARISH_STRUCTURE,CONFLICTED,34.0,-5,3,8,0.0004,bitfinex,tBTCF0:USTF0,v10.7-fresh-scope-relay-audit-2026-06-25,BITFINEX_ZERO,v10.7-fresh-scope-relay-audit-2026-06-25,CONTINUOUS,Continuous AI Research,APPROVE,60976.0,0.037982,0.030241,FREE_RANGE,0.002908,0.246011,213.2,9.690027,-3.842841,14.846519,361.334,361.334,361.334,5-15m,AI_DIRECT,AI_DIRECT_CHASE,6,,5.48,0.0,0.0287,0.0287,False,0.0,0.0,-0.000121,1.1e-05,0.012235,0.970981,-1.9035,0.0,0.31236,60976.0,60859.902821,60663.259655,62453.901447,0.003242,FREE_RANGE,SHORT_PREFERRED,0.037982,0.030241,BEAR,3.0,44.0,0.0,100,2.2,True,True,APPROVE,62,"```json
{
  ""direction"": ""SHORT"",
  ""confidence"": 62,
  ""long_score"": 25,
  ""short_score"": 72,
  ""preferred_direction"": ""SHORT"",
  ""entry_zone_low"": 61050,
  ""entry_zone_high"": 61250,
  ""limit_price"": 61150,
  ""expected_mfe"": 180,
  ""expected_mae"": 80,
  ""reversal_probability"": 55,
  ""exit_style"": ""AGGRESSIVE"",
  ""reasons_for_trade"": [
    ""BEAR regime with intact trend health (bear_score 8 vs bull_score 4)"",
    ""ADX 34 confirms trending market favoring continuation"",
    ""EMA stack bearish: price below EMA200, EMA21 below EMA200"",
    ""Market structure bearish with LL sequence and structure_score -6"",
    ""Multi-timeframe conflicted but 4h BEARISH dominates"",
    ""Funding positive (longs pay shorts) supporting bearish bias"",
    ""Price near micro resistance (61250) with rejections noted"",
    ""Edge score 2.2 below threshold 3.0, indicating no strong reversal edge""
  ],
  ""reasons_against_trade"": [
    ""Price near micro support (60704) with higher low detected"",
    ""Reversal risk score 55 suggests potential bounce"",
    ""15m timeframe shows BULLISH trend conflicting with HTF bear"",
    ""Volume ratio below 1.0 (0.97) indicating weak selling pressure"",
    ""Distance to support (3.0%) is slightly closer than resistance (3.8%)""
  ],
  ""bull_score"": 3,
  ""bear_score"": 8
}
```

**Direction:** SHORT  
**Win probability:** 62%  
**Long score:** 25  
**Short score:** 72  
**Bull score:** 3  
**Bear score:** 8  
**Decision:** APPROVE  
**Reason:** Bearish trend hierarchy dominates: BEAR regime, ADX 34 trending, bearish EMA stack, bearish structure (LL sequence, -6 score). Price near micro resistance (61250) with rejections. Funding positive favors shorts. Reversal risk is moderate (55) but insufficient to override strong bearish continuation bias. Entry above current price (pullback to resistance zone) aligns with short continuation strategy.",60970.52,60916.17,MAKER,TAKER,0.0246,5.48,361.334,1.34,1.34,0.0,0.0,-0.0,-0.0,8.91,581.401656,PROFIT_LOCK_LADDER,-1.9035,0.970981,1.1e-05,0.31236,False,True,"{'price': 60976.0, 'ret_1m': 4.9202105850130386e-05, 'ret_5m': -0.00011478608792614336, 'ema9': 60859.902821483716, 'ema21': 60663.25965456226, 'ema200': 62453.901446734315, 'dist_to_support': 0.030241406454998686, 'dist_to_resistance': 0.03798215691419575, 'volume': 0.012235418999999999, 'volume_ratio': 0.970980703668207, 'delta': -1.9035000280000034, 'velocity': 1.1481890275301807e-05, 'imbalance': 0.31236048085190976, 'candle_range': 213.2, 'body_ratio': 0.4788627852953294, 'wick_ratio': 0.5211372147046707}",2.2,"{'early_fail_enabled': True, 'invert_signal': False, 'ai_enabled': True, 'edge_threshold': 3.0, 'edge_threshold_max': None, 'edge_range_preset': 'min_only', 'ai_threshold': 44.0, 'leverage': 100, 'pullback_threshold': 0.001}","{'ema9': 60859.902821483716, 'ema21': 60663.25965456226, 'ema200': 62453.901446734315, 'ema_spread': 0.003242, 'ema9_slope_pct': 0.2708, 'ema21_slope_pct': 0.2056, 'ema9_above_ema21': True, 'ema21_above_ema200': False}",WEAK_SETUP,2.2,2.2,False,True,INV_False_EF_True,SHORT,12,8,SCENARIO_C_EARLY_12_v2_frozen,40.0,10.0,-12.0,2.0,8.0,300,1,2,-32.0,False,False,True,False,480,3,5.0,False,5,0.75,"[[12, 8], [15, 10], [25, 18], [40, 28], [60, 45], [80, 60], [100, 75], [150, 120]]","{""trail_ladder"": [[12, 8], [15, 10], [25, 18], [40, 28], [60, 45], [80, 60], [100, 75], [150, 120]], ""ladder_first_trigger_pct"": 12, ""ladder_first_lock_pct"": 8, ""exit_profile_id"": ""SCENARIO_C_EARLY_12_v2_frozen"", ""peak_never_loser_min_peak"": 40.0, ""peak_never_loser_floor"": 10.0, ""thesis_fast_exit_unreal_pct"": -12.0, ""thesis_mfe_protect_pct"": 2.0, ""thesis_exit_if_above_unreal_pct"": 8.0, ""thesis_min_age_sec"": 300, ""thesis_score_flip_margin"": 1, ""thesis_early_decay_delta"": 2, ""early_fail_pct_threshold"": -32.0, ""type_a_first_candle_enabled"": false, ""type_a_early_fail_enabled"": false, ""scenario_c_exit_profile"": true, ""type_a_stall_enabled"": false, ""type_a_stall_min_age_sec"": 480, ""type_a_stall_min_candles"": 3, ""type_a_stall_max_mfe_pct"": 5.0, ""trend_weakening_enabled"": false, ""spread_penalty_threshold"": 5, ""spread_penalty_margin_mult"": 0.75}",2026-06-24T22:38:49.265894+00:00,2026-06-25 08:38:49 AEST,2026-06-25 08:38:49 AEST
2026-06-24T22:42:27.653274+00:00,cont-9cfc2199c51f,SHORT,60971.08,60911.0,3.38462,9.85,20.0,4,1.97,1.97,0.0,0.0,-0.0,-0.0,PROFIT_LOCK_LADDER,100,0.33,62,44.0,True,SIM_LIMIT,AI_DIRECT_LIMIT,,,,,0,BEAR,SR,60-70,SPAWN,-6,-6,BEARISH_STRUCTURE,CONFLICTED,32.94,-5,3,7,0.0004,bitfinex,tBTCF0:USTF0,v10.7-fresh-scope-relay-audit-2026-06-25,BITFINEX_ZERO,v10.7-fresh-scope-relay-audit-2026-06-25,CONTINUOUS,Continuous AI Research,APPROVE,60959.0,0.038118,0.030114,FREE_RANGE,0.002881,0.091802,193.2,3.38462,0.0,22.810815,357.279,357.279,357.279,5-15m,AI_DIRECT,AI_DIRECT_CHASE,6,,12.08,0.0,0.0,0.0,False,0.0,0.0,-5.6e-05,-1.1e-05,0.003652,0.209625,-2.231981,0.0,0.320488,60959.0,60873.242257,60686.624479,62438.020964,0.003075,FREE_RANGE,SHORT_PREFERRED,0.038118,0.030114,BEAR,3.0,44.0,0.0,100,1.9,True,True,APPROVE,62,"```json
{
  ""direction"": ""SHORT"",
  ""confidence"": 62,
  ""long_score"": 28,
  ""short_score"": 72,
  ""preferred_direction"": ""SHORT"",
  ""entry_zone_low"": 61000,
  ""entry_zone_high"": 61307,
  ""limit_price"": 61153.5,
  ""expected_mfe"": 0.008,
  ""expected_mae"": 0.005,
  ""reversal_probability"": 35,
  ""exit_style"": ""AGGRESSIVE"",
  ""reasons_for_trade"": [
    ""BEAR regime with intact trend health (bear_score 8 vs bull_score 4)"",
    ""ADX 32.94 (>25) confirms trending market favoring continuation"",
    ""Market structure bias BEARISH with LL sequence and negative structure_score (-6)"",
    ""Multi-timeframe agreement CONFLICTED but 4h BEARISH dominates, 15m BULLISH is short-term pullback risk only"",
    ""EMA stack not fully bearish (ema9 above ema21) but price below ema200 (-2.35%) and ema21 below ema200"",
    ""Orderflow shows negative delta (-2.22) and imbalance (0.32) supporting bearish pressure"",
    ""Liquidity sweep high detected (likely stop hunt before continuation lower)"",
    ""Funding positive (3.99e-6) meaning longs pay shorts, favorable for short positioning"",
    ""Price near micro resistance (61307) after bounce from micro support (60704) - potential rejection zone"",
    ""Volume ratio elevated (1.86) suggests active participation in current move""
  ],
  ""reasons_against_trade"": [
    ""Price is closer to support (3.0%) than resistance (3.8%) - short entry near support carries bounce risk"",
    ""15m timeframe shows BULLISH trend - short-term counter-trend risk"",
    ""Higher low detected on micro structure - potential for short squeeze if support holds"",
    ""Reversal risk score 55 indicates moderate reversal probability"",
    ""EMA9 above EMA21 suggests short-term momentum still upward"",
    ""Entry stage EARLY - may need more confirmation of rejection at resistance""
  ],
  ""bull_score"": 3,
  ""bear_score"": 7
}
```

Direction: SHORT
Win probability: 62
Long score: 28
Short score: 72
Bull score: 3
Bear score: 7
Decision: APPROVE
Reason: Bearish trend hierarchy (BEAR regime, ADX>25, bearish structure, negative delta) outweighs short-term bullish 15m. Short entry near micro resistance (61307) with limit above current price (60968) targets continuation. Bounce risk from nearby support is mitigated by strong bearish conviction and liquidity sweep high suggesting exhaustion.",60971.08,60911.0,MAKER,TAKER,0.032809,12.08,357.279,1.97,1.97,0.0,0.0,-0.0,-0.0,9.85,203.077268,PROFIT_LOCK_LADDER,-2.231981,0.209625,-1.1e-05,0.320488,False,True,"{'price': 60959.0, 'ret_1m': 0.0, 'ret_5m': 3.2810013616155654e-05, 'ema9': 60873.242257186976, 'ema21': 60686.62447934749, 'ema200': 62438.02096436436, 'dist_to_support': 0.03011415824694922, 'dist_to_resistance': 0.03811835717097494, 'volume': 0.0036521419999999997, 'volume_ratio': 0.20962473524919997, 'delta': -2.2319808550000095, 'velocity': -1.1475246131156192e-05, 'imbalance': 0.32048839194363915, 'candle_range': 193.2, 'body_ratio': 0.542845836142787, 'wick_ratio': 0.457154163857213}",1.9,"{'early_fail_enabled': True, 'invert_signal': False, 'ai_enabled': True, 'edge_threshold': 3.0, 'edge_threshold_max': None, 'edge_range_preset': 'min_only', 'ai_threshold': 44.0, 'leverage': 100, 'pullback_threshold': 0.001}","{'ema9': 60873.242257186976, 'ema21': 60686.62447934749, 'ema200': 62438.02096436436, 'ema_spread': 0.003075, 'ema9_slope_pct': 0.1461, 'ema21_slope_pct': 0.1538, 'ema9_above_ema21': True, 'ema21_above_ema200': False}",MOMENTUM_SHORT,1.9,1.9,False,True,INV_False_EF_True,SHORT,12,8,SCENARIO_C_EARLY_12_v2_frozen,40.0,10.0,-12.0,2.0,8.0,300,1,2,-32.0,False,False,True,False,480,3,5.0,False,5,0.75,"[[12, 8], [15, 10], [25, 18], [40, 28], [60, 45], [80, 60], [100, 75], [150, 120]]","{""trail_ladder"": [[12, 8], [15, 10], [25, 18], [40, 28], [60, 45], [80, 60], [100, 75], [150, 120]], ""ladder_first_trigger_pct"": 12, ""ladder_first_lock_pct"": 8, ""exit_profile_id"": ""SCENARIO_C_EARLY_12_v2_frozen"", ""peak_never_loser_min_peak"": 40.0, ""peak_never_loser_floor"": 10.0, ""thesis_fast_exit_unreal_pct"": -12.0, ""thesis_mfe_protect_pct"": 2.0, ""thesis_exit_if_above_unreal_pct"": 8.0, ""thesis_min_age_sec"": 300, ""thesis_score_flip_margin"": 1, ""thesis_early_decay_delta"": 2, ""early_fail_pct_threshold"": -32.0, ""type_a_first_candle_enabled"": false, ""type_a_early_fail_enabled"": false, ""scenario_c_exit_profile"": true, ""type_a_stall_enabled"": false, ""type_a_stall_min_age_sec"": 480, ""type_a_stall_min_candles"": 3, ""type_a_stall_max_mfe_pct"": 5.0, ""trend_weakening_enabled"": false, ""spread_penalty_threshold"": 5, ""spread_penalty_margin_mult"": 0.75}",2026-06-24T22:42:27.653274+00:00,2026-06-25 08:42:27 AEST,2026-06-25 08:42:27 AEST
2026-06-24T22:42:39.202961+00:00,c604c-015e496e2518,SHORT,60972.4,60913.93,3.571718,9.59,20.0,4,1.92,1.92,0.0,0.0,-0.0,-0.0,PROFIT_LOCK_LADDER,100,0.32,62,44.0,True,SIM_LIMIT,AI_DIRECT_LIMIT,,,,,0,BEAR,SR,60-70,SPAWN,-6,-6,BEARISH_STRUCTURE,CONFLICTED,32.94,-5,3,7,0.0004,bitfinex,tBTCF0:USTF0,v10.7-fresh-scope-relay-audit-2026-06-25,BITFINEX_ZERO,v10.7-fresh-scope-relay-audit-2026-06-25,COMBO_604_SP4_CHASE_3PLUS,AI60-65 · Spread4 · Chase 3+,APPROVE,60959.0,0.038118,0.030114,FREE_RANGE,0.002881,0.091802,193.2,3.571719,0.0,23.026812,352.019,352.019,352.019,5-15m,AI_DIRECT,AI_DIRECT_CHASE,6,,13.4,0.0,0.0632,0.0632,False,0.0,0.0,-5.9e-05,-1.1e-05,0.003652,0.209625,-2.231981,0.0,0.320488,60959.0,60873.242257,60686.624479,62438.020964,0.003075,FREE_RANGE,SHORT_PREFERRED,0.038118,0.030114,BEAR,3.0,44.0,0.0,100,1.9,True,True,APPROVE,62,"```json
{
  ""direction"": ""SHORT"",
  ""confidence"": 62,
  ""long_score"": 28,
  ""short_score"": 72,
  ""preferred_direction"": ""SHORT"",
  ""entry_zone_low"": 61000,
  ""entry_zone_high"": 61307,
  ""limit_price"": 61153.5,
  ""expected_mfe"": 0.008,
  ""expected_mae"": 0.005,
  ""reversal_probability"": 35,
  ""exit_style"": ""AGGRESSIVE"",
  ""reasons_for_trade"": [
    ""BEAR regime with intact trend health (bear_score 8 vs bull_score 4)"",
    ""ADX 32.94 (>25) confirms trending market favoring continuation"",
    ""Market structure bias BEARISH with LL sequence and negative structure_score (-6)"",
    ""Multi-timeframe agreement CONFLICTED but 4h BEARISH dominates, 15m BULLISH is short-term pullback risk only"",
    ""EMA stack not fully bearish (ema9 above ema21) but price below ema200 (-2.35%) and ema21 below ema200"",
    ""Orderflow shows negative delta (-2.22) and imbalance (0.32) supporting bearish pressure"",
    ""Liquidity sweep high detected (likely stop hunt before continuation lower)"",
    ""Funding positive (3.99e-6) meaning longs pay shorts, favorable for short positioning"",
    ""Price near micro resistance (61307) after bounce from micro support (60704) - potential rejection zone"",
    ""Volume ratio elevated (1.86) suggests active participation in current move""
  ],
  ""reasons_against_trade"": [
    ""Price is closer to support (3.0%) than resistance (3.8%) - short entry near support carries bounce risk"",
    ""15m timeframe shows BULLISH trend - short-term counter-trend risk"",
    ""Higher low detected on micro structure - potential for short squeeze if support holds"",
    ""Reversal risk score 55 indicates moderate reversal probability"",
    ""EMA9 above EMA21 suggests short-term momentum still upward"",
    ""Entry stage EARLY - may need more confirmation of rejection at resistance""
  ],
  ""bull_score"": 3,
  ""bear_score"": 7
}
```

Direction: SHORT
Win probability: 62
Long score: 28
Short score: 72
Bull score: 3
Bear score: 7
Decision: APPROVE
Reason: Bearish trend hierarchy (BEAR regime, ADX>25, bearish structure, negative delta) outweighs short-term bullish 15m. Short entry near micro resistance (61307) with limit above current price (60968) targets continuation. Bounce risk from nearby support is mitigated by strong bearish conviction and liquidity sweep high suggesting exhaustion.",60972.4,60913.93,MAKER,TAKER,0.032809,13.4,352.019,1.92,1.92,0.0,0.0,-0.0,-0.0,9.59,214.303174,PROFIT_LOCK_LADDER,-2.231981,0.209625,-1.1e-05,0.320488,False,True,"{'price': 60959.0, 'ret_1m': 0.0, 'ret_5m': 3.2810013616155654e-05, 'ema9': 60873.242257186976, 'ema21': 60686.62447934749, 'ema200': 62438.02096436436, 'dist_to_support': 0.03011415824694922, 'dist_to_resistance': 0.03811835717097494, 'volume': 0.0036521419999999997, 'volume_ratio': 0.20962473524919997, 'delta': -2.2319808550000095, 'velocity': -1.1475246131156192e-05, 'imbalance': 0.32048839194363915, 'candle_range': 193.2, 'body_ratio': 0.542845836142787, 'wick_ratio': 0.457154163857213}",2.0,"{'early_fail_enabled': True, 'invert_signal': False, 'ai_enabled': True, 'edge_threshold': 3.0, 'edge_threshold_max': None, 'edge_range_preset': 'min_only', 'ai_threshold': 44.0, 'leverage': 100, 'pullback_threshold': 0.001}","{'ema9': 60873.242257186976, 'ema21': 60686.62447934749, 'ema200': 62438.02096436436, 'ema_spread': 0.003075, 'ema9_slope_pct': 0.1461, 'ema21_slope_pct': 0.1538, 'ema9_above_ema21': True, 'ema21_above_ema200': False}",MOMENTUM_SHORT,2.0,2.0,False,True,INV_False_EF_True,SHORT,12,8,SCENARIO_C_EARLY_12_v2_frozen,40.0,10.0,-12.0,2.0,8.0,300,1,2,-32.0,False,False,True,False,480,3,5.0,False,5,0.75,"[[12, 8], [15, 10], [25, 18], [40, 28], [60, 45], [80, 60], [100, 75], [150, 120]]","{""trail_ladder"": [[12, 8], [15, 10], [25, 18], [40, 28], [60, 45], [80, 60], [100, 75], [150, 120]], ""ladder_first_trigger_pct"": 12, ""ladder_first_lock_pct"": 8, ""exit_profile_id"": ""SCENARIO_C_EARLY_12_v2_frozen"", ""peak_never_loser_min_peak"": 40.0, ""peak_never_loser_floor"": 10.0, ""thesis_fast_exit_unreal_pct"": -12.0, ""thesis_mfe_protect_pct"": 2.0, ""thesis_exit_if_above_unreal_pct"": 8.0, ""thesis_min_age_sec"": 300, ""thesis_score_flip_margin"": 1, ""thesis_early_decay_delta"": 2, ""early_fail_pct_threshold"": -32.0, ""type_a_first_candle_enabled"": false, ""type_a_early_fail_enabled"": false, ""scenario_c_exit_profile"": true, ""type_a_stall_enabled"": false, ""type_a_stall_min_age_sec"": 480, ""type_a_stall_min_candles"": 3, ""type_a_stall_max_mfe_pct"": 5.0, ""trend_weakening_enabled"": false, ""spread_penalty_threshold"": 5, ""spread_penalty_margin_mult"": 0.75}",2026-06-24T22:42:39.202961+00:00,2026-06-25 08:42:39 AEST,2026-06-25 08:42:39 AEST
2026-06-24T22:46:58.455940+00:00,cont-afe1ed352a47,SHORT,60966.75,60933.0,0.691142,5.54,15.0,5,0.83,0.83,0.0,0.0,-0.0,0.0,PROFIT_LOCK_LADDER,100,0.18,62,44.0,True,SIM_LIMIT,AI_DIRECT_LIMIT,,,,,0,BEAR,SR,60-70,SPAWN,-6,-6,BEARISH_STRUCTURE,CONFLICTED,32.61,-5,3,8,0.0004,bitfinex,tBTCF0:USTF0,v10.7-fresh-scope-relay-audit-2026-06-25,BITFINEX_ZERO,v10.7-fresh-scope-relay-audit-2026-06-25,CONTINUOUS,Continuous AI Research,APPROVE,60900.0,0.039278,0.029031,FREE_RANGE,0.002893,1.0,193.2,0.691143,-0.20503,12.096758,226.914,226.914,226.914,0-5m,AI_DIRECT,AI_DIRECT_CHASE,2,,66.75,0.0,0.0,0.0,False,0.0,0.0,-9e-06,5.7e-05,0.013252,0.067092,-4.918665,0.0,0.464134,60900.0,60851.642257,60676.806298,62436.946337,0.002881,FREE_RANGE,SHORT_PREFERRED,0.039278,0.029031,BEAR,3.0,44.0,0.0,100,2.0,True,True,APPROVE,62,"```json
{
  ""direction"": ""SHORT"",
  ""confidence"": 62,
  ""long_score"": 30,
  ""short_score"": 72,
  ""preferred_direction"": ""SHORT"",
  ""entry_zone_low"": 60950,
  ""entry_zone_high"": 61100,
  ""limit_price"": 61025,
  ""expected_mfe"": 180,
  ""expected_mae"": 120,
  ""reversal_probability"": 55,
  ""exit_style"": ""AGGRESSIVE"",
  ""reasons_for_trade"": [
    ""BEAR regime with bearish structure (structure_score -6, last 4 swings LL)"",
    ""ADX 32.61 > 25 confirms trending market favoring continuation"",
    ""EMA stack bearish (price below EMA200, EMA21 below EMA200)"",
    ""Multi-TF conflicted but 4h BEARISH dominates, 15m BULLISH is minor"",
    ""Bear score (8) > Bull score (4) in trend health"",
    ""Liquidity sweep high (61307) likely exhausted buyers, now fading"",
    ""Funding positive (longs pay shorts) favors short positioning"",
    ""Delta negative (-4.89) with imbalance 0.46 shows selling pressure"",
    ""Edge score 2.0 below threshold 3.0 suggests no strong reversal edge""
  ],
  ""reasons_against_trade"": [
    ""Price near micro support (60704) increases bounce risk"",
    ""Higher low detected (HL) could indicate micro reversal attempt"",
    ""Reversal risk score 55 suggests moderate reversal probability"",
    ""15m timeframe shows BULLISH trend conflicting with HTF bearish"",
    ""Volume ratio 1.17 moderate, not extreme selling conviction"",
    ""Entry near support historically reduces short expectancy""
  ],
  ""bull_score"": 3,
  ""bear_score"": 8
}
```

**Direction:** SHORT  
**Win probability:** 62%  
**Long score:** 30  
**Short score:** 72  
**Bull score:** 3/10  
**Bear score:** 8/10  
**Decision:** APPROVE  
**Reason:** Bearish trend hierarchy dominates: BEAR regime, bearish structure (LL sequence), ADX > 25 trending, bearish EMA stack (price below EMA200), bear score 8 vs bull score 4. Short entry above current price (pullback to 61025) targets continuation toward micro support (60704) and possibly lower. Reversal risk is moderate (55) but not confirmed by structure shift or momentum expansion in bullish direction. Funding positive favors shorts. Entry near support is a risk but bearish continuation outweighs bounce probability given strong HTF alignment.",60966.75,60933.0,MAKER,TAKER,0.024631,66.75,226.914,0.83,0.83,0.0,0.0,-0.0,0.0,5.54,41.468592,PROFIT_LOCK_LADDER,-4.918665,0.067092,5.7e-05,0.464134,False,True,"{'price': 60900.0, 'ret_1m': 0.0, 'ret_5m': 0.0008545884827767552, 'ema9': 60851.64225718698, 'ema21': 60676.80629752931, 'ema200': 62436.94633749869, 'dist_to_support': 0.0290311986863711, 'dist_to_resistance': 0.03927750410509031, 'volume': 0.013252316000000004, 'volume_ratio': 0.06709235153499182, 'delta': -4.918664950000021, 'velocity': 5.7493922928396705e-05, 'imbalance': 0.4641343455175142, 'candle_range': 193.2, 'body_ratio': 0.542845836142787, 'wick_ratio': 0.457154163857213}",2.0,"{'early_fail_enabled': True, 'invert_signal': False, 'ai_enabled': True, 'edge_threshold': 3.0, 'edge_threshold_max': None, 'edge_range_preset': 'min_only', 'ai_threshold': 44.0, 'leverage': 100, 'pullback_threshold': 0.001}","{'ema9': 60851.64225718698, 'ema21': 60676.80629752931, 'ema200': 62436.94633749869, 'ema_spread': 0.002881, 'ema9_slope_pct': 0.1106, 'ema21_slope_pct': 0.1376, 'ema9_above_ema21': True, 'ema21_above_ema200': False}",WEAK_SETUP,2.0,2.0,False,True,INV_False_EF_True,SHORT,12,8,SCENARIO_C_EARLY_12_v2_frozen,40.0,10.0,-12.0,2.0,8.0,300,1,2,-32.0,False,False,True,False,480,3,5.0,False,5,0.75,"[[12, 8], [15, 10], [25, 18], [40, 28], [60, 45], [80, 60], [100, 75], [150, 120]]","{""trail_ladder"": [[12, 8], [15, 10], [25, 18], [40, 28], [60, 45], [80, 60], [100, 75], [150, 120]], ""ladder_first_trigger_pct"": 12, ""ladder_first_lock_pct"": 8, ""exit_profile_id"": ""SCENARIO_C_EARLY_12_v2_frozen"", ""peak_never_loser_min_peak"": 40.0, ""peak_never_loser_floor"": 10.0, ""thesis_fast_exit_unreal_pct"": -12.0, ""thesis_mfe_protect_pct"": 2.0, ""thesis_exit_if_above_unreal_pct"": 8.0, ""thesis_min_age_sec"": 300, ""thesis_score_flip_margin"": 1, ""thesis_early_decay_delta"": 2, ""early_fail_pct_threshold"": -32.0, ""type_a_first_candle_enabled"": false, ""type_a_early_fail_enabled"": false, ""scenario_c_exit_profile"": true, ""type_a_stall_enabled"": false, ""type_a_stall_min_age_sec"": 480, ""type_a_stall_min_candles"": 3, ""type_a_stall_max_mfe_pct"": 5.0, ""trend_weakening_enabled"": false, ""spread_penalty_threshold"": 5, ""spread_penalty_margin_mult"": 0.75}",2026-06-24T22:46:58.455940+00:00,2026-06-25 08:46:58 AEST,2026-06-25 08:46:58 AEST
2026-06-24T23:01:15.141842+00:00,cont-23d84ac12672,SHORT,60914.92,60907.27,5.300463,1.26,15.0,5,0.19,0.19,0.0,0.0,-0.0,-0.0,THESIS_INVALIDATED,100,0.04,62,44.0,True,SIM_LIMIT,AI_DIRECT_LIMIT,,,,,0,BEAR,SR,60-70,SPAWN,-6,-6,BEARISH_STRUCTURE,CONFLICTED,31.47,-5,3,8,0.0004,bitfinex,tBTCF0:USTF0,v10.7-fresh-scope-relay-audit-2026-06-25,BITFINEX_ZERO,v10.7-fresh-scope-relay-audit-2026-06-25,CONTINUOUS,Continuous AI Research,APPROVE,60873.0,0.039738,0.028601,FREE_RANGE,0.002525,0.919525,169.7,5.300464,-3.567271,8.85169,414.017,414.017,414.017,5-15m,AI_DIRECT,AI_DIRECT_CHASE,4,,41.92,0.0,0.2039,0.2039,False,0.0,0.0,-6.6e-05,-8e-06,0.009791,0.494792,-5.264091,0.0,0.453751,60873.0,60871.593806,60702.592502,62422.336268,0.002784,FREE_RANGE,SHORT_PREFERRED,0.039738,0.028601,BEAR,3.0,44.0,0.0,100,2.8,True,True,APPROVE,62,"```json
{
  ""direction"": ""SHORT"",
  ""confidence"": 62,
  ""long_score"": 28,
  ""short_score"": 72,
  ""preferred_direction"": ""SHORT"",
  ""entry_zone_low"": 60950,
  ""entry_zone_high"": 61100,
  ""limit_price"": 61025,
  ""expected_mfe"": 180,
  ""expected_mae"": 120,
  ""reversal_probability"": 35,
  ""exit_style"": ""AGGRESSIVE"",
  ""reasons_for_trade"": [
    ""BEAR regime with intact trend health (bear_score 8 vs bull_score 4)"",
    ""ADX 31.47 (>25) confirms trending market favoring continuation"",
    ""Market structure bias BEARISH_STRUCTURE with LL sequence active"",
    ""EMA stack bearish (price below EMA200, EMA21 below EMA200)"",
    ""Multi-timeframe conflicted but 4h BEARISH dominates"",
    ""Liquidity sweep high occurred (bearish liquidity grab)"",
    ""Edge score 2.8 near threshold but not yet triggered - early entry opportunity"",
    ""Funding positive (3.99e-06) favors shorts, longs paying""
  ],
  ""reasons_against_trade"": [
    ""Price near micro support (60704) - bounce risk if support holds"",
    ""Reversal risk score 53 - moderate reversal probability"",
    ""Higher low detected (HL) - potential micro structure shift"",
    ""Volume ratio low (0.49) - lack of aggressive selling"",
    ""Delta negative but small (-5.26) - weak bearish orderflow"",
    ""Entry near support zone reduces short expectancy without strong continuation""
  ],
  ""bull_score"": 3,
  ""bear_score"": 8
}
```

**Direction:** SHORT  
**Win probability:** 62%  
**Long score:** 28  
**Short score:** 72  
**Bull score:** 3/10  
**Bear score:** 8/10  
**Decision:** APPROVE  
**Reason:** Bearish trend hierarchy intact (BEAR regime, ADX > 25, bearish structure, EMA stack bearish). Short score dominates long score by 44 points (>5 threshold). Entry near support is a risk, but strong bearish continuation evidence (liquidity sweep high, LL sequence, funding favoring shorts) outweighs bounce risk. Entry zone set above current price (pullback to micro resistance area 60950-61100) for optimal risk/reward. Exit style AGGRESSIVE due to proximity to support - take profits quickly if momentum stalls.",60914.92,60907.27,MAKER,TAKER,0.024641,41.92,414.017,0.19,0.19,0.0,0.0,-0.0,-0.0,1.26,318.027881,THESIS_INVALIDATED,-5.264091,0.494792,-8e-06,0.453751,False,True,"{'price': 60873.0, 'ret_1m': 0.0, 'ret_5m': -0.00045976256547511536, 'ema9': 60871.59380574958, 'ema21': 60702.59250187688, 'ema200': 62422.33626792986, 'dist_to_support': 0.02860052897015097, 'dist_to_resistance': 0.03973847190051419, 'volume': 0.009790779000000001, 'volume_ratio': 0.49479210048727934, 'delta': -5.264091395000021, 'velocity': -8.206295594010834e-06, 'imbalance': 0.4537509948614873, 'candle_range': 169.7, 'body_ratio': 0.6009371224498409, 'wick_ratio': 0.3990628775501591}",2.8,"{'early_fail_enabled': True, 'invert_signal': False, 'ai_enabled': True, 'edge_threshold': 3.0, 'edge_threshold_max': None, 'edge_range_preset': 'min_only', 'ai_threshold': 44.0, 'leverage': 100, 'pullback_threshold': 0.001}","{'ema9': 60871.59380574958, 'ema21': 60702.59250187688, 'ema200': 62422.33626792986, 'ema_spread': 0.002784, 'ema9_slope_pct': 0.0649, 'ema21_slope_pct': 0.1156, 'ema9_above_ema21': True, 'ema21_above_ema200': False}",MOMENTUM_SHORT,2.8,2.8,False,True,INV_False_EF_True,SHORT,12,8,SCENARIO_C_EARLY_12_v2_frozen,40.0,10.0,-12.0,2.0,8.0,300,1,2,-32.0,False,False,True,False,480,3,5.0,False,5,0.75,"[[12, 8], [15, 10], [25, 18], [40, 28], [60, 45], [80, 60], [100, 75], [150, 120]]","{""trail_ladder"": [[12, 8], [15, 10], [25, 18], [40, 28], [60, 45], [80, 60], [100, 75], [150, 120]], ""ladder_first_trigger_pct"": 12, ""ladder_first_lock_pct"": 8, ""exit_profile_id"": ""SCENARIO_C_EARLY_12_v2_frozen"", ""peak_never_loser_min_peak"": 40.0, ""peak_never_loser_floor"": 10.0, ""thesis_fast_exit_unreal_pct"": -12.0, ""thesis_mfe_protect_pct"": 2.0, ""thesis_exit_if_above_unreal_pct"": 8.0, ""thesis_min_age_sec"": 300, ""thesis_score_flip_margin"": 1, ""thesis_early_decay_delta"": 2, ""early_fail_pct_threshold"": -32.0, ""type_a_first_candle_enabled"": false, ""type_a_early_fail_enabled"": false, ""scenario_c_exit_profile"": true, ""type_a_stall_enabled"": false, ""type_a_stall_min_age_sec"": 480, ""type_a_stall_min_candles"": 3, ""type_a_stall_max_mfe_pct"": 5.0, ""trend_weakening_enabled"": false, ""spread_penalty_threshold"": 5, ""spread_penalty_margin_mult"": 0.75}",2026-06-24T23:01:15.141842+00:00,2026-06-25 09:01:15 AEST,2026-06-25 09:01:15 AEST
2026-06-24T23:20:31.795997+00:00,cont-eb37c7ddda2b,SHORT,60952.38,60901.0,13.619564,8.43,20.0,4,1.69,1.69,0.0,0.0,-0.0,-0.0,PROFIT_LOCK_LADDER,100,0.28,62,44.0,True,SIM_LIMIT,AI_DIRECT_LIMIT,,,,,0,BEAR,SR,60-70,SPAWN,-3,-3,BEARISH_STRUCTURE,MIXED,30.41,-2,3,7,0.0004,bitfinex,tBTCF0:USTF0,v10.7-fresh-scope-relay-audit-2026-06-25,BITFINEX_ZERO,v10.7-fresh-scope-relay-audit-2026-06-25,CONTINUOUS,Continuous AI Research,APPROVE,60892.0,0.039312,0.028999,FREE_RANGE,0.002386,0.426894,135.1,13.619565,-6.500156,12.367031,271.822,271.822,271.822,0-5m,AI_DIRECT,AI_DIRECT_CHASE,3,,60.38,0.0,0.0,0.0,False,0.0,0.0,-0.000227,-7e-06,0.006596,0.590962,-5.81838,0.0,0.441688,60892.0,60871.115045,60717.827894,62406.420219,0.002525,FREE_RANGE,SHORT_PREFERRED,0.039312,0.028999,BEAR,3.0,44.0,0.0,100,2.1,True,True,APPROVE,62,"```json
{
  ""direction"": ""SHORT"",
  ""confidence"": 62,
  ""long_score"": 25,
  ""short_score"": 72,
  ""preferred_direction"": ""SHORT"",
  ""entry_zone_low"": 60950,
  ""entry_zone_high"": 61100,
  ""limit_price"": 61025,
  ""expected_mfe"": 180,
  ""expected_mae"": 120,
  ""reversal_probability"": 25,
  ""exit_style"": ""AGGRESSIVE"",
  ""reasons_for_trade"": [
    ""BEAR regime with BEARISH_STRUCTURE and BEAR_CONTINUATION market structure shift"",
    ""ADX 30.41 indicates trending market favoring continuation"",
    ""EMA stack bearish: price below EMA200, EMA21 below EMA200, no bull stack"",
    ""Multi-timeframe agreement: 4h BEARISH, 15m/1h RANGING - no bullish alignment"",
    ""Bear score (7) significantly higher than bull score (4) in trend health"",
    ""Negative delta (-5.8) and negative velocity support bearish orderflow"",
    ""Liquidity sweep high detected - potential grab of stops before continuation lower"",
    ""Edge score (2.1) below threshold (3.0) - no strong reversal edge"",
    ""Funding positive (longs pay shorts) - slight structural tailwind for shorts""
  ],
  ""reasons_against_trade"": [
    ""Price near micro support (60832) - bounce risk from support zone"",
    ""Higher low detected - potential for short-term bullish micro structure"",
    ""Volume ratio below 1.0 (0.62) - selling pressure not extreme"",
    ""Reversal risk score 25 - non-trivial chance of mean reversion"",
    ""Distance to support (2.9%) closer than resistance (3.9%) - asymmetric risk""
  ],
  ""bull_score"": 3,
  ""bear_score"": 7
}
```

**Direction:** SHORT  
**Win probability:** 62%  
**Long score:** 25 | **Short score:** 72  
**Bull score:** 3/10 | **Bear score:** 7/10  
**Decision:** APPROVE  

**Reason:** The trend hierarchy strongly favors bearish continuation: BEAR regime, BEARISH_STRUCTURE, BEAR_CONTINUATION shift, ADX > 25 trending, bearish EMA alignment (price below EMA200, no bull stack), and bear score (7) dominating bull score (4). Orderflow (negative delta, negative velocity) supports the bearish case. The liquidity sweep high suggests a grab of longs before further downside. While price is near micro support (60832), this is a location context only - not a reversal signal without confirmation. The short entry is planned above current price (pullback to 61025) to avoid chasing into support. The reversal probability is low (25%) given the strong bearish structure and lack of bullish MTF agreement. Exit style is AGGRESSIVE due to proximity to support and potential for a bounce.",60952.38,60901.0,MAKER,TAKER,0.032845,60.38,271.822,1.69,1.69,0.0,0.0,-0.0,-0.0,8.43,817.173937,PROFIT_LOCK_LADDER,-5.81838,0.590962,-7e-06,0.441688,False,True,"{'price': 60892.0, 'ret_1m': 0.0, 'ret_5m': -0.00021344717182497332, 'ema9': 60871.11504459967, 'ema21': 60717.82789425728, 'ema200': 62406.420218920895, 'dist_to_support': 0.02899931032217807, 'dist_to_resistance': 0.03931163585011002, 'volume': 0.006596124, 'volume_ratio': 0.5909617691928944, 'delta': -5.818380089000006, 'velocity': -6.532097147414724e-06, 'imbalance': 0.4416884640010261, 'candle_range': 135.1, 'body_ratio': 0.6703895720175643, 'wick_ratio': 0.3296104279824358}",2.1,"{'early_fail_enabled': True, 'invert_signal': False, 'ai_enabled': True, 'edge_threshold': 3.0, 'edge_threshold_max': None, 'edge_range_preset': 'min_only', 'ai_threshold': 44.0, 'leverage': 100, 'pullback_threshold': 0.001}","{'ema9': 60871.11504459967, 'ema21': 60717.82789425728, 'ema200': 62406.420218920895, 'ema_spread': 0.002525, 'ema9_slope_pct': 0.0375, 'ema21_slope_pct': 0.0987, 'ema9_above_ema21': True, 'ema21_above_ema200': False}",MOMENTUM_SHORT,2.1,2.1,False,True,INV_False_EF_True,SHORT,12,8,SCENARIO_C_EARLY_12_v2_frozen,40.0,10.0,-12.0,2.0,8.0,300,1,2,-32.0,False,False,True,False,480,3,5.0,False,5,0.75,"[[12, 8], [15, 10], [25, 18], [40, 28], [60, 45], [80, 60], [100, 75], [150, 120]]","{""trail_ladder"": [[12, 8], [15, 10], [25, 18], [40, 28], [60, 45], [80, 60], [100, 75], [150, 120]], ""ladder_first_trigger_pct"": 12, ""ladder_first_lock_pct"": 8, ""exit_profile_id"": ""SCENARIO_C_EARLY_12_v2_frozen"", ""peak_never_loser_min_peak"": 40.0, ""peak_never_loser_floor"": 10.0, ""thesis_fast_exit_unreal_pct"": -12.0, ""thesis_mfe_protect_pct"": 2.0, ""thesis_exit_if_above_unreal_pct"": 8.0, ""thesis_min_age_sec"": 300, ""thesis_score_flip_margin"": 1, ""thesis_early_decay_delta"": 2, ""early_fail_pct_threshold"": -32.0, ""type_a_first_candle_enabled"": false, ""type_a_early_fail_enabled"": false, ""scenario_c_exit_profile"": true, ""type_a_stall_enabled"": false, ""type_a_stall_min_age_sec"": 480, ""type_a_stall_min_candles"": 3, ""type_a_stall_max_mfe_pct"": 5.0, ""trend_weakening_enabled"": false, ""spread_penalty_threshold"": 5, ""spread_penalty_margin_mult"": 0.75}",2026-06-24T23:20:31.795997+00:00,2026-06-25 09:20:31 AEST,2026-06-25 09:20:31 AEST
2026-06-24T23:20:31.839768+00:00,c604c-65bbcf663212,SHORT,60957.04,60901.0,6.549286,9.19,20.0,4,1.84,1.84,0.0,0.0,-0.0,-0.0,PROFIT_LOCK_LADDER,100,0.31,62,44.0,True,SIM_LIMIT,AI_DIRECT_LIMIT,,,,,0,BEAR,SR,60-70,SPAWN,-3,-3,BEARISH_STRUCTURE,CONFLICTED,30.45,-2,3,7,0.0004,bitfinex,tBTCF0:USTF0,v10.7-fresh-scope-relay-audit-2026-06-25,BITFINEX_ZERO,v10.7-fresh-scope-relay-audit-2026-06-25,COMBO_604_SP4_CHASE_3PLUS,AI60-65 · Spread4 · Chase 3+,APPROVE,60944.0,0.038561,0.0297,FREE_RANGE,0.002386,0.984317,135.1,6.549287,-0.572534,13.130559,304.584,304.584,304.584,5-15m,AI_DIRECT,AI_DIRECT_CHASE,6,,13.04,0.0,0.0,0.0,False,0.0,0.0,-0.000109,3e-06,0.007635,1.531678,-5.92329,0.0,0.434375,60944.0,60889.915045,60726.373349,62407.355542,0.002693,FREE_RANGE,SHORT_PREFERRED,0.038561,0.0297,BEAR,3.0,44.0,0.0,100,1.7,True,True,APPROVE,62,"```json
{
  ""direction"": ""SHORT"",
  ""confidence"": 62,
  ""long_score"": 28,
  ""short_score"": 72,
  ""preferred_direction"": ""SHORT"",
  ""entry_zone_low"": 61050,
  ""entry_zone_high"": 61300,
  ""limit_price"": 61175,
  ""expected_mfe"": 180,
  ""expected_mae"": 120,
  ""reversal_probability"": 43,
  ""exit_style"": ""AGGRESSIVE"",
  ""reasons_for_trade"": [
    ""BEAR regime with intact trend health (bear_score 7 vs bull_score 4)"",
    ""ADX 30.45 > 25 confirms trending conditions favoring continuation"",
    ""Market structure bias BEARISH with LL sequence and structure_score -3"",
    ""Multi-timeframe conflicted but 4h BEARISH dominates, 15m BULLISH is minor"",
    ""Liquidity sweep high (1.0) suggests potential rejection from micro resistance 61307"",
    ""Negative delta (-5.9) and velocity (-0.0011%) support bearish orderflow"",
    ""EMA200 above price (-2.35%) acts as long-term resistance"",
    ""Compression regime after trending bearish leg favors continuation breakdown""
  ],
  ""reasons_against_trade"": [
    ""Price near micro support (60832) with only 0.18% distance increases bounce risk"",
    ""Higher low detected (1.0) suggests potential short-term buying pressure"",
    ""15m timeframe shows BULLISH trend conflicting with HTF bearish view"",
    ""Volume ratio very low (0.113) indicates lack of conviction in current move"",
    ""Reversal risk score 43 suggests moderate reversal probability"",
    ""Entry near support historically reduces short expectancy without strong continuation""
  ],
  ""bull_score"": 3,
  ""bear_score"": 7
}
```

Direction: SHORT
Win probability: 62
Long score: 28
Short score: 72
Bull score: 3
Bear score: 7
Decision: APPROVE
Reason: Bearish trend hierarchy intact (BEAR regime, ADX>25, bearish structure, negative delta). Short entry above current price near micro resistance (61307) aligns with continuation bias. Low volume and proximity to support are risks, but trend strength and orderflow favor breakdown. Entry zone set above price for pullback short.",60957.04,60901.0,MAKER,TAKER,0.032817,13.04,304.584,1.84,1.84,0.0,0.0,-0.0,-0.0,9.19,392.957261,PROFIT_LOCK_LADDER,-5.92329,1.531678,3e-06,0.434375,False,True,"{'price': 60944.0, 'ret_1m': -0.00019686331124089507, 'ret_5m': -0.0004920129891429134, 'ema9': 60889.915044599664, 'ema21': 60726.373348802736, 'ema200': 62407.35554230398, 'dist_to_support': 0.02970037084440944, 'dist_to_resistance': 0.03856125496373601, 'volume': 0.007635037999999999, 'volume_ratio': 1.5316777297367408, 'delta': -5.923290499000006, 'velocity': 3.2863314843792125e-06, 'imbalance': 0.4343750781208464, 'candle_range': 135.1, 'body_ratio': 0.6703895720175643, 'wick_ratio': 0.3296104279824358}",1.7,"{'early_fail_enabled': True, 'invert_signal': False, 'ai_enabled': True, 'edge_threshold': 3.0, 'edge_threshold_max': None, 'edge_range_preset': 'min_only', 'ai_threshold': 44.0, 'leverage': 100, 'pullback_threshold': 0.001}","{'ema9': 60889.915044599664, 'ema21': 60726.373348802736, 'ema200': 62407.35554230398, 'ema_spread': 0.002693, 'ema9_slope_pct': 0.0684, 'ema21_slope_pct': 0.1127, 'ema9_above_ema21': True, 'ema21_above_ema200': False}",WEAK_SETUP,1.7,1.7,False,True,INV_False_EF_True,SHORT,12,8,SCENARIO_C_EARLY_12_v2_frozen,40.0,10.0,-12.0,2.0,8.0,300,1,2,-32.0,False,False,True,False,480,3,5.0,False,5,0.75,"[[12, 8], [15, 10], [25, 18], [40, 28], [60, 45], [80, 60], [100, 75], [150, 120]]","{""trail_ladder"": [[12, 8], [15, 10], [25, 18], [40, 28], [60, 45], [80, 60], [100, 75], [150, 120]], ""ladder_first_trigger_pct"": 12, ""ladder_first_lock_pct"": 8, ""exit_profile_id"": ""SCENARIO_C_EARLY_12_v2_frozen"", ""peak_never_loser_min_peak"": 40.0, ""peak_never_loser_floor"": 10.0, ""thesis_fast_exit_unreal_pct"": -12.0, ""thesis_mfe_protect_pct"": 2.0, ""thesis_exit_if_above_unreal_pct"": 8.0, ""thesis_min_age_sec"": 300, ""thesis_score_flip_margin"": 1, ""thesis_early_decay_delta"": 2, ""early_fail_pct_threshold"": -32.0, ""type_a_first_candle_enabled"": false, ""type_a_early_fail_enabled"": false, ""scenario_c_exit_profile"": true, ""type_a_stall_enabled"": false, ""type_a_stall_min_age_sec"": 480, ""type_a_stall_min_candles"": 3, ""type_a_stall_max_mfe_pct"": 5.0, ""trend_weakening_enabled"": false, ""spread_penalty_threshold"": 5, ""spread_penalty_margin_mult"": 0.75}",2026-06-24T23:20:31.839768+00:00,2026-06-25 09:20:31 AEST,2026-06-25 09:20:31 AEST
2026-06-24T23:20:32.378440+00:00,cont-51f456e78f6c,SHORT,60958.57,60901.0,6.575132,9.44,20.0,4,1.89,1.89,0.0,0.0,-0.0,-0.0,PROFIT_LOCK_LADDER,100,0.31,62,44.0,True,SIM_LIMIT,AI_DIRECT_LIMIT,,,,,0,BEAR,SR,60-70,SPAWN,-3,-3,BEARISH_STRUCTURE,CONFLICTED,30.45,-2,3,7,0.0004,bitfinex,tBTCF0:USTF0,v10.7-fresh-scope-relay-audit-2026-06-25,BITFINEX_ZERO,v10.7-fresh-scope-relay-audit-2026-06-25,CONTINUOUS,Continuous AI Research,APPROVE,60944.0,0.038561,0.0297,FREE_RANGE,0.002386,0.984317,135.1,6.575133,-0.32153,13.381219,305.717,305.717,305.717,5-15m,AI_DIRECT,AI_DIRECT_CHASE,6,,14.57,0.0,0.0,0.0,False,0.0,0.0,-0.000109,3e-06,0.007635,1.531678,-5.92329,0.0,0.434375,60944.0,60889.915045,60726.373349,62407.355542,0.002693,FREE_RANGE,SHORT_PREFERRED,0.038561,0.0297,BEAR,3.0,44.0,0.0,100,1.7,True,True,APPROVE,62,"```json
{
  ""direction"": ""SHORT"",
  ""confidence"": 62,
  ""long_score"": 28,
  ""short_score"": 72,
  ""preferred_direction"": ""SHORT"",
  ""entry_zone_low"": 61050,
  ""entry_zone_high"": 61300,
  ""limit_price"": 61175,
  ""expected_mfe"": 180,
  ""expected_mae"": 120,
  ""reversal_probability"": 43,
  ""exit_style"": ""AGGRESSIVE"",
  ""reasons_for_trade"": [
    ""BEAR regime with intact trend health (bear_score 7 vs bull_score 4)"",
    ""ADX 30.45 > 25 confirms trending conditions favoring continuation"",
    ""Market structure bias BEARISH with LL sequence and structure_score -3"",
    ""Multi-timeframe conflicted but 4h BEARISH dominates, 15m BULLISH is minor"",
    ""Liquidity sweep high (1.0) suggests potential rejection from micro resistance 61307"",
    ""Negative delta (-5.9) and velocity (-0.0011%) support bearish orderflow"",
    ""EMA200 above price (-2.35%) acts as long-term resistance"",
    ""Compression regime after trending bearish leg favors continuation breakdown""
  ],
  ""reasons_against_trade"": [
    ""Price near micro support (60832) with only 0.18% distance increases bounce risk"",
    ""Higher low detected (1.0) suggests potential short-term buying pressure"",
    ""15m timeframe shows BULLISH trend conflicting with HTF bearish view"",
    ""Volume ratio very low (0.113) indicates lack of conviction in current move"",
    ""Reversal risk score 43 suggests moderate reversal probability"",
    ""Entry near support historically reduces short expectancy without strong continuation""
  ],
  ""bull_score"": 3,
  ""bear_score"": 7
}
```

Direction: SHORT
Win probability: 62
Long score: 28
Short score: 72
Bull score: 3
Bear score: 7
Decision: APPROVE
Reason: Bearish trend hierarchy intact (BEAR regime, ADX>25, bearish structure, negative delta). Short entry above current price near micro resistance (61307) aligns with continuation bias. Low volume and proximity to support are risks, but trend strength and orderflow favor breakdown. Entry zone set above price for pullback short.",60958.57,60901.0,MAKER,TAKER,0.032817,14.57,305.717,1.89,1.89,0.0,0.0,-0.0,-0.0,9.44,394.508052,PROFIT_LOCK_LADDER,-5.92329,1.531678,3e-06,0.434375,False,True,"{'price': 60944.0, 'ret_1m': -0.00019686331124089507, 'ret_5m': -0.0004920129891429134, 'ema9': 60889.915044599664, 'ema21': 60726.373348802736, 'ema200': 62407.35554230398, 'dist_to_support': 0.02970037084440944, 'dist_to_resistance': 0.03856125496373601, 'volume': 0.007635037999999999, 'volume_ratio': 1.5316777297367408, 'delta': -5.923290499000006, 'velocity': 3.2863314843792125e-06, 'imbalance': 0.4343750781208464, 'candle_range': 135.1, 'body_ratio': 0.6703895720175643, 'wick_ratio': 0.3296104279824358}",1.7,"{'early_fail_enabled': True, 'invert_signal': False, 'ai_enabled': True, 'edge_threshold': 3.0, 'edge_threshold_max': None, 'edge_range_preset': 'min_only', 'ai_threshold': 44.0, 'leverage': 100, 'pullback_threshold': 0.001}","{'ema9': 60889.915044599664, 'ema21': 60726.373348802736, 'ema200': 62407.35554230398, 'ema_spread': 0.002693, 'ema9_slope_pct': 0.0684, 'ema21_slope_pct': 0.1127, 'ema9_above_ema21': True, 'ema21_above_ema200': False}",WEAK_SETUP,1.7,1.7,False,True,INV_False_EF_True,SHORT,12,8,SCENARIO_C_EARLY_12_v2_frozen,40.0,10.0,-12.0,2.0,8.0,300,1,2,-32.0,False,False,True,False,480,3,5.0,False,5,0.75,"[[12, 8], [15, 10], [25, 18], [40, 28], [60, 45], [80, 60], [100, 75], [150, 120]]","{""trail_ladder"": [[12, 8], [15, 10], [25, 18], [40, 28], [60, 45], [80, 60], [100, 75], [150, 120]], ""ladder_first_trigger_pct"": 12, ""ladder_first_lock_pct"": 8, ""exit_profile_id"": ""SCENARIO_C_EARLY_12_v2_frozen"", ""peak_never_loser_min_peak"": 40.0, ""peak_never_loser_floor"": 10.0, ""thesis_fast_exit_unreal_pct"": -12.0, ""thesis_mfe_protect_pct"": 2.0, ""thesis_exit_if_above_unreal_pct"": 8.0, ""thesis_min_age_sec"": 300, ""thesis_score_flip_margin"": 1, ""thesis_early_decay_delta"": 2, ""early_fail_pct_threshold"": -32.0, ""type_a_first_candle_enabled"": false, ""type_a_early_fail_enabled"": false, ""scenario_c_exit_profile"": true, ""type_a_stall_enabled"": false, ""type_a_stall_min_age_sec"": 480, ""type_a_stall_min_candles"": 3, ""type_a_stall_max_mfe_pct"": 5.0, ""trend_weakening_enabled"": false, ""spread_penalty_threshold"": 5, ""spread_penalty_margin_mult"": 0.75}",2026-06-24T23:20:32.378440+00:00,2026-06-25 09:20:32 AEST,2026-06-25 09:20:32 AEST
2026-06-24T23:29:15.364871+00:00,cont-b86e579c132d,SHORT,61063.79,61013.0,2.955929,8.32,20.0,4,1.66,1.66,0.0,0.0,-0.0,0.0,PROFIT_LOCK_LADDER,100,0.28,62,44.0,True,SIM_LIMIT,AI_DIRECT_LIMIT,,,,,0,BEAR,SR,60-70,SPAWN,-3,-3,BEARISH_STRUCTURE,CONFLICTED,29.51,-2,3,7,0.0004,bitfinex,tBTCF0:USTF0,v10.7-fresh-scope-relay-audit-2026-06-25,BITFINEX_ZERO,v10.7-fresh-scope-relay-audit-2026-06-25,CONTINUOUS,Continuous AI Research,APPROVE,60981.0,0.037897,0.030321,FREE_RANGE,0.00261,1.0,103.0,2.955931,-0.198153,15.523111,244.195,244.195,244.195,0-5m,AI_DIRECT,AI_DIRECT_CHASE,3,,82.79,0.0,0.0,0.0,False,0.0,0.0,-4.9e-05,9.8e-05,0.013876,0.098583,-6.721105,0.0,0.454639,60981.0,60899.052036,60744.967507,62392.866651,0.002537,FREE_RANGE,SHORT_PREFERRED,0.037897,0.030321,BEAR,3.0,44.0,0.0,100,1.2,True,True,APPROVE,62,"```json
{
  ""direction"": ""SHORT"",
  ""confidence"": 62,
  ""long_score"": 28,
  ""short_score"": 72,
  ""preferred_direction"": ""SHORT"",
  ""entry_zone_low"": 61050,
  ""entry_zone_high"": 61300,
  ""limit_price"": 61175,
  ""expected_mfe"": 180,
  ""expected_mae"": 120,
  ""reversal_probability"": 63,
  ""exit_style"": ""AGGRESSIVE"",
  ""reasons_for_trade"": [
    ""BEAR regime with intact trend health (bear_score 7 vs bull_score 4)"",
    ""ADX 29.51 > 25 indicating trending conditions favoring continuation"",
    ""Market structure bias BEARISH_STRUCTURE with LL sequence and negative structure_score -3"",
    ""Multi-timeframe conflicted but 4h BEARISH dominates and 15m BULLISH is short-term pullback only"",
    ""Price below EMA200 (-2.28%) confirming bearish macro context"",
    ""Liquidity sweep high (liquidity_sweep_high=true) suggests grab of highs before continuation lower"",
    ""Volume ratio very low (0.098) indicating lack of buying conviction on bounce"",
    ""Delta negative (-6.73) showing selling pressure even on this pullback"",
    ""Funding positive (longs pay shorts) favoring short positioning""
  ],
  ""reasons_against_trade"": [
    ""Price near micro support (60832) with only 0.23% distance - bounce risk elevated"",
    ""Reversal risk score 63 indicates moderate reversal probability from current levels"",
    ""15m timeframe shows BULLISH trend conflicting with higher timeframe bearishness"",
    ""EMA9 and EMA21 are above price suggesting short-term momentum is up"",
    ""Higher low detected (higher_low_detected=true) could indicate forming bottom"",
    ""Compression regime may precede expansion in either direction""
  ],
  ""bull_score"": 3,
  ""bear_score"": 7
}
```

**Direction:** SHORT  
**Win probability:** 62%  
**Long score:** 28  
**Short score:** 72  
**Bull score:** 3/10  
**Bear score:** 7/10  
**Decision:** APPROVE  
**Reason:** Bearish trend hierarchy dominates - BEAR regime, ADX > 25 trending, bearish structure with LL sequence, negative delta, and low volume on bounce suggest this is a bear flag/pullback within a downtrend. The liquidity sweep of recent highs (61307) before continuation lower is a classic bearish pattern. While near micro support, the continuation case is stronger than reversal case given the lack of bullish conviction (low volume, negative delta, bearish funding). Entry above current price (pullback to resistance zone) aligns with short-side continuation strategy.",61063.79,61013.0,MAKER,TAKER,0.032797,82.79,244.195,1.66,1.66,0.0,0.0,-0.0,0.0,8.32,177.355943,PROFIT_LOCK_LADDER,-6.721105,0.098583,9.8e-05,0.454639,False,True,"{'price': 60981.0, 'ret_1m': 0.0001804165983270461, 'ret_5m': 0.0015109461479084893, 'ema9': 60899.052035679735, 'ema21': 60744.96750717279, 'ema200': 62392.86665093111, 'dist_to_support': 0.030320919630704646, 'dist_to_resistance': 0.03789704990078877, 'volume': 0.013875575000000001, 'volume_ratio': 0.09858252718950461, 'delta': -6.721104824000003, 'velocity': 9.845209323204502e-05, 'imbalance': 0.4546392563728091, 'candle_range': 103.0, 'body_ratio': 0.7008112587645522, 'wick_ratio': 0.2991887412354478}",1.2,"{'early_fail_enabled': True, 'invert_signal': False, 'ai_enabled': True, 'edge_threshold': 3.0, 'edge_threshold_max': None, 'edge_range_preset': 'min_only', 'ai_threshold': 44.0, 'leverage': 100, 'pullback_threshold': 0.001}","{'ema9': 60899.052035679735, 'ema21': 60744.96750717279, 'ema200': 62392.86665093111, 'ema_spread': 0.002537, 'ema9_slope_pct': 0.0506, 'ema21_slope_pct': 0.0999, 'ema9_above_ema21': True, 'ema21_above_ema200': False}",WEAK_SETUP,1.2,1.2,False,True,INV_False_EF_True,SHORT,12,8,SCENARIO_C_EARLY_12_v2_frozen,40.0,10.0,-12.0,2.0,8.0,300,1,2,-32.0,False,False,True,False,480,3,5.0,False,5,0.75,"[[12, 8], [15, 10], [25, 18], [40, 28], [60, 45], [80, 60], [100, 75], [150, 120]]","{""trail_ladder"": [[12, 8], [15, 10], [25, 18], [40, 28], [60, 45], [80, 60], [100, 75], [150, 120]], ""ladder_first_trigger_pct"": 12, ""ladder_first_lock_pct"": 8, ""exit_profile_id"": ""SCENARIO_C_EARLY_12_v2_frozen"", ""peak_never_loser_min_peak"": 40.0, ""peak_never_loser_floor"": 10.0, ""thesis_fast_exit_unreal_pct"": -12.0, ""thesis_mfe_protect_pct"": 2.0, ""thesis_exit_if_above_unreal_pct"": 8.0, ""thesis_min_age_sec"": 300, ""thesis_score_flip_margin"": 1, ""thesis_early_decay_delta"": 2, ""early_fail_pct_threshold"": -32.0, ""type_a_first_candle_enabled"": false, ""type_a_early_fail_enabled"": false, ""scenario_c_exit_profile"": true, ""type_a_stall_enabled"": false, ""type_a_stall_min_age_sec"": 480, ""type_a_stall_min_candles"": 3, ""type_a_stall_max_mfe_pct"": 5.0, ""trend_weakening_enabled"": false, ""spread_penalty_threshold"": 5, ""spread_penalty_margin_mult"": 0.75}",2026-06-24T23:29:15.364871+00:00,2026-06-25 09:29:15 AEST,2026-06-25 09:29:15 AEST
2026-06-24T23:29:15.614834+00:00,c604c-068b0abd5402,SHORT,61050.43,61013.0,0.938768,6.13,20.0,4,1.23,1.23,0.0,0.0,-0.0,0.0,PROFIT_LOCK_LADDER,100,0.2,62,44.0,True,SIM_LIMIT,AI_DIRECT_LIMIT,,,,,0,BEAR,SR,60-70,SPAWN,-3,-3,BEARISH_STRUCTURE,CONFLICTED,29.51,-2,3,7,0.0004,bitfinex,tBTCF0:USTF0,v10.7-fresh-scope-relay-audit-2026-06-25,BITFINEX_ZERO,v10.7-fresh-scope-relay-audit-2026-06-25,COMBO_604_SP4_CHASE_3PLUS,AI60-65 · Spread4 · Chase 3+,APPROVE,60981.0,0.037897,0.030321,FREE_RANGE,0.00261,1.0,103.0,0.938769,0.0,13.338153,363.822,363.822,363.822,5-15m,AI_DIRECT,AI_DIRECT_CHASE,4,,69.43,0.0,0.0,0.0,False,0.0,0.0,-1.6e-05,9.8e-05,0.013876,0.098583,-6.721105,0.0,0.454639,60981.0,60899.052036,60744.967507,62392.866651,0.002537,FREE_RANGE,SHORT_PREFERRED,0.037897,0.030321,BEAR,3.0,44.0,0.0,100,1.2,True,True,APPROVE,62,"```json
{
  ""direction"": ""SHORT"",
  ""confidence"": 62,
  ""long_score"": 28,
  ""short_score"": 72,
  ""preferred_direction"": ""SHORT"",
  ""entry_zone_low"": 61050,
  ""entry_zone_high"": 61300,
  ""limit_price"": 61175,
  ""expected_mfe"": 180,
  ""expected_mae"": 120,
  ""reversal_probability"": 63,
  ""exit_style"": ""AGGRESSIVE"",
  ""reasons_for_trade"": [
    ""BEAR regime with intact trend health (bear_score 7 vs bull_score 4)"",
    ""ADX 29.51 > 25 indicating trending conditions favoring continuation"",
    ""Market structure bias BEARISH_STRUCTURE with LL sequence and negative structure_score -3"",
    ""Multi-timeframe conflicted but 4h BEARISH dominates and 15m BULLISH is short-term pullback only"",
    ""Price below EMA200 (-2.28%) confirming bearish macro context"",
    ""Liquidity sweep high (liquidity_sweep_high=true) suggests grab of highs before continuation lower"",
    ""Volume ratio very low (0.098) indicating lack of buying conviction on bounce"",
    ""Delta negative (-6.73) showing selling pressure even on this pullback"",
    ""Funding positive (longs pay shorts) favoring short positioning""
  ],
  ""reasons_against_trade"": [
    ""Price near micro support (60832) with only 0.23% distance - bounce risk elevated"",
    ""Reversal risk score 63 indicates moderate reversal probability from current levels"",
    ""15m timeframe shows BULLISH trend conflicting with higher timeframe bearishness"",
    ""EMA9 and EMA21 are above price suggesting short-term momentum is up"",
    ""Higher low detected (higher_low_detected=true) could indicate forming bottom"",
    ""Compression regime may precede expansion in either direction""
  ],
  ""bull_score"": 3,
  ""bear_score"": 7
}
```

**Direction:** SHORT  
**Win probability:** 62%  
**Long score:** 28  
**Short score:** 72  
**Bull score:** 3/10  
**Bear score:** 7/10  
**Decision:** APPROVE  
**Reason:** Bearish trend hierarchy dominates - BEAR regime, ADX > 25 trending, bearish structure with LL sequence, negative delta, and low volume on bounce suggest this is a bear flag/pullback within a downtrend. The liquidity sweep of recent highs (61307) before continuation lower is a classic bearish pattern. While near micro support, the continuation case is stronger than reversal case given the lack of bullish conviction (low volume, negative delta, bearish funding). Entry above current price (pullback to resistance zone) aligns with short-side continuation strategy.",61050.43,61013.0,MAKER,TAKER,0.032797,69.43,363.822,1.23,1.23,0.0,0.0,-0.0,0.0,6.13,56.32619,PROFIT_LOCK_LADDER,-6.721105,0.098583,9.8e-05,0.454639,False,True,"{'price': 60981.0, 'ret_1m': 0.0001804165983270461, 'ret_5m': 0.0015109461479084893, 'ema9': 60899.052035679735, 'ema21': 60744.96750717279, 'ema200': 62392.86665093111, 'dist_to_support': 0.030320919630704646, 'dist_to_resistance': 0.03789704990078877, 'volume': 0.013875575000000001, 'volume_ratio': 0.09858252718950461, 'delta': -6.721104824000003, 'velocity': 9.845209323204502e-05, 'imbalance': 0.4546392563728091, 'candle_range': 103.0, 'body_ratio': 0.7008112587645522, 'wick_ratio': 0.2991887412354478}",1.2,"{'early_fail_enabled': True, 'invert_signal': False, 'ai_enabled': True, 'edge_threshold': 3.0, 'edge_threshold_max': None, 'edge_range_preset': 'min_only', 'ai_threshold': 44.0, 'leverage': 100, 'pullback_threshold': 0.001}","{'ema9': 60899.052035679735, 'ema21': 60744.96750717279, 'ema200': 62392.86665093111, 'ema_spread': 0.002537, 'ema9_slope_pct': 0.0506, 'ema21_slope_pct': 0.0999, 'ema9_above_ema21': True, 'ema21_above_ema200': False}",WEAK_SETUP,1.2,1.2,False,True,INV_False_EF_True,SHORT,12,8,SCENARIO_C_EARLY_12_v2_frozen,40.0,10.0,-12.0,2.0,8.0,300,1,2,-32.0,False,False,True,False,480,3,5.0,False,5,0.75,"[[12, 8], [15, 10], [25, 18], [40, 28], [60, 45], [80, 60], [100, 75], [150, 120]]","{""trail_ladder"": [[12, 8], [15, 10], [25, 18], [40, 28], [60, 45], [80, 60], [100, 75], [150, 120]], ""ladder_first_trigger_pct"": 12, ""ladder_first_lock_pct"": 8, ""exit_profile_id"": ""SCENARIO_C_EARLY_12_v2_frozen"", ""peak_never_loser_min_peak"": 40.0, ""peak_never_loser_floor"": 10.0, ""thesis_fast_exit_unreal_pct"": -12.0, ""thesis_mfe_protect_pct"": 2.0, ""thesis_exit_if_above_unreal_pct"": 8.0, ""thesis_min_age_sec"": 300, ""thesis_score_flip_margin"": 1, ""thesis_early_decay_delta"": 2, ""early_fail_pct_threshold"": -32.0, ""type_a_first_candle_enabled"": false, ""type_a_early_fail_enabled"": false, ""scenario_c_exit_profile"": true, ""type_a_stall_enabled"": false, ""type_a_stall_min_age_sec"": 480, ""type_a_stall_min_candles"": 3, ""type_a_stall_max_mfe_pct"": 5.0, ""trend_weakening_enabled"": false, ""spread_penalty_threshold"": 5, ""spread_penalty_margin_mult"": 0.75}",2026-06-24T23:29:15.614834+00:00,2026-06-25 09:29:15 AEST,2026-06-25 09:29:15 AEST
2026-06-24T23:35:16.490773+00:00,c604c-6f8a05f41164,SHORT,60894.0,61073.42,32.893997,-29.46,20.0,4,-5.89,-5.89,0.0,0.0,-0.0,-0.0,STOP_LOSS,100,0.98,62,44.0,True,SIM_LIMIT,AI_DIRECT_LIMIT,,,,,0,BEAR,SR,60-70,SPAWN,-6,-6,BEARISH_STRUCTURE,CONFLICTED,31.47,-5,3,7,0.0004,bitfinex,tBTCF0:USTF0,v10.7-fresh-scope-relay-audit-2026-06-25,BITFINEX_ZERO,v10.7-fresh-scope-relay-audit-2026-06-25,COMBO_604_SP4_CHASE_3PLUS,AI60-65 · Spread4 · Chase 3+,APPROVE,60875.0,0.039704,0.028632,FREE_RANGE,0.002681,0.525806,169.7,32.893998,-30.052222,3.941275,602.211,602.211,602.211,5-15m,AI_DIRECT,AI_DIRECT_CHASE,5,,19.0,0.0,0.0136,0.0136,False,0.0,0.0,-0.000547,1.3e-05,0.011988,0.081761,-5.578571,0.0,0.468035,60875.0,60869.593806,60701.683411,62422.236765,0.002766,FREE_RANGE,SHORT_PREFERRED,0.039704,0.028632,BEAR,3.0,44.0,0.0,100,1.4,True,True,APPROVE,62,"```json
{
  ""direction"": ""SHORT"",
  ""confidence"": 62,
  ""long_score"": 28,
  ""short_score"": 72,
  ""preferred_direction"": ""SHORT"",
  ""entry_zone_low"": 60950,
  ""entry_zone_high"": 61100,
  ""limit_price"": 61025,
  ""expected_mfe"": 180,
  ""expected_mae"": 120,
  ""reversal_probability"": 35,
  ""exit_style"": ""AGGRESSIVE"",
  ""reasons_for_trade"": [
    ""BEAR regime with intact trend health (bear_score 8 vs bull_score 4)"",
    ""ADX 31.47 > 25 confirms trending market favoring continuation"",
    ""Market structure bearish (LL sequence, structure_score -6, last swing high 61307)"",
    ""EMA stack not fully bearish but price below EMA200 (-2.48%) and EMA9/21 slope positive but weak"",
    ""Orderflow delta negative (-5.57) and imbalance 0.47 (slight sell pressure)"",
    ""Liquidity sweep high occurred (swept 61307 resistance) - potential trap for longs"",
    ""Funding positive (3.99e-06) meaning longs pay shorts - slight bearish cost bias"",
    ""MTF conflicted but 4h bearish dominates, 15m bullish is minor counter-trend"",
    ""Price near micro resistance (61307) after rejection - short from resistance zone""
  ],
  ""reasons_against_trade"": [
    ""Price near micro support (60704) - short entry near support reduces expectancy"",
    ""15m timeframe shows BULLISH trend - short-term momentum could bounce"",
    ""EMA9/21 slope positive (0.06% and 0.11%) - short-term uptrend intact"",
    ""Volume ratio slightly elevated (1.08) but not explosive - lack of strong conviction"",
    ""Reversal risk score 55 - moderate chance of mean reversion bounce"",
    ""Higher low detected (HL in swing labels) - potential for structure shift""
  ],
  ""bull_score"": 3,
  ""bear_score"": 7
}
```

**Direction:** SHORT  
**Win probability:** 62%  
**Long score:** 28  
**Short score:** 72  
**Bull score:** 3/10  
**Bear score:** 7/10  
**Decision:** APPROVE  
**Reason:** Bearish trend hierarchy dominates: BEAR regime, ADX > 25 trending, bearish structure (LL sequence), negative delta, and liquidity sweep high suggest continuation lower. Short entry near micro resistance (61307) with limit above current price (61025) targets pullback to support zone. The 15m bullish is minor and likely a retracement within larger downtrend. Short near support is a risk, but strong bearish conviction and ADX trending outweigh bounce risk. Exit aggressively on first sign of reversal or at support.",60894.0,61073.42,MAKER,TAKER,0.032854,19.0,602.211,-5.89,-5.89,0.0,0.0,-0.0,-0.0,-29.46,1973.639931,STOP_LOSS,-5.578571,0.081761,1.3e-05,0.468035,False,True,"{'price': 60875.0, 'ret_1m': 0.0, 'ret_5m': 0.0002629027752674214, 'ema9': 60869.59380574958, 'ema21': 60701.683410967795, 'ema200': 62422.23676544229, 'dist_to_support': 0.028632443531827517, 'dist_to_resistance': 0.03970431211498973, 'volume': 0.011988017, 'volume_ratio': 0.08176087012403518, 'delta': -5.578570898000015, 'velocity': 1.3149078800563921e-05, 'imbalance': 0.46803503341606423, 'candle_range': 169.7, 'body_ratio': 0.6009371224498409, 'wick_ratio': 0.3990628775501591}",1.4,"{'early_fail_enabled': True, 'invert_signal': False, 'ai_enabled': True, 'edge_threshold': 3.0, 'edge_threshold_max': None, 'edge_range_preset': 'min_only', 'ai_threshold': 44.0, 'leverage': 100, 'pullback_threshold': 0.001}","{'ema9': 60869.59380574958, 'ema21': 60701.683410967795, 'ema200': 62422.23676544229, 'ema_spread': 0.002766, 'ema9_slope_pct': 0.0616, 'ema21_slope_pct': 0.1141, 'ema9_above_ema21': True, 'ema21_above_ema200': False}",WEAK_SETUP,1.4,1.4,False,True,INV_False_EF_True,SHORT,12,8,SCENARIO_C_EARLY_12_v2_frozen,40.0,10.0,-12.0,2.0,8.0,300,1,2,-32.0,False,False,True,False,480,3,5.0,False,5,0.75,"[[12, 8], [15, 10], [25, 18], [40, 28], [60, 45], [80, 60], [100, 75], [150, 120]]","{""trail_ladder"": [[12, 8], [15, 10], [25, 18], [40, 28], [60, 45], [80, 60], [100, 75], [150, 120]], ""ladder_first_trigger_pct"": 12, ""ladder_first_lock_pct"": 8, ""exit_profile_id"": ""SCENARIO_C_EARLY_12_v2_frozen"", ""peak_never_loser_min_peak"": 40.0, ""peak_never_loser_floor"": 10.0, ""thesis_fast_exit_unreal_pct"": -12.0, ""thesis_mfe_protect_pct"": 2.0, ""thesis_exit_if_above_unreal_pct"": 8.0, ""thesis_min_age_sec"": 300, ""thesis_score_flip_margin"": 1, ""thesis_early_decay_delta"": 2, ""early_fail_pct_threshold"": -32.0, ""type_a_first_candle_enabled"": false, ""type_a_early_fail_enabled"": false, ""scenario_c_exit_profile"": true, ""type_a_stall_enabled"": false, ""type_a_stall_min_age_sec"": 480, ""type_a_stall_min_candles"": 3, ""type_a_stall_max_mfe_pct"": 5.0, ""trend_weakening_enabled"": false, ""spread_penalty_threshold"": 5, ""spread_penalty_margin_mult"": 0.75}",2026-06-24T23:35:16.490773+00:00,2026-06-25 09:35:16 AEST,2026-06-25 09:35:16 AEST
2026-06-24T23:41:01.390189+00:00,cont-070172af02ee,SHORT,61065.31,61027.01,6.308493,6.27,20.0,4,1.25,1.25,0.0,0.0,-0.0,-0.0,PROFIT_LOCK_LADDER,100,0.21,62,44.0,True,SIM_LIMIT,AI_DIRECT_LIMIT,,,,,0,BEAR,SR,60-70,SPAWN,-3,-3,BEARISH_STRUCTURE,CONFLICTED,29.78,-2,3,7,0.0004,bitfinex,tBTCF0:USTF0,v10.7-fresh-scope-relay-audit-2026-06-25,BITFINEX_ZERO,v10.7-fresh-scope-relay-audit-2026-06-25,CONTINUOUS,Continuous AI Research,APPROVE,60991.0,0.038016,0.03021,FREE_RANGE,0.002539,0.590077,103.0,6.308494,-5.898603,12.005179,317.443,317.443,317.443,5-15m,AI_DIRECT,AI_DIRECT_CHASE,2,,74.31,0.0,0.2626,0.2626,False,0.0,0.0,-0.000105,-5e-06,0.013273,0.062647,-6.326198,0.0,0.371792,60991.0,60907.252036,60748.69478,62393.274611,0.00261,FREE_RANGE,SHORT_PREFERRED,0.038016,0.03021,BEAR,3.0,44.0,0.0,100,2.3,True,True,APPROVE,62,"```json
{
  ""direction"": ""SHORT"",
  ""confidence"": 62,
  ""long_score"": 28,
  ""short_score"": 72,
  ""preferred_direction"": ""SHORT"",
  ""entry_zone_low"": 61050,
  ""entry_zone_high"": 61200,
  ""limit_price"": 61125,
  ""expected_mfe"": 180,
  ""expected_mae"": 120,
  ""reversal_probability"": 43,
  ""exit_style"": ""AGGRESSIVE"",
  ""reasons_for_trade"": [
    ""BEAR regime with intact trend health (bear_score 7 vs bull_score 4)"",
    ""Market structure bias BEARISH_STRUCTURE with structure_score -3"",
    ""ADX 29.78 > 25 indicating trending conditions favoring continuation"",
    ""Price below EMA200 (-2.27%) confirming bearish macro context"",
    ""Liquidity sweep of recent high (liquidity_sweep_high=true) suggests exhaustion"",
    ""Negative delta (-6.33) and low volume ratio (0.063) show weak buying pressure"",
    ""Multi-timeframe conflicted but 4h is BEARISH, overriding 15m BULLISH"",
    ""EMA stack not fully bearish but price below EMA200 is dominant""
  ],
  ""reasons_against_trade"": [
    ""Price near micro support (60832) with only 0.26% distance - bounce risk elevated"",
    ""Higher low detected (higher_low_detected=1) suggests potential micro reversal"",
    ""Reversal risk score 43 - moderate probability of mean reversion"",
    ""15m timeframe shows BULLISH trend conflicting with HTF bearish view"",
    ""Entry near support historically reduces short expectancy without strong continuation""
  ],
  ""bull_score"": 3,
  ""bear_score"": 7
}
```

**Direction: SHORT**  
**Win probability: 62%**  
**Long score: 28**  
**Short score: 72**  
**Bull score: 3/10**  
**Bear score: 7/10**  
**Decision: APPROVE**  

**Reason:**  
The bearish case dominates: BEAR regime, intact trend health (bear_score 7), bearish structure (score -3), ADX > 25 trending, negative delta, and price below EMA200. The liquidity sweep of the recent high suggests a failed breakout. While the price is near micro support (60832) and a higher low was detected, these are weak reversal signals without structure shift or momentum expansion. The short entry is placed above current price (pullback to 61125) to avoid chasing into support. The 15m BULLISH is overridden by 4h BEARISH and the overall bearish hierarchy. Exit style AGGRESSIVE due to proximity to support and moderate reversal risk.",61065.31,61027.01,MAKER,TAKER,0.032792,74.31,317.443,1.25,1.25,0.0,0.0,-0.0,-0.0,6.27,378.509723,PROFIT_LOCK_LADDER,-6.326198,0.062647,-5e-06,0.371792,False,True,"{'price': 60991.0, 'ret_1m': 0.0, 'ret_5m': -0.0002950384369519251, 'ema9': 60907.25203567973, 'ema21': 60748.69477990006, 'ema200': 62393.27461113012, 'dist_to_support': 0.03020959753337488, 'dist_to_resistance': 0.038016203627775774, 'volume': 0.013272767, 'volume_ratio': 0.06264704828408482, 'delta': -6.32619845800001, 'velocity': -4.911040665222567e-06, 'imbalance': 0.3717921815857752, 'candle_range': 103.0, 'body_ratio': 0.7008112587645522, 'wick_ratio': 0.2991887412354478}",2.3,"{'early_fail_enabled': True, 'invert_signal': False, 'ai_enabled': True, 'edge_threshold': 3.0, 'edge_threshold_max': None, 'edge_range_preset': 'min_only', 'ai_threshold': 44.0, 'leverage': 100, 'pullback_threshold': 0.001}","{'ema9': 60907.25203567973, 'ema21': 60748.69477990006, 'ema200': 62393.27461113012, 'ema_spread': 0.00261, 'ema9_slope_pct': 0.0641, 'ema21_slope_pct': 0.106, 'ema9_above_ema21': True, 'ema21_above_ema200': False}",MOMENTUM_SHORT,2.3,2.3,False,True,INV_False_EF_True,SHORT,12,8,SCENARIO_C_EARLY_12_v2_frozen,40.0,10.0,-12.0,2.0,8.0,300,1,2,-32.0,False,False,True,False,480,3,5.0,False,5,0.75,"[[12, 8], [15, 10], [25, 18], [40, 28], [60, 45], [80, 60], [100, 75], [150, 120]]","{""trail_ladder"": [[12, 8], [15, 10], [25, 18], [40, 28], [60, 45], [80, 60], [100, 75], [150, 120]], ""ladder_first_trigger_pct"": 12, ""ladder_first_lock_pct"": 8, ""exit_profile_id"": ""SCENARIO_C_EARLY_12_v2_frozen"", ""peak_never_loser_min_peak"": 40.0, ""peak_never_loser_floor"": 10.0, ""thesis_fast_exit_unreal_pct"": -12.0, ""thesis_mfe_protect_pct"": 2.0, ""thesis_exit_if_above_unreal_pct"": 8.0, ""thesis_min_age_sec"": 300, ""thesis_score_flip_margin"": 1, ""thesis_early_decay_delta"": 2, ""early_fail_pct_threshold"": -32.0, ""type_a_first_candle_enabled"": false, ""type_a_early_fail_enabled"": false, ""scenario_c_exit_profile"": true, ""type_a_stall_enabled"": false, ""type_a_stall_min_age_sec"": 480, ""type_a_stall_min_candles"": 3, ""type_a_stall_max_mfe_pct"": 5.0, ""trend_weakening_enabled"": false, ""spread_penalty_threshold"": 5, ""spread_penalty_margin_mult"": 0.75}",2026-06-24T23:41:01.390189+00:00,2026-06-25 09:41:01 AEST,2026-06-25 09:41:01 AEST
2026-06-24T23:41:01.431078+00:00,c604c-59f19ac13d6a,SHORT,61068.12,61027.01,6.292839,6.73,20.0,4,1.35,1.35,0.0,0.0,-0.0,-0.0,PROFIT_LOCK_LADDER,100,0.22,62,44.0,True,SIM_LIMIT,AI_DIRECT_LIMIT,,,,,0,BEAR,SR,60-70,SPAWN,-3,-3,BEARISH_STRUCTURE,CONFLICTED,29.78,-2,3,7,0.0004,bitfinex,tBTCF0:USTF0,v10.7-fresh-scope-relay-audit-2026-06-25,BITFINEX_ZERO,v10.7-fresh-scope-relay-audit-2026-06-25,COMBO_604_SP4_CHASE_3PLUS,AI60-65 · Spread4 · Chase 3+,APPROVE,60991.0,0.038016,0.03021,FREE_RANGE,0.002539,0.590077,103.0,6.292839,-5.438189,12.464769,316.205,316.205,316.205,5-15m,AI_DIRECT,AI_DIRECT_CHASE,2,,77.12,0.0,0.2626,0.2626,False,0.0,0.0,-0.000105,-5e-06,0.013273,0.062647,-6.326198,0.0,0.371792,60991.0,60907.252036,60748.69478,62393.274611,0.00261,FREE_RANGE,SHORT_PREFERRED,0.038016,0.03021,BEAR,3.0,44.0,0.0,100,2.3,True,True,APPROVE,62,"```json
{
  ""direction"": ""SHORT"",
  ""confidence"": 62,
  ""long_score"": 28,
  ""short_score"": 72,
  ""preferred_direction"": ""SHORT"",
  ""entry_zone_low"": 61050,
  ""entry_zone_high"": 61200,
  ""limit_price"": 61125,
  ""expected_mfe"": 180,
  ""expected_mae"": 120,
  ""reversal_probability"": 43,
  ""exit_style"": ""AGGRESSIVE"",
  ""reasons_for_trade"": [
    ""BEAR regime with intact trend health (bear_score 7 vs bull_score 4)"",
    ""Market structure bias BEARISH_STRUCTURE with structure_score -3"",
    ""ADX 29.78 > 25 indicating trending conditions favoring continuation"",
    ""Price below EMA200 (-2.27%) confirming bearish macro context"",
    ""Liquidity sweep of recent high (liquidity_sweep_high=true) suggests exhaustion"",
    ""Negative delta (-6.33) and low volume ratio (0.063) show weak buying pressure"",
    ""Multi-timeframe conflicted but 4h is BEARISH, overriding 15m BULLISH"",
    ""EMA stack not fully bearish but price below EMA200 is dominant""
  ],
  ""reasons_against_trade"": [
    ""Price near micro support (60832) with only 0.26% distance - bounce risk elevated"",
    ""Higher low detected (higher_low_detected=1) suggests potential micro reversal"",
    ""Reversal risk score 43 - moderate probability of mean reversion"",
    ""15m timeframe shows BULLISH trend conflicting with HTF bearish view"",
    ""Entry near support historically reduces short expectancy without strong continuation""
  ],
  ""bull_score"": 3,
  ""bear_score"": 7
}
```

**Direction: SHORT**  
**Win probability: 62%**  
**Long score: 28**  
**Short score: 72**  
**Bull score: 3/10**  
**Bear score: 7/10**  
**Decision: APPROVE**  

**Reason:**  
The bearish case dominates: BEAR regime, intact trend health (bear_score 7), bearish structure (score -3), ADX > 25 trending, negative delta, and price below EMA200. The liquidity sweep of the recent high suggests a failed breakout. While the price is near micro support (60832) and a higher low was detected, these are weak reversal signals without structure shift or momentum expansion. The short entry is placed above current price (pullback to 61125) to avoid chasing into support. The 15m BULLISH is overridden by 4h BEARISH and the overall bearish hierarchy. Exit style AGGRESSIVE due to proximity to support and moderate reversal risk.",61068.12,61027.01,MAKER,TAKER,0.032792,77.12,316.205,1.35,1.35,0.0,0.0,-0.0,-0.0,6.73,377.570409,PROFIT_LOCK_LADDER,-6.326198,0.062647,-5e-06,0.371792,False,True,"{'price': 60991.0, 'ret_1m': 0.0, 'ret_5m': -0.0002950384369519251, 'ema9': 60907.25203567973, 'ema21': 60748.69477990006, 'ema200': 62393.27461113012, 'dist_to_support': 0.03020959753337488, 'dist_to_resistance': 0.038016203627775774, 'volume': 0.013272767, 'volume_ratio': 0.06264704828408482, 'delta': -6.32619845800001, 'velocity': -4.911040665222567e-06, 'imbalance': 0.3717921815857752, 'candle_range': 103.0, 'body_ratio': 0.7008112587645522, 'wick_ratio': 0.2991887412354478}",2.3,"{'early_fail_enabled': True, 'invert_signal': False, 'ai_enabled': True, 'edge_threshold': 3.0, 'edge_threshold_max': None, 'edge_range_preset': 'min_only', 'ai_threshold': 44.0, 'leverage': 100, 'pullback_threshold': 0.001}","{'ema9': 60907.25203567973, 'ema21': 60748.69477990006, 'ema200': 62393.27461113012, 'ema_spread': 0.00261, 'ema9_slope_pct': 0.0641, 'ema21_slope_pct': 0.106, 'ema9_above_ema21': True, 'ema21_above_ema200': False}",MOMENTUM_SHORT,2.3,2.3,False,True,INV_False_EF_True,SHORT,12,8,SCENARIO_C_EARLY_12_v2_frozen,40.0,10.0,-12.0,2.0,8.0,300,1,2,-32.0,False,False,True,False,480,3,5.0,False,5,0.75,"[[12, 8], [15, 10], [25, 18], [40, 28], [60, 45], [80, 60], [100, 75], [150, 120]]","{""trail_ladder"": [[12, 8], [15, 10], [25, 18], [40, 28], [60, 45], [80, 60], [100, 75], [150, 120]], ""ladder_first_trigger_pct"": 12, ""ladder_first_lock_pct"": 8, ""exit_profile_id"": ""SCENARIO_C_EARLY_12_v2_frozen"", ""peak_never_loser_min_peak"": 40.0, ""peak_never_loser_floor"": 10.0, ""thesis_fast_exit_unreal_pct"": -12.0, ""thesis_mfe_protect_pct"": 2.0, ""thesis_exit_if_above_unreal_pct"": 8.0, ""thesis_min_age_sec"": 300, ""thesis_score_flip_margin"": 1, ""thesis_early_decay_delta"": 2, ""early_fail_pct_threshold"": -32.0, ""type_a_first_candle_enabled"": false, ""type_a_early_fail_enabled"": false, ""scenario_c_exit_profile"": true, ""type_a_stall_enabled"": false, ""type_a_stall_min_age_sec"": 480, ""type_a_stall_min_candles"": 3, ""type_a_stall_max_mfe_pct"": 5.0, ""trend_weakening_enabled"": false, ""spread_penalty_threshold"": 5, ""spread_penalty_margin_mult"": 0.75}",2026-06-24T23:41:01.431078+00:00,2026-06-25 09:41:01 AEST,2026-06-25 09:41:01 AEST
2026-06-24T23:48:34.702615+00:00,cont-b9f9e13f6f16,SHORT,61079.31,61038.96,5.313418,6.61,20.0,4,1.32,1.32,0.0,0.0,-0.0,-0.0,PROFIT_LOCK_LADDER,100,0.22,62,44.0,True,SIM_LIMIT,AI_DIRECT_LIMIT,,,,,0,BEAR,SR,60-70,SPAWN,-3,-3,BEARISH_STRUCTURE,CONFLICTED,29.28,-2,3,7,0.0004,bitfinex,tBTCF0:USTF0,v10.7-fresh-scope-relay-audit-2026-06-25,BITFINEX_ZERO,v10.7-fresh-scope-relay-audit-2026-06-25,CONTINUOUS,Continuous AI Research,APPROVE,61092.0,0.036011,0.032083,FREE_RANGE,0.002597,0.432319,82.5,5.313419,-3.878564,13.3122,251.275,251.275,251.275,0-5m,AI_DIRECT,AI_DIRECT_CHASE,5,,12.69,0.0,0.2277,0.2277,False,0.0,0.0,-8.8e-05,5.4e-05,0.01558,1.216368,-5.535903,0.0,0.293023,61092.0,60946.121629,60780.896081,62380.809491,0.002718,FREE_RANGE,SHORT_PREFERRED,0.036011,0.032083,BEAR,3.0,44.0,0.0,100,0.7,True,True,APPROVE,62,"```json
{
  ""direction"": ""SHORT"",
  ""confidence"": 62,
  ""long_score"": 30,
  ""short_score"": 72,
  ""preferred_direction"": ""SHORT"",
  ""entry_zone_low"": 61150,
  ""entry_zone_high"": 61307,
  ""limit_price"": 61228,
  ""expected_mfe"": 180,
  ""expected_mae"": 80,
  ""reversal_probability"": 45,
  ""exit_style"": ""AGGRESSIVE"",
  ""reasons_for_trade"": [
    ""BEAR regime with intact trend health (bear_score 7 vs bull_score 4)"",
    ""ADX 29.28 > 25 confirms trending conditions favoring continuation"",
    ""Market structure is BEARISH with LL/HL sequence and negative structure_score (-3)"",
    ""Multi-timeframe agreement is CONFLICTED but 4h is BEARISH and 15m BULLISH is likely a pullback within larger downtrend"",
    ""Price is near micro resistance (61307) after a liquidity sweep high, suggesting potential rejection"",
    ""Funding rate positive (3.99e-06) favors shorts as longs pay"",
    ""Volume ratio above 1.0 (1.22) with negative delta (-5.54) supports bearish orderflow"",
    ""EMA200 is above price (-2.07%) acting as overhead resistance, EMA9/21 are below but not stacked bullishly""
  ],
  ""reasons_against_trade"": [
    ""Price is closer to micro support (0.43%) than micro resistance (0.35%), increasing bounce risk"",
    ""15m timeframe shows BULLISH trend, indicating short-term upward momentum"",
    ""Higher low detected suggests potential micro structure shift"",
    ""Reversal risk score is 45 (moderate), not negligible"",
    ""Entry near support zone historically reduces short expectancy without strong continuation""
  ],
  ""bull_score"": 3,
  ""bear_score"": 7
}
```",61079.31,61038.96,MAKER,TAKER,0.032738,12.69,251.275,1.32,1.32,0.0,0.0,-0.0,-0.0,6.61,318.805167,PROFIT_LOCK_LADDER,-5.535903,1.216368,5.4e-05,0.293023,False,True,"{'price': 61092.0, 'ret_1m': 1.6369023260382053e-05, 'ret_5m': 0.00014734050390452334, 'ema9': 60946.12162854379, 'ema21': 60780.8960809035, 'ema200': 62380.80949121262, 'dist_to_support': 0.03208276042689714, 'dist_to_resistance': 0.03601126170366006, 'volume': 0.01557954, 'volume_ratio': 1.216368367748031, 'delta': -5.535902612000003, 'velocity': 5.403983890148531e-05, 'imbalance': 0.2930227234665428, 'candle_range': 82.5, 'body_ratio': 0.7503395606513447, 'wick_ratio': 0.24966043934865537}",0.7,"{'early_fail_enabled': True, 'invert_signal': False, 'ai_enabled': True, 'edge_threshold': 3.0, 'edge_threshold_max': None, 'edge_range_preset': 'min_only', 'ai_threshold': 44.0, 'leverage': 100, 'pullback_threshold': 0.001}","{'ema9': 60946.12162854379, 'ema21': 60780.8960809035, 'ema200': 62380.80949121262, 'ema_spread': 0.002718, 'ema9_slope_pct': 0.1195, 'ema21_slope_pct': 0.1276, 'ema9_above_ema21': True, 'ema21_above_ema200': False}",WEAK_SETUP,0.7,0.7,False,True,INV_False_EF_True,SHORT,12,8,SCENARIO_C_EARLY_12_v2_frozen,40.0,10.0,-12.0,2.0,8.0,300,1,2,-32.0,False,False,True,False,480,3,5.0,False,5,0.75,"[[12, 8], [15, 10], [25, 18], [40, 28], [60, 45], [80, 60], [100, 75], [150, 120]]","{""trail_ladder"": [[12, 8], [15, 10], [25, 18], [40, 28], [60, 45], [80, 60], [100, 75], [150, 120]], ""ladder_first_trigger_pct"": 12, ""ladder_first_lock_pct"": 8, ""exit_profile_id"": ""SCENARIO_C_EARLY_12_v2_frozen"", ""peak_never_loser_min_peak"": 40.0, ""peak_never_loser_floor"": 10.0, ""thesis_fast_exit_unreal_pct"": -12.0, ""thesis_mfe_protect_pct"": 2.0, ""thesis_exit_if_above_unreal_pct"": 8.0, ""thesis_min_age_sec"": 300, ""thesis_score_flip_margin"": 1, ""thesis_early_decay_delta"": 2, ""early_fail_pct_threshold"": -32.0, ""type_a_first_candle_enabled"": false, ""type_a_early_fail_enabled"": false, ""scenario_c_exit_profile"": true, ""type_a_stall_enabled"": false, ""type_a_stall_min_age_sec"": 480, ""type_a_stall_min_candles"": 3, ""type_a_stall_max_mfe_pct"": 5.0, ""trend_weakening_enabled"": false, ""spread_penalty_threshold"": 5, ""spread_penalty_margin_mult"": 0.75}",2026-06-24T23:48:34.702615+00:00,2026-06-25 09:48:34 AEST,2026-06-25 09:48:34 AEST
2026-06-24T23:48:34.740195+00:00,c604c-be320d02a8ab,SHORT,61080.49,61038.96,5.308635,6.8,20.0,4,1.36,1.36,0.0,0.0,-0.0,-0.0,PROFIT_LOCK_LADDER,100,0.23,62,44.0,True,SIM_LIMIT,AI_DIRECT_LIMIT,,,,,0,BEAR,SR,60-70,SPAWN,-3,-3,BEARISH_STRUCTURE,CONFLICTED,29.28,-2,3,7,0.0004,bitfinex,tBTCF0:USTF0,v10.7-fresh-scope-relay-audit-2026-06-25,BITFINEX_ZERO,v10.7-fresh-scope-relay-audit-2026-06-25,COMBO_604_SP4_CHASE_3PLUS,AI60-65 · Spread4 · Chase 3+,APPROVE,61092.0,0.036011,0.032083,FREE_RANGE,0.002597,0.432319,82.5,5.308636,-3.685301,13.505131,249.727,249.727,249.727,0-5m,AI_DIRECT,AI_DIRECT_CHASE,5,,11.51,0.0,0.2277,0.2277,False,0.0,0.0,-8.8e-05,5.4e-05,0.01558,1.216368,-5.535903,0.0,0.293023,61092.0,60946.121629,60780.896081,62380.809491,0.002718,FREE_RANGE,SHORT_PREFERRED,0.036011,0.032083,BEAR,3.0,44.0,0.0,100,0.7,True,True,APPROVE,62,"```json
{
  ""direction"": ""SHORT"",
  ""confidence"": 62,
  ""long_score"": 30,
  ""short_score"": 72,
  ""preferred_direction"": ""SHORT"",
  ""entry_zone_low"": 61150,
  ""entry_zone_high"": 61307,
  ""limit_price"": 61228,
  ""expected_mfe"": 180,
  ""expected_mae"": 80,
  ""reversal_probability"": 45,
  ""exit_style"": ""AGGRESSIVE"",
  ""reasons_for_trade"": [
    ""BEAR regime with intact trend health (bear_score 7 vs bull_score 4)"",
    ""ADX 29.28 > 25 confirms trending conditions favoring continuation"",
    ""Market structure is BEARISH with LL/HL sequence and negative structure_score (-3)"",
    ""Multi-timeframe agreement is CONFLICTED but 4h is BEARISH and 15m BULLISH is likely a pullback within larger downtrend"",
    ""Price is near micro resistance (61307) after a liquidity sweep high, suggesting potential rejection"",
    ""Funding rate positive (3.99e-06) favors shorts as longs pay"",
    ""Volume ratio above 1.0 (1.22) with negative delta (-5.54) supports bearish orderflow"",
    ""EMA200 is above price (-2.07%) acting as overhead resistance, EMA9/21 are below but not stacked bullishly""
  ],
  ""reasons_against_trade"": [
    ""Price is closer to micro support (0.43%) than micro resistance (0.35%), increasing bounce risk"",
    ""15m timeframe shows BULLISH trend, indicating short-term upward momentum"",
    ""Higher low detected suggests potential micro structure shift"",
    ""Reversal risk score is 45 (moderate), not negligible"",
    ""Entry near support zone historically reduces short expectancy without strong continuation""
  ],
  ""bull_score"": 3,
  ""bear_score"": 7
}
```",61080.49,61038.96,MAKER,TAKER,0.032738,11.51,249.727,1.36,1.36,0.0,0.0,-0.0,-0.0,6.8,318.5182,PROFIT_LOCK_LADDER,-5.535903,1.216368,5.4e-05,0.293023,False,True,"{'price': 61092.0, 'ret_1m': 1.6369023260382053e-05, 'ret_5m': 0.00014734050390452334, 'ema9': 60946.12162854379, 'ema21': 60780.8960809035, 'ema200': 62380.80949121262, 'dist_to_support': 0.03208276042689714, 'dist_to_resistance': 0.03601126170366006, 'volume': 0.01557954, 'volume_ratio': 1.216368367748031, 'delta': -5.535902612000003, 'velocity': 5.403983890148531e-05, 'imbalance': 0.2930227234665428, 'candle_range': 82.5, 'body_ratio': 0.7503395606513447, 'wick_ratio': 0.24966043934865537}",0.7,"{'early_fail_enabled': True, 'invert_signal': False, 'ai_enabled': True, 'edge_threshold': 3.0, 'edge_threshold_max': None, 'edge_range_preset': 'min_only', 'ai_threshold': 44.0, 'leverage': 100, 'pullback_threshold': 0.001}","{'ema9': 60946.12162854379, 'ema21': 60780.8960809035, 'ema200': 62380.80949121262, 'ema_spread': 0.002718, 'ema9_slope_pct': 0.1195, 'ema21_slope_pct': 0.1276, 'ema9_above_ema21': True, 'ema21_above_ema200': False}",WEAK_SETUP,0.7,0.7,False,True,INV_False_EF_True,SHORT,12,8,SCENARIO_C_EARLY_12_v2_frozen,40.0,10.0,-12.0,2.0,8.0,300,1,2,-32.0,False,False,True,False,480,3,5.0,False,5,0.75,"[[12, 8], [15, 10], [25, 18], [40, 28], [60, 45], [80, 60], [100, 75], [150, 120]]","{""trail_ladder"": [[12, 8], [15, 10], [25, 18], [40, 28], [60, 45], [80, 60], [100, 75], [150, 120]], ""ladder_first_trigger_pct"": 12, ""ladder_first_lock_pct"": 8, ""exit_profile_id"": ""SCENARIO_C_EARLY_12_v2_frozen"", ""peak_never_loser_min_peak"": 40.0, ""peak_never_loser_floor"": 10.0, ""thesis_fast_exit_unreal_pct"": -12.0, ""thesis_mfe_protect_pct"": 2.0, ""thesis_exit_if_above_unreal_pct"": 8.0, ""thesis_min_age_sec"": 300, ""thesis_score_flip_margin"": 1, ""thesis_early_decay_delta"": 2, ""early_fail_pct_threshold"": -32.0, ""type_a_first_candle_enabled"": false, ""type_a_early_fail_enabled"": false, ""scenario_c_exit_profile"": true, ""type_a_stall_enabled"": false, ""type_a_stall_min_age_sec"": 480, ""type_a_stall_min_candles"": 3, ""type_a_stall_max_mfe_pct"": 5.0, ""trend_weakening_enabled"": false, ""spread_penalty_threshold"": 5, ""spread_penalty_margin_mult"": 0.75}",2026-06-24T23:48:34.740195+00:00,2026-06-25 09:48:34 AEST,2026-06-25 09:48:34 AEST
2026-06-25T00:00:05.234697+00:00,c604c-beeb12f9a8d8,SHORT,61039.83,61236.81,8.027267,-32.27,20.0,4,-6.45,-6.45,0.0,0.0,-0.0,-0.0,EARLY_FAIL,100,1.08,62,44.0,True,SIM_LIMIT,AI_DIRECT_LIMIT,,,,,0,BEAR,SR,60-70,SPAWN,-3,-3,BEARISH_STRUCTURE,CONFLICTED,28.81,-2,3,7,0.0004,bitfinex,tBTCF0:USTF0,v10.7-fresh-scope-relay-audit-2026-06-25,BITFINEX_ZERO,v10.7-fresh-scope-relay-audit-2026-06-25,COMBO_604_SP4_CHASE_3PLUS,AI60-65 · Spread4 · Chase 3+,APPROVE,61007.0,0.037455,0.030734,FREE_RANGE,0.002683,1.0,54.4,8.027268,-32.270732,8.655004,185.654,185.654,185.654,0-5m,AI_DIRECT,AI_DIRECT_CHASE,4,,32.83,0.0,3.1409,3.1409,False,0.0,0.0,-0.000134,1.8e-05,0.01037,0.199876,-6.000114,0.0,0.303513,61007.0,60959.377303,60801.475776,62367.491433,0.002597,FREE_RANGE,SHORT_PREFERRED,0.037455,0.030734,BEAR,3.0,44.0,0.0,100,2.2,True,True,APPROVE,62,"```json
{
  ""direction"": ""SHORT"",
  ""confidence"": 62,
  ""long_score"": 30,
  ""short_score"": 72,
  ""preferred_direction"": ""SHORT"",
  ""entry_zone_low"": 61050,
  ""entry_zone_high"": 61200,
  ""limit_price"": 61125,
  ""expected_mfe"": 180,
  ""expected_mae"": 120,
  ""reversal_probability"": 63,
  ""exit_style"": ""AGGRESSIVE"",
  ""reasons_for_trade"": [
    ""BEAR regime with intact trend health (bear_score 7 vs bull_score 4)"",
    ""Market structure bearish (LL sequence, structure_score -3, BULL_TO_BEAR_SHIFT)"",
    ""ADX 28.81 > 25 indicating trending conditions favoring continuation"",
    ""EMA200 above price (-2.17%) acting as overhead resistance, no bullish stack"",
    ""Multi-timeframe conflicted but 4h BEARISH dominates, 15m BULLISH is short-term pullback"",
    ""Liquidity sweep high (61307) suggests potential rejection from micro resistance"",
    ""Funding positive (longs pay shorts) favoring short positioning"",
    ""Volume ratio low (0.20) suggests lack of buying conviction on this bounce"",
    ""Delta negative (-6.0) and imbalance (0.30) shows selling pressure still present""
  ],
  ""reasons_against_trade"": [
    ""Price near micro support (60832) with only 0.3% distance - bounce risk elevated"",
    ""Reversal risk score 63 indicates moderate probability of mean reversion"",
    ""Higher low detected (HL sequence) suggests some buying interest"",
    ""15m timeframe shows BULLISH trend conflicting with higher timeframe bearishness"",
    ""EMA9 and EMA21 above price (short-term bullish alignment)"",
    ""Compression regime may precede expansion in either direction""
  ],
  ""bull_score"": 3,
  ""bear_score"": 7
}
```

**Direction:** SHORT  
**Win probability:** 62  
**Long score:** 30  
**Short score:** 72  
**Bull score:** 3  
**Bear score:** 7  
**Decision:** APPROVE  
**Reason:** Bearish continuation favored by trend hierarchy - BEAR regime, bearish structure (LL sequence, structure_score -3), ADX > 25 trending, EMA200 overhead resistance, and positive funding. Short-term 15m bullish is a pullback within larger downtrend. Entry near micro resistance (61307) with limit above current price (61125) targets continuation toward support. Reversal risk (63) is noted but insufficient to override strong bearish alignment.",61039.83,61236.81,MAKER,TAKER,0.032783,32.83,185.654,-6.45,-6.45,0.0,0.0,-0.0,-0.0,-32.27,481.63612,EARLY_FAIL,-6.000114,0.199876,1.8e-05,0.303513,True,True,"{'price': 61007.0, 'ret_1m': 0.0, 'ret_5m': -0.0005405405405405405, 'ema9': 60959.37730283503, 'ema21': 60801.47577603344, 'ema200': 62367.49143258028, 'dist_to_support': 0.03073417804514236, 'dist_to_resistance': 0.03745471831101349, 'volume': 0.010369644, 'volume_ratio': 0.19987598894142117, 'delta': -6.000113657999982, 'velocity': 1.8030771524022856e-05, 'imbalance': 0.30351295688595636, 'candle_range': 54.4, 'body_ratio': 0.701297838699406, 'wick_ratio': 0.29870216130059407}",2.2,"{'early_fail_enabled': True, 'invert_signal': False, 'ai_enabled': True, 'edge_threshold': 3.0, 'edge_threshold_max': None, 'edge_range_preset': 'min_only', 'ai_threshold': 44.0, 'leverage': 100, 'pullback_threshold': 0.001}","{'ema9': 60959.37730283503, 'ema21': 60801.47577603344, 'ema200': 62367.49143258028, 'ema_spread': 0.002597, 'ema9_slope_pct': 0.1282, 'ema21_slope_pct': 0.1301, 'ema9_above_ema21': True, 'ema21_above_ema200': False}",WEAK_SETUP,2.2,2.2,False,True,INV_False_EF_True,SHORT,12,8,SCENARIO_C_EARLY_12_v2_frozen,40.0,10.0,-12.0,2.0,8.0,300,1,2,-32.0,False,False,True,False,480,3,5.0,False,5,0.75,"[[12, 8], [15, 10], [25, 18], [40, 28], [60, 45], [80, 60], [100, 75], [150, 120]]","{""trail_ladder"": [[12, 8], [15, 10], [25, 18], [40, 28], [60, 45], [80, 60], [100, 75], [150, 120]], ""ladder_first_trigger_pct"": 12, ""ladder_first_lock_pct"": 8, ""exit_profile_id"": ""SCENARIO_C_EARLY_12_v2_frozen"", ""peak_never_loser_min_peak"": 40.0, ""peak_never_loser_floor"": 10.0, ""thesis_fast_exit_unreal_pct"": -12.0, ""thesis_mfe_protect_pct"": 2.0, ""thesis_exit_if_above_unreal_pct"": 8.0, ""thesis_min_age_sec"": 300, ""thesis_score_flip_margin"": 1, ""thesis_early_decay_delta"": 2, ""early_fail_pct_threshold"": -32.0, ""type_a_first_candle_enabled"": false, ""type_a_early_fail_enabled"": false, ""scenario_c_exit_profile"": true, ""type_a_stall_enabled"": false, ""type_a_stall_min_age_sec"": 480, ""type_a_stall_min_candles"": 3, ""type_a_stall_max_mfe_pct"": 5.0, ""trend_weakening_enabled"": false, ""spread_penalty_threshold"": 5, ""spread_penalty_margin_mult"": 0.75}",2026-06-25T00:00:05.234697+00:00,2026-06-25 10:00:05 AEST,2026-06-25 10:00:05 AEST
2026-06-25T00:00:05.272064+00:00,cont-777603d0622e,SHORT,61034.88,61236.81,7.937597,-33.08,20.0,4,-6.62,-6.62,0.0,0.0,-0.0,-0.0,EARLY_FAIL,100,1.1,62,44.0,True,SIM_LIMIT,AI_DIRECT_LIMIT,,,,,0,BEAR,SR,60-70,SPAWN,-3,-3,BEARISH_STRUCTURE,CONFLICTED,28.81,-2,3,7,0.0004,bitfinex,tBTCF0:USTF0,v10.7-fresh-scope-relay-audit-2026-06-25,BITFINEX_ZERO,v10.7-fresh-scope-relay-audit-2026-06-25,CONTINUOUS,Continuous AI Research,APPROVE,61007.0,0.037285,0.030893,FREE_RANGE,0.002683,1.0,54.4,7.937598,-33.084361,7.844695,192.639,192.639,192.639,0-5m,AI_DIRECT,AI_DIRECT_CHASE,4,,27.88,0.0,3.1409,3.1409,False,0.0,0.0,-0.000132,1.8e-05,0.01037,0.199876,-6.000114,0.0,0.303513,61007.0,60959.377303,60801.475776,62367.491433,0.002597,FREE_RANGE,SHORT_PREFERRED,0.037285,0.030893,BEAR,3.0,44.0,0.0,100,2.2,True,True,APPROVE,62,"```json
{
  ""direction"": ""SHORT"",
  ""confidence"": 62,
  ""long_score"": 30,
  ""short_score"": 72,
  ""preferred_direction"": ""SHORT"",
  ""entry_zone_low"": 61050,
  ""entry_zone_high"": 61200,
  ""limit_price"": 61125,
  ""expected_mfe"": 180,
  ""expected_mae"": 120,
  ""reversal_probability"": 63,
  ""exit_style"": ""AGGRESSIVE"",
  ""reasons_for_trade"": [
    ""BEAR regime with intact trend health (bear_score 7 vs bull_score 4)"",
    ""Market structure bearish (LL sequence, structure_score -3, BULL_TO_BEAR_SHIFT)"",
    ""ADX 28.81 > 25 indicating trending conditions favoring continuation"",
    ""EMA200 above price (-2.17%) acting as overhead resistance, no bullish stack"",
    ""Multi-timeframe conflicted but 4h BEARISH dominates, 15m BULLISH is short-term pullback"",
    ""Liquidity sweep high (61307) suggests potential rejection from micro resistance"",
    ""Funding positive (longs pay shorts) favoring short positioning"",
    ""Volume ratio low (0.20) suggests lack of buying conviction on this bounce"",
    ""Delta negative (-6.0) and imbalance (0.30) shows selling pressure still present""
  ],
  ""reasons_against_trade"": [
    ""Price near micro support (60832) with only 0.3% distance - bounce risk elevated"",
    ""Reversal risk score 63 indicates moderate probability of mean reversion"",
    ""Higher low detected (HL sequence) suggests some buying interest"",
    ""15m timeframe shows BULLISH trend conflicting with higher timeframe bearishness"",
    ""EMA9 and EMA21 above price (short-term bullish alignment)"",
    ""Compression regime may precede expansion in either direction""
  ],
  ""bull_score"": 3,
  ""bear_score"": 7
}
```

**Direction:** SHORT  
**Win probability:** 62  
**Long score:** 30  
**Short score:** 72  
**Bull score:** 3  
**Bear score:** 7  
**Decision:** APPROVE  
**Reason:** Bearish continuation favored by trend hierarchy - BEAR regime, bearish structure (LL sequence, structure_score -3), ADX > 25 trending, EMA200 overhead resistance, and positive funding. Short-term 15m bullish is a pullback within larger downtrend. Entry near micro resistance (61307) with limit above current price (61125) targets continuation toward support. Reversal risk (63) is noted but insufficient to override strong bearish alignment.",61034.88,61236.81,MAKER,TAKER,0.032783,27.88,192.639,-6.62,-6.62,0.0,0.0,-0.0,-0.0,-33.08,476.255928,EARLY_FAIL,-6.000114,0.199876,1.8e-05,0.303513,True,True,"{'price': 61017.0, 'ret_1m': 0.0, 'ret_5m': -0.0005405405405405405, 'ema9': 60959.37730283503, 'ema21': 60801.47577603344, 'ema200': 62367.49143258028, 'dist_to_support': 0.030893029811364048, 'dist_to_resistance': 0.03728469115164626, 'volume': 0.010369644, 'volume_ratio': 0.19987598894142117, 'delta': -6.000113657999982, 'velocity': 1.8030771524022856e-05, 'imbalance': 0.30351295688595636, 'candle_range': 54.4, 'body_ratio': 0.701297838699406, 'wick_ratio': 0.29870216130059407}",2.2,"{'early_fail_enabled': True, 'invert_signal': False, 'ai_enabled': True, 'edge_threshold': 3.0, 'edge_threshold_max': None, 'edge_range_preset': 'min_only', 'ai_threshold': 44.0, 'leverage': 100, 'pullback_threshold': 0.001}","{'ema9': 60959.37730283503, 'ema21': 60801.47577603344, 'ema200': 62367.49143258028, 'ema_spread': 0.002597, 'ema9_slope_pct': 0.1282, 'ema21_slope_pct': 0.1301, 'ema9_above_ema21': True, 'ema21_above_ema200': False}",WEAK_SETUP,2.2,2.2,False,True,INV_False_EF_True,SHORT,12,8,SCENARIO_C_EARLY_12_v2_frozen,40.0,10.0,-12.0,2.0,8.0,300,1,2,-32.0,False,False,True,False,480,3,5.0,False,5,0.75,"[[12, 8], [15, 10], [25, 18], [40, 28], [60, 45], [80, 60], [100, 75], [150, 120]]","{""trail_ladder"": [[12, 8], [15, 10], [25, 18], [40, 28], [60, 45], [80, 60], [100, 75], [150, 120]], ""ladder_first_trigger_pct"": 12, ""ladder_first_lock_pct"": 8, ""exit_profile_id"": ""SCENARIO_C_EARLY_12_v2_frozen"", ""peak_never_loser_min_peak"": 40.0, ""peak_never_loser_floor"": 10.0, ""thesis_fast_exit_unreal_pct"": -12.0, ""thesis_mfe_protect_pct"": 2.0, ""thesis_exit_if_above_unreal_pct"": 8.0, ""thesis_min_age_sec"": 300, ""thesis_score_flip_margin"": 1, ""thesis_early_decay_delta"": 2, ""early_fail_pct_threshold"": -32.0, ""type_a_first_candle_enabled"": false, ""type_a_early_fail_enabled"": false, ""scenario_c_exit_profile"": true, ""type_a_stall_enabled"": false, ""type_a_stall_min_age_sec"": 480, ""type_a_stall_min_candles"": 3, ""type_a_stall_max_mfe_pct"": 5.0, ""trend_weakening_enabled"": false, ""spread_penalty_threshold"": 5, ""spread_penalty_margin_mult"": 0.75}",2026-06-25T00:00:05.272064+00:00,2026-06-25 10:00:05 AEST,2026-06-25 10:00:05 AEST
2026-06-25T00:10:25.186651+00:00,c604c-f384d18066b6,SHORT,61138.29,61100.26,4.278817,6.22,20.0,4,1.24,1.24,0.0,0.0,-0.0,-0.0,PROFIT_LOCK_LADDER,100,0.21,62,44.0,True,SIM_LIMIT,AI_DIRECT_LIMIT,,,,,0,BEAR,SR,60-70,SPAWN,-3,-3,BEARISH_STRUCTURE,CONFLICTED,28.94,-2,3,7,0.00099,bitfinex,tBTCF0:USTF0,v10.7-fresh-scope-relay-audit-2026-06-25,BITFINEX_ZERO,v10.7-fresh-scope-relay-audit-2026-06-25,COMBO_604_SP4_CHASE_3PLUS,AI60-65 · Spread4 · Chase 3+,APPROVE,61123.0,0.035486,0.032574,FREE_RANGE,0.002663,1.0,54.4,4.278818,-10.325771,12.641832,442.404,442.404,442.404,5-15m,AI_DIRECT,AI_DIRECT_CHASE,4,,15.29,0.0,0.2701,0.2701,False,0.0,0.0,-0.000142,-2.3e-05,0.007072,0.085471,-5.087893,0.0,0.219468,61123.0,60977.377303,60809.657594,62368.386955,0.002758,FREE_RANGE,SHORT_PREFERRED,0.035486,0.032574,BEAR,3.0,44.0,0.0,100,1.7,True,True,APPROVE,62,"```json
{
  ""direction"": ""SHORT"",
  ""confidence"": 62,
  ""long_score"": 25,
  ""short_score"": 72,
  ""preferred_direction"": ""SHORT"",
  ""entry_zone_low"": 61150,
  ""entry_zone_high"": 61300,
  ""limit_price"": 61225,
  ""expected_mfe"": 180,
  ""expected_mae"": 120,
  ""reversal_probability"": 43,
  ""exit_style"": ""AGGRESSIVE"",
  ""reasons_for_trade"": [
    ""BEAR regime with intact trend health (bear_score 7 vs bull_score 4)"",
    ""Market structure is BEARISH with active LL sequence and structure_score -3"",
    ""ADX 28.94 > 25 confirms trending conditions favoring continuation"",
    ""Price below EMA200 (-1.99%) and EMA stack not fully bearish but trending lower"",
    ""Liquidity sweep high (liquidity_sweep_high=true) suggests potential rejection from micro resistance 61307"",
    ""Funding positive (LONGS_PAY_SHORTS) adds slight bearish pressure"",
    ""Compression regime after trending move often precedes continuation"",
    ""Edge_score 1.7 below threshold 3.0 - not a high-confidence reversal setup""
  ],
  ""reasons_against_trade"": [
    ""Price near micro support (60832) - short entry near support increases bounce risk"",
    ""MTF conflicted (15m BULLISH, 1h RANGING, 4h BEARISH) reduces conviction"",
    ""Higher low detected (higher_low_detected=1) could indicate micro bottom forming"",
    ""Volume ratio very low (0.085) - lack of participation may lead to choppy move"",
    ""Reversal risk score 43 - moderate chance of mean reversion"",
    ""EMA9 and EMA21 still above price - short-term momentum not fully bearish""
  ],
  ""bull_score"": 3,
  ""bear_score"": 7
}
```

**Direction:** SHORT  
**Win probability:** 62%  
**Long score:** 25  
**Short score:** 72  
**Bull score:** 3/10  
**Bear score:** 7/10  
**Decision:** APPROVE  

**Reason:** The dominant trend hierarchy (BEAR regime, bearish structure, ADX > 25 trending) strongly favors continuation. The short case scores significantly higher (72 vs 25) with a gap > 5, meeting the approval threshold. While price is near micro support (60832), the bearish continuation signals outweigh the bounce risk. The liquidity sweep high and compression regime suggest a potential rejection from micro resistance (61307) before further downside. Entry is planned above current price (pullback to resistance zone) to align with short continuation logic. The reversal probability of 43% is noted but not confirmed by structure shift or momentum expansion in the opposite direction.",61138.29,61100.26,MAKER,TAKER,0.032721,15.29,442.404,1.24,1.24,0.0,0.0,-0.0,-0.0,6.22,256.729134,PROFIT_LOCK_LADDER,-5.087893,0.085471,-2.3e-05,0.219468,False,True,"{'price': 61123.0, 'ret_1m': -0.00011451942740286299, 'ret_5m': 0.00052385161902891, 'ema9': 60977.37730283503, 'ema21': 60809.657594215256, 'ema200': 62368.38695496834, 'dist_to_support': 0.03257366294193675, 'dist_to_resistance': 0.03548582366703205, 'volume': 0.007072162999999999, 'volume_ratio': 0.08547129667871706, 'delta': -5.0878933639999655, 'velocity': -2.2897409975563505e-05, 'imbalance': 0.2194678186870001, 'candle_range': 54.4, 'body_ratio': 0.701297838699406, 'wick_ratio': 0.29870216130059407}",1.7,"{'early_fail_enabled': True, 'invert_signal': False, 'ai_enabled': True, 'edge_threshold': 3.0, 'edge_threshold_max': None, 'edge_range_preset': 'min_only', 'ai_threshold': 44.0, 'leverage': 100, 'pullback_threshold': 0.001}","{'ema9': 60977.37730283503, 'ema21': 60809.657594215256, 'ema200': 62368.38695496834, 'ema_spread': 0.002758, 'ema9_slope_pct': 0.1578, 'ema21_slope_pct': 0.1436, 'ema9_above_ema21': True, 'ema21_above_ema200': False}",MOMENTUM_SHORT,1.7,1.7,False,True,INV_False_EF_True,SHORT,12,8,SCENARIO_C_EARLY_12_v2_frozen,40.0,10.0,-12.0,2.0,8.0,300,1,2,-32.0,False,False,True,False,480,3,5.0,False,5,0.75,"[[12, 8], [15, 10], [25, 18], [40, 28], [60, 45], [80, 60], [100, 75], [150, 120]]","{""trail_ladder"": [[12, 8], [15, 10], [25, 18], [40, 28], [60, 45], [80, 60], [100, 75], [150, 120]], ""ladder_first_trigger_pct"": 12, ""ladder_first_lock_pct"": 8, ""exit_profile_id"": ""SCENARIO_C_EARLY_12_v2_frozen"", ""peak_never_loser_min_peak"": 40.0, ""peak_never_loser_floor"": 10.0, ""thesis_fast_exit_unreal_pct"": -12.0, ""thesis_mfe_protect_pct"": 2.0, ""thesis_exit_if_above_unreal_pct"": 8.0, ""thesis_min_age_sec"": 300, ""thesis_score_flip_margin"": 1, ""thesis_early_decay_delta"": 2, ""early_fail_pct_threshold"": -32.0, ""type_a_first_candle_enabled"": false, ""type_a_early_fail_enabled"": false, ""scenario_c_exit_profile"": true, ""type_a_stall_enabled"": false, ""type_a_stall_min_age_sec"": 480, ""type_a_stall_min_candles"": 3, ""type_a_stall_max_mfe_pct"": 5.0, ""trend_weakening_enabled"": false, ""spread_penalty_threshold"": 5, ""spread_penalty_margin_mult"": 0.75}",2026-06-25T00:10:25.186651+00:00,2026-06-25 10:10:25 AEST,2026-06-25 10:10:25 AEST
2026-06-25T00:14:34.860763+00:00,c604c-c4581074fb63,SHORT,61189.12,61132.71,0.832826,9.22,20.0,4,1.84,1.84,0.0,0.0,-0.0,0.0,PROFIT_LOCK_LADDER,100,0.31,62,44.0,True,SIM_LIMIT,AI_DIRECT_LIMIT,,,,,0,BEAR,SR,60-70,SPAWN,-3,-3,BEARISH_STRUCTURE,CONFLICTED,28.82,-2,3,7,0.0014,bitfinex,tBTCF0:USTF0,v10.7-fresh-scope-relay-audit-2026-06-25,BITFINEX_ZERO,v10.7-fresh-scope-relay-audit-2026-06-25,COMBO_604_SP4_CHASE_3PLUS,AI60-65 · Spread4 · Chase 3+,APPROVE,61151.0,0.035012,0.033017,FREE_RANGE,0.002715,0.621606,42.0,0.832827,0.0,16.03553,107.293,107.293,107.293,0-5m,AI_DIRECT,AI_DIRECT_CHASE,2,,38.12,0.0,0.1541,0.1541,False,0.0,0.0,-4.9e-05,1.3e-05,0.005696,0.080265,-5.087856,0.0,0.205856,61151.0,61001.021842,60835.325086,62355.028536,0.002724,FREE_RANGE,SHORT_PREFERRED,0.035012,0.033017,BEAR,3.0,44.0,0.0,100,1.8,True,True,APPROVE,62,"```json
{
  ""direction"": ""SHORT"",
  ""confidence"": 62,
  ""long_score"": 30,
  ""short_score"": 72,
  ""preferred_direction"": ""SHORT"",
  ""entry_zone_low"": 61150,
  ""entry_zone_high"": 61300,
  ""limit_price"": 61225,
  ""expected_mfe"": 180,
  ""expected_mae"": 80,
  ""reversal_probability"": 43,
  ""exit_style"": ""AGGRESSIVE"",
  ""reasons_for_trade"": [
    ""BEAR regime with intact trend health (bear_score 7 vs bull_score 4)"",
    ""Market structure bearish (LL sequence, structure_score -3)"",
    ""ADX 28.82 > 25 confirms trending conditions favoring continuation"",
    ""Price below EMA200 (-1.98%) with bearish EMA stack (ema21 below ema200)"",
    ""Negative delta (-5.04) and negative velocity confirm selling pressure"",
    ""Micro resistance at 61307 provides near-term short entry zone"",
    ""Funding positive (longs pay shorts) favors short positioning"",
    ""Compression regime may resolve downward given bearish HTF context""
  ],
  ""reasons_against_trade"": [
    ""Price near micro support (0.47% above 60832) increases bounce risk"",
    ""Higher low detected suggests potential micro reversal setup"",
    ""Volume ratio very low (0.075) indicates lack of conviction"",
    ""MTF conflicted (15m bullish, 1h ranging, 4h bearish) reduces alignment"",
    ""Reversal risk score 43 suggests non-trivial bounce probability"",
    ""Edge score (1.8) below threshold (3.0) weakens signal quality""
  ],
  ""bull_score"": 3,
  ""bear_score"": 7
}
```",61189.12,61132.71,MAKER,TAKER,0.032706,38.12,107.293,1.84,1.84,0.0,0.0,-0.0,0.0,9.22,49.969633,PROFIT_LOCK_LADDER,-5.087856,0.080265,1.3e-05,0.205856,False,True,"{'price': 61151.0, 'ret_1m': 3.270699439075046e-05, 'ret_5m': 0.0003108028528430282, 'ema9': 61001.021842268034, 'ema21': 60835.325085656186, 'ema200': 62355.02853554961, 'dist_to_support': 0.03301663096269889, 'dist_to_resistance': 0.03501169236807248, 'volume': 0.0056957380000000005, 'volume_ratio': 0.08026539850333606, 'delta': -5.087855606999968, 'velocity': 1.3096256971437952e-05, 'imbalance': 0.20585554400217557, 'candle_range': 42.0, 'body_ratio': 0.7922752823084285, 'wick_ratio': 0.20772471769157147}",1.8,"{'early_fail_enabled': True, 'invert_signal': False, 'ai_enabled': True, 'edge_threshold': 3.0, 'edge_threshold_max': None, 'edge_range_preset': 'min_only', 'ai_threshold': 44.0, 'leverage': 100, 'pullback_threshold': 0.001}","{'ema9': 61001.021842268034, 'ema21': 60835.325085656186, 'ema200': 62355.02853554961, 'ema_spread': 0.002724, 'ema9_slope_pct': 0.15, 'ema21_slope_pct': 0.1408, 'ema9_above_ema21': True, 'ema21_above_ema200': False}",WEAK_SETUP,1.8,1.8,False,True,INV_False_EF_True,SHORT,12,8,SCENARIO_C_EARLY_12_v2_frozen,40.0,10.0,-12.0,2.0,8.0,300,1,2,-32.0,False,False,True,False,480,3,5.0,False,5,0.75,"[[12, 8], [15, 10], [25, 18], [40, 28], [60, 45], [80, 60], [100, 75], [150, 120]]","{""trail_ladder"": [[12, 8], [15, 10], [25, 18], [40, 28], [60, 45], [80, 60], [100, 75], [150, 120]], ""ladder_first_trigger_pct"": 12, ""ladder_first_lock_pct"": 8, ""exit_profile_id"": ""SCENARIO_C_EARLY_12_v2_frozen"", ""peak_never_loser_min_peak"": 40.0, ""peak_never_loser_floor"": 10.0, ""thesis_fast_exit_unreal_pct"": -12.0, ""thesis_mfe_protect_pct"": 2.0, ""thesis_exit_if_above_unreal_pct"": 8.0, ""thesis_min_age_sec"": 300, ""thesis_score_flip_margin"": 1, ""thesis_early_decay_delta"": 2, ""early_fail_pct_threshold"": -32.0, ""type_a_first_candle_enabled"": false, ""type_a_early_fail_enabled"": false, ""scenario_c_exit_profile"": true, ""type_a_stall_enabled"": false, ""type_a_stall_min_age_sec"": 480, ""type_a_stall_min_candles"": 3, ""type_a_stall_max_mfe_pct"": 5.0, ""trend_weakening_enabled"": false, ""spread_penalty_threshold"": 5, ""spread_penalty_margin_mult"": 0.75}",2026-06-25T00:14:34.860763+00:00,2026-06-25 10:14:34 AEST,2026-06-25 10:14:34 AEST
2026-06-25T00:23:03.765135+00:00,cont-e76aa11e9451,SHORT,61124.67,61071.0,19.299468,8.79,20.0,4,1.76,1.76,0.0,0.0,-0.0,-0.0,PROFIT_LOCK_LADDER,100,0.29,62,44.0,True,SIM_LIMIT,AI_DIRECT_LIMIT,,,,,0,BEAR,SR,60-70,SPAWN,-3,-3,BEARISH_STRUCTURE,CONFLICTED,28.69,-2,3,7,0.00225,bitfinex,tBTCF0:USTF0,v10.7-fresh-scope-relay-audit-2026-06-25,BITFINEX_ZERO,v10.7-fresh-scope-relay-audit-2026-06-25,CONTINUOUS,Continuous AI Research,APPROVE,61079.0,0.036368,0.03175,FREE_RANGE,0.002465,0.850994,54.4,19.299469,-13.079825,22.522821,498.031,498.031,498.031,5-15m,AI_DIRECT,AI_DIRECT_CHASE,3,,45.67,0.0,0.0,0.0,False,0.0,0.0,-0.001045,-5.2e-05,0.000715,0.006004,-5.312739,0.0,0.233082,61079.0,60971.577303,60807.021231,62368.098398,0.002706,FREE_RANGE,SHORT_PREFERRED,0.036368,0.03175,BEAR,3.0,44.0,0.0,100,2.1,True,True,APPROVE,62,"```json
{
  ""direction"": ""SHORT"",
  ""confidence"": 62,
  ""long_score"": 28,
  ""short_score"": 72,
  ""preferred_direction"": ""SHORT"",
  ""entry_zone_low"": 61071.0,
  ""entry_zone_high"": 61307.0,
  ""limit_price"": 61189.0,
  ""expected_mfe"": 0.0085,
  ""expected_mae"": 0.0045,
  ""reversal_probability"": 43,
  ""exit_style"": ""AGGRESSIVE"",
  ""reasons_for_trade"": [
    ""BEAR regime with intact trend health (bear_score 7 vs bull_score 4)"",
    ""ADX 28.69 > 25 confirms trending conditions favoring continuation"",
    ""Market structure bias BEARISH_STRUCTURE with LL/HL sequence and structure_score -3"",
    ""Multi-timeframe conflicted but 4h BEARISH dominates, 15m BULLISH is minor counter-trend"",
    ""EMA stack not fully bearish (ema9 above ema21) but price below ema200 and ema21 below ema200"",
    ""Liquidity sweep high detected suggests potential rejection from micro resistance 61307"",
    ""Funding positive (longs pay shorts) favors short positioning"",
    ""Velocity negative and delta negative (-5.31) support bearish orderflow"",
    ""Compression regime may resolve downward given bearish HTF context""
  ],
  ""reasons_against_trade"": [
    ""Price near micro support (60832) with only 0.39% distance - bounce risk elevated"",
    ""Higher low detected (HL) could indicate micro reversal forming"",
    ""15m timeframe shows BULLISH trend conflicting with 4h bearish"",
    ""Reversal risk score 43 suggests moderate reversal probability"",
    ""Volume ratio very low (0.11) - lack of conviction in current move"",
    ""Edge score 2.1 below threshold 3.0 - pattern quality suboptimal""
  ],
  ""bull_score"": 3,
  ""bear_score"": 7
}
```

**Direction: SHORT**  
**Win probability: 62%**  
**Long score: 28**  
**Short score: 72**  
**Bull score: 3/10**  
**Bear score: 7/10**  
**Decision: APPROVE**  
**Reason:** Bearish HTF structure (4h BEARISH, ADX > 25, bearish trend health) dominates over minor 15m bullish pullback. Price is near micro resistance (61307) after a liquidity sweep high, suggesting rejection zone. Negative delta and velocity confirm bearish orderflow. Short entry near resistance with continuation bias is preferred; bounce risk from nearby support (60832) is managed via aggressive exit style and tight MAE expectation. The low volume ratio and moderate reversal risk prevent a STRONG_APPROVE, but the trend hierarchy clearly favors shorts.",61124.67,61071.0,MAKER,TAKER,0.032744,45.67,498.031,1.76,1.76,0.0,0.0,-0.0,-0.0,8.79,1157.968205,PROFIT_LOCK_LADDER,-5.312739,0.006004,-5.2e-05,0.233082,False,True,"{'price': 61079.0, 'ret_1m': 0.0, 'ret_5m': -0.00042549709516406185, 'ema9': 60971.57730283504, 'ema21': 60807.021230578895, 'ema200': 62368.09839775441, 'dist_to_support': 0.031749930408868365, 'dist_to_resistance': 0.036367506672561445, 'volume': 0.0007149999999999999, 'volume_ratio': 0.006003536226922526, 'delta': -5.312738929999968, 'velocity': -5.235620165038909e-05, 'imbalance': 0.2330818776651847, 'candle_range': 54.4, 'body_ratio': 0.701297838699406, 'wick_ratio': 0.29870216130059407}",2.1,"{'early_fail_enabled': True, 'invert_signal': False, 'ai_enabled': True, 'edge_threshold': 3.0, 'edge_threshold_max': None, 'edge_range_preset': 'min_only', 'ai_threshold': 44.0, 'leverage': 100, 'pullback_threshold': 0.001}","{'ema9': 60971.57730283504, 'ema21': 60807.021230578895, 'ema200': 62368.09839775441, 'ema_spread': 0.002706, 'ema9_slope_pct': 0.1483, 'ema21_slope_pct': 0.1393, 'ema9_above_ema21': True, 'ema21_above_ema200': False}",MOMENTUM_SHORT,2.1,2.1,False,True,INV_False_EF_True,SHORT,12,8,SCENARIO_C_EARLY_12_v2_frozen,40.0,10.0,-12.0,2.0,8.0,300,1,2,-32.0,False,False,True,False,480,3,5.0,False,5,0.75,"[[12, 8], [15, 10], [25, 18], [40, 28], [60, 45], [80, 60], [100, 75], [150, 120]]","{""trail_ladder"": [[12, 8], [15, 10], [25, 18], [40, 28], [60, 45], [80, 60], [100, 75], [150, 120]], ""ladder_first_trigger_pct"": 12, ""ladder_first_lock_pct"": 8, ""exit_profile_id"": ""SCENARIO_C_EARLY_12_v2_frozen"", ""peak_never_loser_min_peak"": 40.0, ""peak_never_loser_floor"": 10.0, ""thesis_fast_exit_unreal_pct"": -12.0, ""thesis_mfe_protect_pct"": 2.0, ""thesis_exit_if_above_unreal_pct"": 8.0, ""thesis_min_age_sec"": 300, ""thesis_score_flip_margin"": 1, ""thesis_early_decay_delta"": 2, ""early_fail_pct_threshold"": -32.0, ""type_a_first_candle_enabled"": false, ""type_a_early_fail_enabled"": false, ""scenario_c_exit_profile"": true, ""type_a_stall_enabled"": false, ""type_a_stall_min_age_sec"": 480, ""type_a_stall_min_candles"": 3, ""type_a_stall_max_mfe_pct"": 5.0, ""trend_weakening_enabled"": false, ""spread_penalty_threshold"": 5, ""spread_penalty_margin_mult"": 0.75}",2026-06-25T00:23:03.765135+00:00,2026-06-25 10:23:03 AEST,2026-06-25 10:23:03 AEST
2026-06-25T00:23:03.806591+00:00,c604c-2a1fdbdacecc,SHORT,61125.79,61071.0,4.080659,8.96,20.0,4,1.79,1.79,0.0,0.0,-0.0,-0.0,PROFIT_LOCK_LADDER,100,0.3,62,44.0,True,SIM_LIMIT,AI_DIRECT_LIMIT,,,,,0,BEAR,SR,60-70,SPAWN,-3,-3,BEARISH_STRUCTURE,CONFLICTED,28.82,-2,3,7,0.00225,bitfinex,tBTCF0:USTF0,v10.7-fresh-scope-relay-audit-2026-06-25,BITFINEX_ZERO,v10.7-fresh-scope-relay-audit-2026-06-25,COMBO_604_SP4_CHASE_3PLUS,AI60-65 · Spread4 · Chase 3+,APPROVE,61121.0,0.03552,0.032542,FREE_RANGE,0.002465,1.0,42.0,4.08066,0.0,22.705637,227.157,227.157,227.157,0-5m,AI_DIRECT,AI_DIRECT_CHASE,4,,4.79,0.0,0.0,0.0,False,0.0,0.0,-0.000346,2e-06,0.000551,0.366106,-5.039971,0.0,0.203231,61121.0,61000.821842,60835.234177,62355.018585,0.002722,FREE_RANGE,SHORT_PREFERRED,0.03552,0.032542,BEAR,3.0,44.0,0.0,100,2.2,True,True,APPROVE,62,"```json
{
  ""direction"": ""SHORT"",
  ""confidence"": 62,
  ""long_score"": 28,
  ""short_score"": 72,
  ""preferred_direction"": ""SHORT"",
  ""entry_zone_low"": 61150,
  ""entry_zone_high"": 61300,
  ""limit_price"": 61225,
  ""expected_mfe"": 180,
  ""expected_mae"": 80,
  ""reversal_probability"": 63,
  ""exit_style"": ""AGGRESSIVE"",
  ""reasons_for_trade"": [
    ""BEAR regime with intact bearish structure (structure_score -3, last 3 swings LL/HL bearish)"",
    ""ADX 28.82 > 25 indicating trending conditions favoring continuation"",
    ""EMA stack bearish (price below EMA200, EMA21 below EMA200, no bull stack)"",
    ""Multi-timeframe conflicted but 4h BEARISH dominates, 15m BULLISH is minor counter-trend"",
    ""Orderflow delta negative (-5.04) and volume ratio low (0.37) suggesting weak buying pressure"",
    ""Market structure shift BULL_TO_BEAR_SHIFT confirms recent bearish momentum"",
    ""Price near micro resistance (61307) within compression regime - short from resistance zone""
  ],
  ""reasons_against_trade"": [
    ""Reversal risk score elevated (63) indicating potential bounce from micro support zone"",
    ""Higher low detected (HL in swing labels) suggests some buying interest"",
    ""15m timeframe shows BULLISH trend - short-term counter-trend risk"",
    ""Price near micro support (60832) - short entry near support reduces expectancy without strong continuation"",
    ""Compression regime may lead to breakout in either direction""
  ],
  ""bull_score"": 3,
  ""bear_score"": 7
}
```",61125.79,61071.0,MAKER,TAKER,0.032722,4.79,227.157,1.79,1.79,0.0,0.0,-0.0,-0.0,8.96,244.839642,PROFIT_LOCK_LADDER,-5.039971,0.366106,2e-06,0.203231,False,True,"{'price': 61121.0, 'ret_1m': 0.00044194192555733786, 'ret_5m': -0.0005396212839716126, 'ema9': 61000.82184226804, 'ema21': 60835.234176565275, 'ema200': 62355.01858530085, 'dist_to_support': 0.03254200683889334, 'dist_to_resistance': 0.03551970681107966, 'volume': 0.000550844, 'volume_ratio': 0.36610594124775786, 'delta': -5.039971217999964, 'velocity': 1.6527837251885944e-06, 'imbalance': 0.20323051238278772, 'candle_range': 42.0, 'body_ratio': 0.7922752823084285, 'wick_ratio': 0.20772471769157147}",2.2,"{'early_fail_enabled': True, 'invert_signal': False, 'ai_enabled': True, 'edge_threshold': 3.0, 'edge_threshold_max': None, 'edge_range_preset': 'min_only', 'ai_threshold': 44.0, 'leverage': 100, 'pullback_threshold': 0.001}","{'ema9': 61000.82184226804, 'ema21': 60835.234176565275, 'ema200': 62355.01858530085, 'ema_spread': 0.002722, 'ema9_slope_pct': 0.1497, 'ema21_slope_pct': 0.1407, 'ema9_above_ema21': True, 'ema21_above_ema200': False}",WEAK_SETUP,2.2,2.2,False,True,INV_False_EF_True,SHORT,12,8,SCENARIO_C_EARLY_12_v2_frozen,40.0,10.0,-12.0,2.0,8.0,300,1,2,-32.0,False,False,True,False,480,3,5.0,False,5,0.75,"[[12, 8], [15, 10], [25, 18], [40, 28], [60, 45], [80, 60], [100, 75], [150, 120]]","{""trail_ladder"": [[12, 8], [15, 10], [25, 18], [40, 28], [60, 45], [80, 60], [100, 75], [150, 120]], ""ladder_first_trigger_pct"": 12, ""ladder_first_lock_pct"": 8, ""exit_profile_id"": ""SCENARIO_C_EARLY_12_v2_frozen"", ""peak_never_loser_min_peak"": 40.0, ""peak_never_loser_floor"": 10.0, ""thesis_fast_exit_unreal_pct"": -12.0, ""thesis_mfe_protect_pct"": 2.0, ""thesis_exit_if_above_unreal_pct"": 8.0, ""thesis_min_age_sec"": 300, ""thesis_score_flip_margin"": 1, ""thesis_early_decay_delta"": 2, ""early_fail_pct_threshold"": -32.0, ""type_a_first_candle_enabled"": false, ""type_a_early_fail_enabled"": false, ""scenario_c_exit_profile"": true, ""type_a_stall_enabled"": false, ""type_a_stall_min_age_sec"": 480, ""type_a_stall_min_candles"": 3, ""type_a_stall_max_mfe_pct"": 5.0, ""trend_weakening_enabled"": false, ""spread_penalty_threshold"": 5, ""spread_penalty_margin_mult"": 0.75}",2026-06-25T00:23:03.806591+00:00,2026-06-25 10:23:03 AEST,2026-06-25 10:23:03 AEST
2026-06-25T00:30:31.721331+00:00,c604c-ca958fb5f91f,SHORT,61019.66,60980.91,0.346391,6.35,20.0,4,1.27,1.27,0.0,0.0,-0.0,0.0,PROFIT_LOCK_LADDER,100,0.21,62,44.0,True,SIM_LIMIT,AI_DIRECT_LIMIT,,,,,0,BEAR,SR,60-70,SPAWN,-3,-3,BEARISH_STRUCTURE,CONFLICTED,28.3,-2,3,7,0.00295,bitfinex,tBTCF0:USTF0,v10.7-fresh-scope-relay-audit-2026-06-25,BITFINEX_ZERO,v10.7-fresh-scope-relay-audit-2026-06-25,COMBO_604_SP4_CHASE_3PLUS,AI60-65 · Spread4 · Chase 3+,APPROVE,61027.0,0.037115,0.031052,FREE_RANGE,0.002077,0.949948,31.4,0.346392,0.0,12.563164,308.477,308.477,308.477,5-15m,AI_DIRECT,AI_DIRECT_CHASE,6,,7.34,0.0,0.1938,0.1938,False,0.0,0.0,-4.3e-05,-4.6e-05,0.000741,0.12914,-5.181709,0.0,0.204585,61027.0,61013.657474,60856.121979,62340.896031,0.002589,FREE_RANGE,SHORT_PREFERRED,0.037115,0.031052,BEAR,3.0,44.0,0.0,100,1.5,True,True,APPROVE,62,"```json
{
  ""direction"": ""SHORT"",
  ""confidence"": 62,
  ""long_score"": 30,
  ""short_score"": 72,
  ""preferred_direction"": ""SHORT"",
  ""entry_zone_low"": 61150,
  ""entry_zone_high"": 61300,
  ""limit_price"": 61225,
  ""expected_mfe"": 180,
  ""expected_mae"": 80,
  ""reversal_probability"": 43,
  ""exit_style"": ""AGGRESSIVE"",
  ""reasons_for_trade"": [
    ""BEAR regime with intact trend health (bear_score 7 vs bull_score 4)"",
    ""Market structure bearish (LL sequence, structure_score -3, BULL_TO_BEAR_SHIFT)"",
    ""ADX 28.3 > 25 indicating trending conditions favoring continuation"",
    ""EMA stack not fully bearish but price below EMA200 (-2.09%) and EMA9/21 slope positive but flattening"",
    ""Multi-timeframe conflicted but 4h BEARISH dominates, 15m BULLISH is minor"",
    ""Funding positive (2.47e-05) favoring shorts, longs pay"",
    ""Price near micro resistance (61307) with rejections noted, providing short entry location"",
    ""Velocity negative and delta negative (-5.18) supporting bearish orderflow"",
    ""Edge score 1.5 below threshold 3.0, indicating no strong edge for longs""
  ],
  ""reasons_against_trade"": [
    ""Price near micro support (60832) with higher low detected, bounce risk"",
    ""15m timeframe BULLISH creates short-term conflict"",
    ""EMA9 above EMA21 (short-term bullish cross) could slow downside"",
    ""Volume ratio very low (0.01) suggesting lack of conviction in current move"",
    ""Reversal risk score 43 indicates moderate reversal probability"",
    ""Compression regime may precede expansion in either direction""
  ],
  ""bull_score"": 3,
  ""bear_score"": 7
}
```",61019.66,60980.91,MAKER,TAKER,0.032772,7.34,308.477,1.27,1.27,0.0,0.0,-0.0,0.0,6.35,20.783559,PROFIT_LOCK_LADDER,-5.181709,0.12914,-4.6e-05,0.204585,False,True,"{'price': 61027.0, 'ret_1m': 0.0, 'ret_5m': -0.00047497379454926623, 'ema9': 61013.65747381443, 'ema21': 60856.121978700496, 'ema200': 62340.8960307112, 'dist_to_support': 0.03105182951808216, 'dist_to_resistance': 0.03711471971422485, 'volume': 0.0007406120000000001, 'volume_ratio': 0.12914005585152447, 'delta': -5.181708749999968, 'velocity': -4.586420764176309e-05, 'imbalance': 0.20458508912301596, 'candle_range': 31.4, 'body_ratio': 0.8721416148063399, 'wick_ratio': 0.12785838519366005}",1.5,"{'early_fail_enabled': True, 'invert_signal': False, 'ai_enabled': True, 'edge_threshold': 3.0, 'edge_threshold_max': None, 'edge_range_preset': 'min_only', 'ai_threshold': 44.0, 'leverage': 100, 'pullback_threshold': 0.001}","{'ema9': 61013.65747381443, 'ema21': 60856.121978700496, 'ema200': 62340.8960307112, 'ema_spread': 0.002589, 'ema9_slope_pct': 0.1263, 'ema21_slope_pct': 0.1308, 'ema9_above_ema21': True, 'ema21_above_ema200': False}",MOMENTUM_SHORT,1.5,1.5,False,True,INV_False_EF_True,SHORT,12,8,SCENARIO_C_EARLY_12_v2_frozen,40.0,10.0,-12.0,2.0,8.0,300,1,2,-32.0,False,False,True,False,480,3,5.0,False,5,0.75,"[[12, 8], [15, 10], [25, 18], [40, 28], [60, 45], [80, 60], [100, 75], [150, 120]]","{""trail_ladder"": [[12, 8], [15, 10], [25, 18], [40, 28], [60, 45], [80, 60], [100, 75], [150, 120]], ""ladder_first_trigger_pct"": 12, ""ladder_first_lock_pct"": 8, ""exit_profile_id"": ""SCENARIO_C_EARLY_12_v2_frozen"", ""peak_never_loser_min_peak"": 40.0, ""peak_never_loser_floor"": 10.0, ""thesis_fast_exit_unreal_pct"": -12.0, ""thesis_mfe_protect_pct"": 2.0, ""thesis_exit_if_above_unreal_pct"": 8.0, ""thesis_min_age_sec"": 300, ""thesis_score_flip_margin"": 1, ""thesis_early_decay_delta"": 2, ""early_fail_pct_threshold"": -32.0, ""type_a_first_candle_enabled"": false, ""type_a_early_fail_enabled"": false, ""scenario_c_exit_profile"": true, ""type_a_stall_enabled"": false, ""type_a_stall_min_age_sec"": 480, ""type_a_stall_min_candles"": 3, ""type_a_stall_max_mfe_pct"": 5.0, ""trend_weakening_enabled"": false, ""spread_penalty_threshold"": 5, ""spread_penalty_margin_mult"": 0.75}",2026-06-25T00:30:31.721331+00:00,2026-06-25 10:30:31 AEST,2026-06-25 10:30:31 AEST
2026-06-25T00:36:09.431234+00:00,c604c-72a38456ac6f,SHORT,61032.67,60989.07,2.546021,7.15,20.0,4,1.43,1.43,0.0,0.0,-0.0,-0.0,PROFIT_LOCK_LADDER,100,0.24,62,44.0,True,SIM_LIMIT,AI_DIRECT_LIMIT,,,,,0,BEAR,SR,60-70,SPAWN,-3,-3,BEARISH_STRUCTURE,MIXED,27.33,-2,3,7,0.00353,bitfinex,tBTCF0:USTF0,v10.7-fresh-scope-relay-audit-2026-06-25,BITFINEX_ZERO,v10.7-fresh-scope-relay-audit-2026-06-25,COMBO_604_SP4_CHASE_3PLUS,AI60-65 · Spread4 · Chase 3+,APPROVE,60952.0,0.038391,0.02986,FREE_RANGE,0.002093,0.82017,19.9,2.546022,-1.364843,13.381358,131.033,131.033,131.033,0-5m,AI_DIRECT,AI_DIRECT_CHASE,3,,80.67,0.0,0.0351,0.0351,False,0.0,0.0,-0.00036,1.8e-05,0.017924,0.122494,-5.520224,0.0,0.214708,60952.0,60980.645979,60854.267915,62324.492178,0.002077,FREE_RANGE,SHORT_PREFERRED,0.038391,0.02986,BEAR,3.0,44.0,0.0,100,2.1,True,True,APPROVE,62,"```json
{
  ""direction"": ""SHORT"",
  ""confidence"": 62,
  ""long_score"": 28,
  ""short_score"": 72,
  ""preferred_direction"": ""SHORT"",
  ""entry_zone_low"": 61050,
  ""entry_zone_high"": 61200,
  ""limit_price"": 61125,
  ""expected_mfe"": 180,
  ""expected_mae"": 85,
  ""reversal_probability"": 38,
  ""exit_style"": ""AGGRESSIVE"",
  ""reasons_for_trade"": [
    ""BEAR regime with intact trend health (bear_score 7 vs bull_score 4)"",
    ""Market structure bearish (LL sequence, structure_score -3, BEAR_CONTINUATION)"",
    ""ADX 27.33 (>25) confirms trending conditions favoring continuation"",
    ""Price below EMA200 (bearish macro context) and EMA9 slope negative"",
    ""Multi-timeframe alignment: 4h BEARISH, 15m/1h RANGING - no bullish agreement"",
    ""Funding positive (3.05e-5) favors shorts (longs pay)"",
    ""Edge score 2.1 below threshold 3.0 - no strong reversal edge"",
    ""Micro resistance at 61198 provides nearby short entry zone"",
    ""Volume ratio low (0.12) suggests lack of buying conviction on bounces""
  ],
  ""reasons_against_trade"": [
    ""Price near micro support (60832) - short entry near support carries bounce risk"",
    ""Higher low detected (HL) could indicate micro base forming"",
    ""Reversal risk score 63 - moderate reversal probability"",
    ""EMA9 above EMA21 (short-term bullish cross) - potential for mean reversion"",
    ""Compression regime may precede expansion in either direction"",
    ""Distance to support (3.0%) is slightly closer than resistance (3.8%)""
  ],
  ""bull_score"": 3,
  ""bear_score"": 7
}
```",61032.67,60989.07,MAKER,TAKER,0.032813,80.67,131.033,1.43,1.43,0.0,0.0,-0.0,-0.0,7.15,152.761368,PROFIT_LOCK_LADDER,-5.520224,0.122494,1.8e-05,0.214708,False,True,"{'price': 60952.0, 'ret_1m': 0.0001640339222151141, 'ret_5m': -9.839452926417291e-05, 'ema9': 60980.64597905155, 'ema21': 60854.26791452727, 'ema200': 62324.492177883796, 'dist_to_support': 0.02985956162226014, 'dist_to_resistance': 0.038390864942905896, 'volume': 0.017924, 'volume_ratio': 0.12249368128594453, 'delta': -5.520224213999977, 'velocity': 1.805129528663916e-05, 'imbalance': 0.21470750148737844, 'candle_range': 19.9, 'body_ratio': 0.9102013162988772, 'wick_ratio': 0.08979868370112273}",2.1,"{'early_fail_enabled': True, 'invert_signal': False, 'ai_enabled': True, 'edge_threshold': 3.0, 'edge_threshold_max': None, 'edge_range_preset': 'min_only', 'ai_threshold': 44.0, 'leverage': 100, 'pullback_threshold': 0.001}","{'ema9': 60980.64597905155, 'ema21': 60854.26791452727, 'ema200': 62324.492177883796, 'ema_spread': 0.002077, 'ema9_slope_pct': 0.0162, 'ema21_slope_pct': 0.0783, 'ema9_above_ema21': True, 'ema21_above_ema200': False}",WEAK_SETUP,2.1,2.1,False,True,INV_False_EF_True,SHORT,12,8,SCENARIO_C_EARLY_12_v2_frozen,40.0,10.0,-12.0,2.0,8.0,300,1,2,-32.0,False,False,True,False,480,3,5.0,False,5,0.75,"[[12, 8], [15, 10], [25, 18], [40, 28], [60, 45], [80, 60], [100, 75], [150, 120]]","{""trail_ladder"": [[12, 8], [15, 10], [25, 18], [40, 28], [60, 45], [80, 60], [100, 75], [150, 120]], ""ladder_first_trigger_pct"": 12, ""ladder_first_lock_pct"": 8, ""exit_profile_id"": ""SCENARIO_C_EARLY_12_v2_frozen"", ""peak_never_loser_min_peak"": 40.0, ""peak_never_loser_floor"": 10.0, ""thesis_fast_exit_unreal_pct"": -12.0, ""thesis_mfe_protect_pct"": 2.0, ""thesis_exit_if_above_unreal_pct"": 8.0, ""thesis_min_age_sec"": 300, ""thesis_score_flip_margin"": 1, ""thesis_early_decay_delta"": 2, ""early_fail_pct_threshold"": -32.0, ""type_a_first_candle_enabled"": false, ""type_a_early_fail_enabled"": false, ""scenario_c_exit_profile"": true, ""type_a_stall_enabled"": false, ""type_a_stall_min_age_sec"": 480, ""type_a_stall_min_candles"": 3, ""type_a_stall_max_mfe_pct"": 5.0, ""trend_weakening_enabled"": false, ""spread_penalty_threshold"": 5, ""spread_penalty_margin_mult"": 0.75}",2026-06-25T00:36:09.431234+00:00,2026-06-25 10:36:09 AEST,2026-06-25 10:36:09 AEST
2026-06-25T00:37:16.568501+00:00,cont-b81e60ef8f24,SHORT,61015.96,60975.0,7.110744,6.72,20.0,4,1.34,1.34,0.0,0.0,-0.0,-0.0,PROFIT_LOCK_LADDER,100,0.22,62,44.0,True,SIM_LIMIT,AI_DIRECT_LIMIT,,,,,0,BEAR,SR,60-70,SPAWN,-3,-3,BEARISH_STRUCTURE,CONFLICTED,28.3,-2,3,7,0.00363,bitfinex,tBTCF0:USTF0,v10.7-fresh-scope-relay-audit-2026-06-25,BITFINEX_ZERO,v10.7-fresh-scope-relay-audit-2026-06-25,CONTINUOUS,Continuous AI Research,APPROVE,61027.0,0.037115,0.031052,FREE_RANGE,0.002148,0.949948,31.4,7.110745,-4.103844,16.382599,308.557,308.557,308.557,5-15m,AI_DIRECT,AI_DIRECT_CHASE,6,,11.04,0.0,0.0,0.0,False,0.0,0.0,-0.00097,-4.6e-05,0.000741,0.12914,-5.181709,0.0,0.204585,61027.0,61013.657474,60856.121979,62340.896031,0.002589,FREE_RANGE,SHORT_PREFERRED,0.037115,0.031052,BEAR,3.0,44.0,0.0,100,1.5,True,True,APPROVE,62,"```json
{
  ""direction"": ""SHORT"",
  ""confidence"": 62,
  ""long_score"": 30,
  ""short_score"": 72,
  ""preferred_direction"": ""SHORT"",
  ""entry_zone_low"": 61150,
  ""entry_zone_high"": 61300,
  ""limit_price"": 61225,
  ""expected_mfe"": 180,
  ""expected_mae"": 80,
  ""reversal_probability"": 43,
  ""exit_style"": ""AGGRESSIVE"",
  ""reasons_for_trade"": [
    ""BEAR regime with intact trend health (bear_score 7 vs bull_score 4)"",
    ""Market structure bearish (LL sequence, structure_score -3, BULL_TO_BEAR_SHIFT)"",
    ""ADX 28.3 > 25 indicating trending conditions favoring continuation"",
    ""EMA stack not fully bearish but price below EMA200 (-2.09%) and EMA9/21 slope positive but flattening"",
    ""Multi-timeframe conflicted but 4h BEARISH dominates, 15m BULLISH is minor"",
    ""Funding positive (2.47e-05) favoring shorts, longs pay"",
    ""Price near micro resistance (61307) with rejections noted, providing short entry location"",
    ""Velocity negative and delta negative (-5.18) supporting bearish orderflow"",
    ""Edge score 1.5 below threshold 3.0, indicating no strong edge for longs""
  ],
  ""reasons_against_trade"": [
    ""Price near micro support (60832) with higher low detected, bounce risk"",
    ""15m timeframe BULLISH creates short-term conflict"",
    ""EMA9 above EMA21 (short-term bullish cross) could slow downside"",
    ""Volume ratio very low (0.01) suggesting lack of conviction in current move"",
    ""Reversal risk score 43 indicates moderate reversal probability"",
    ""Compression regime may precede expansion in either direction""
  ],
  ""bull_score"": 3,
  ""bear_score"": 7
}
```",61015.96,60975.0,MAKER,TAKER,0.032772,11.04,308.557,1.34,1.34,0.0,0.0,-0.0,-0.0,6.72,426.644747,PROFIT_LOCK_LADDER,-5.181709,0.12914,-4.6e-05,0.204585,False,True,"{'price': 61027.0, 'ret_1m': 0.0, 'ret_5m': -0.00047497379454926623, 'ema9': 61013.65747381443, 'ema21': 60856.121978700496, 'ema200': 62340.8960307112, 'dist_to_support': 0.03105182951808216, 'dist_to_resistance': 0.03711471971422485, 'volume': 0.0007406120000000001, 'volume_ratio': 0.12914005585152447, 'delta': -5.181708749999968, 'velocity': -4.586420764176309e-05, 'imbalance': 0.20458508912301596, 'candle_range': 31.4, 'body_ratio': 0.8721416148063399, 'wick_ratio': 0.12785838519366005}",1.5,"{'early_fail_enabled': True, 'invert_signal': False, 'ai_enabled': True, 'edge_threshold': 3.0, 'edge_threshold_max': None, 'edge_range_preset': 'min_only', 'ai_threshold': 44.0, 'leverage': 100, 'pullback_threshold': 0.001}","{'ema9': 61013.65747381443, 'ema21': 60856.121978700496, 'ema200': 62340.8960307112, 'ema_spread': 0.002589, 'ema9_slope_pct': 0.1263, 'ema21_slope_pct': 0.1308, 'ema9_above_ema21': True, 'ema21_above_ema200': False}",MOMENTUM_SHORT,1.5,1.5,False,True,INV_False_EF_True,SHORT,12,8,SCENARIO_C_EARLY_12_v2_frozen,40.0,10.0,-12.0,2.0,8.0,300,1,2,-32.0,False,False,True,False,480,3,5.0,False,5,0.75,"[[12, 8], [15, 10], [25, 18], [40, 28], [60, 45], [80, 60], [100, 75], [150, 120]]","{""trail_ladder"": [[12, 8], [15, 10], [25, 18], [40, 28], [60, 45], [80, 60], [100, 75], [150, 120]], ""ladder_first_trigger_pct"": 12, ""ladder_first_lock_pct"": 8, ""exit_profile_id"": ""SCENARIO_C_EARLY_12_v2_frozen"", ""peak_never_loser_min_peak"": 40.0, ""peak_never_loser_floor"": 10.0, ""thesis_fast_exit_unreal_pct"": -12.0, ""thesis_mfe_protect_pct"": 2.0, ""thesis_exit_if_above_unreal_pct"": 8.0, ""thesis_min_age_sec"": 300, ""thesis_score_flip_margin"": 1, ""thesis_early_decay_delta"": 2, ""early_fail_pct_threshold"": -32.0, ""type_a_first_candle_enabled"": false, ""type_a_early_fail_enabled"": false, ""scenario_c_exit_profile"": true, ""type_a_stall_enabled"": false, ""type_a_stall_min_age_sec"": 480, ""type_a_stall_min_candles"": 3, ""type_a_stall_max_mfe_pct"": 5.0, ""trend_weakening_enabled"": false, ""spread_penalty_threshold"": 5, ""spread_penalty_margin_mult"": 0.75}",2026-06-25T00:37:16.568501+00:00,2026-06-25 10:37:16 AEST,2026-06-25 10:37:16 AEST
2026-06-25T00:49:58.724497+00:00,cont-73a1f6eb8a23,SHORT,60947.21,60892.02,5.962886,9.06,20.0,4,1.81,1.81,0.0,0.0,-0.0,-0.0,PROFIT_LOCK_LADDER,100,0.3,62,44.0,True,SIM_LIMIT,AI_DIRECT_LIMIT,,,,,0,BEAR,SR,60-70,SPAWN,-3,-3,BEARISH_STRUCTURE,MIXED,27.18,-2,3,7,0.00483,bitfinex,tBTCF0:USTF0,v10.7-fresh-scope-relay-audit-2026-06-25,BITFINEX_ZERO,v10.7-fresh-scope-relay-audit-2026-06-25,CONTINUOUS,Continuous AI Research,APPROVE,60927.0,0.038681,0.029589,FREE_RANGE,0.001558,0.446268,19.9,5.962886,0.0,24.645919,353.515,353.515,353.515,5-15m,AI_DIRECT,AI_DIRECT_CHASE,4,,20.21,0.0,0.1647,0.1647,False,0.0,0.0,-0.001139,-5.6e-05,0.020582,0.082887,-5.998065,0.0,0.221108,60927.0,60980.645979,60854.267915,62324.492178,0.002077,FREE_RANGE,SHORT_PREFERRED,0.038681,0.029589,BEAR,3.0,44.0,0.0,100,2.9,True,True,APPROVE,62,"```json
{
  ""direction"": ""SHORT"",
  ""confidence"": 62,
  ""long_score"": 25,
  ""short_score"": 72,
  ""preferred_direction"": ""SHORT"",
  ""entry_zone_low"": 60950,
  ""entry_zone_high"": 61100,
  ""limit_price"": 61025,
  ""expected_mfe"": 180,
  ""expected_mae"": 120,
  ""reversal_probability"": 43,
  ""exit_style"": ""AGGRESSIVE"",
  ""reasons_for_trade"": [
    ""MTF agreement is MIXED but 4h is BEARISH and structure bias is BEARISH_STRUCTURE with score -3"",
    ""Trend health state is BEAR with bear_score 7 vs bull_score 4, indicating intact bearish trend"",
    ""ADX at 27.18 (>25) confirms trending conditions favoring continuation"",
    ""Market structure shift is BEAR_CONTINUATION with lower highs sequence active"",
    ""Orderflow shows negative delta (-5.94) and bearish velocity, supporting short-side momentum"",
    ""Price is near micro resistance (61198) with distance 0.43%, offering a short entry into resistance"",
    ""Funding rate positive (0.00374% per 8h) favors shorts, consistent with bearish positioning""
  ],
  ""reasons_against_trade"": [
    ""Price is near micro support (60832) at 0.17% distance, increasing bounce risk if selling into support zone"",
    ""Higher low detected (HL sequence) suggests some buying pressure and potential for reversal"",
    ""Volume ratio is very low (0.083), indicating lack of conviction in current move"",
    ""Reversal risk score is 43, indicating moderate probability of a bounce from current levels"",
    ""EMA9 is above EMA21 (bullish cross on short timeframe), conflicting with bearish HTF view""
  ],
  ""bull_score"": 3,
  ""bear_score"": 7
}
```",60947.21,60892.02,MAKER,TAKER,0.032826,20.21,353.515,1.81,1.81,0.0,0.0,-0.0,-0.0,9.06,357.773225,PROFIT_LOCK_LADDER,-5.998065,0.082887,-5.6e-05,0.221108,False,True,"{'price': 60927.0, 'ret_1m': 0.0, 'ret_5m': 0.0, 'ema9': 60980.64597905155, 'ema21': 60854.26791452727, 'ema200': 62324.492177883796, 'dist_to_support': 0.029588906211536883, 'dist_to_resistance': 0.03868056125379503, 'volume': 0.020581884, 'volume_ratio': 0.08288666813033471, 'delta': -5.99806515600001, 'velocity': -5.578351130874208e-05, 'imbalance': 0.22110827780595646, 'candle_range': 19.9, 'body_ratio': 0.9102013162988772, 'wick_ratio': 0.08979868370112273}",2.9,"{'early_fail_enabled': True, 'invert_signal': False, 'ai_enabled': True, 'edge_threshold': 3.0, 'edge_threshold_max': None, 'edge_range_preset': 'min_only', 'ai_threshold': 44.0, 'leverage': 100, 'pullback_threshold': 0.001}","{'ema9': 60980.64597905155, 'ema21': 60854.26791452727, 'ema200': 62324.492177883796, 'ema_spread': 0.002077, 'ema9_slope_pct': 0.0162, 'ema21_slope_pct': 0.0783, 'ema9_above_ema21': True, 'ema21_above_ema200': False}",MOMENTUM_SHORT,2.9,2.9,False,True,INV_False_EF_True,SHORT,12,8,SCENARIO_C_EARLY_12_v2_frozen,40.0,10.0,-12.0,2.0,8.0,300,1,2,-32.0,False,False,True,False,480,3,5.0,False,5,0.75,"[[12, 8], [15, 10], [25, 18], [40, 28], [60, 45], [80, 60], [100, 75], [150, 120]]","{""trail_ladder"": [[12, 8], [15, 10], [25, 18], [40, 28], [60, 45], [80, 60], [100, 75], [150, 120]], ""ladder_first_trigger_pct"": 12, ""ladder_first_lock_pct"": 8, ""exit_profile_id"": ""SCENARIO_C_EARLY_12_v2_frozen"", ""peak_never_loser_min_peak"": 40.0, ""peak_never_loser_floor"": 10.0, ""thesis_fast_exit_unreal_pct"": -12.0, ""thesis_mfe_protect_pct"": 2.0, ""thesis_exit_if_above_unreal_pct"": 8.0, ""thesis_min_age_sec"": 300, ""thesis_score_flip_margin"": 1, ""thesis_early_decay_delta"": 2, ""early_fail_pct_threshold"": -32.0, ""type_a_first_candle_enabled"": false, ""type_a_early_fail_enabled"": false, ""scenario_c_exit_profile"": true, ""type_a_stall_enabled"": false, ""type_a_stall_min_age_sec"": 480, ""type_a_stall_min_candles"": 3, ""type_a_stall_max_mfe_pct"": 5.0, ""trend_weakening_enabled"": false, ""spread_penalty_threshold"": 5, ""spread_penalty_margin_mult"": 0.75}",2026-06-25T00:49:58.724497+00:00,2026-06-25 10:49:58 AEST,2026-06-25 10:49:58 AEST
2026-06-25T00:49:58.765000+00:00,c604c-1105648f87f5,SHORT,60947.85,60892.02,5.958026,9.17,20.0,4,1.83,1.83,0.0,0.0,-0.0,-0.0,PROFIT_LOCK_LADDER,100,0.31,62,44.0,True,SIM_LIMIT,AI_DIRECT_LIMIT,,,,,0,BEAR,SR,60-70,SPAWN,-3,-3,BEARISH_STRUCTURE,MIXED,27.18,-2,3,7,0.00483,bitfinex,tBTCF0:USTF0,v10.7-fresh-scope-relay-audit-2026-06-25,BITFINEX_ZERO,v10.7-fresh-scope-relay-audit-2026-06-25,COMBO_604_SP4_CHASE_3PLUS,AI60-65 · Spread4 · Chase 3+,APPROVE,60918.0,0.038681,0.029589,FREE_RANGE,0.001558,0.446268,19.9,5.958028,0.0,24.750668,352.534,352.534,352.534,5-15m,AI_DIRECT,AI_DIRECT_CHASE,4,,29.85,0.0,0.1648,0.1648,False,0.0,0.0,-0.001139,-5.6e-05,0.020582,0.082887,-5.998065,0.0,0.221108,60927.0,60980.645979,60854.267915,62324.492178,0.002077,FREE_RANGE,SHORT_PREFERRED,0.038681,0.029589,BEAR,3.0,44.0,0.0,100,2.9,True,True,APPROVE,62,"```json
{
  ""direction"": ""SHORT"",
  ""confidence"": 62,
  ""long_score"": 25,
  ""short_score"": 72,
  ""preferred_direction"": ""SHORT"",
  ""entry_zone_low"": 60950,
  ""entry_zone_high"": 61100,
  ""limit_price"": 61025,
  ""expected_mfe"": 180,
  ""expected_mae"": 120,
  ""reversal_probability"": 43,
  ""exit_style"": ""AGGRESSIVE"",
  ""reasons_for_trade"": [
    ""MTF agreement is MIXED but 4h is BEARISH and structure bias is BEARISH_STRUCTURE with score -3"",
    ""Trend health state is BEAR with bear_score 7 vs bull_score 4, indicating intact bearish trend"",
    ""ADX at 27.18 (>25) confirms trending conditions favoring continuation"",
    ""Market structure shift is BEAR_CONTINUATION with lower highs sequence active"",
    ""Orderflow shows negative delta (-5.94) and bearish velocity, supporting short-side momentum"",
    ""Price is near micro resistance (61198) with distance 0.43%, offering a short entry into resistance"",
    ""Funding rate positive (0.00374% per 8h) favors shorts, consistent with bearish positioning""
  ],
  ""reasons_against_trade"": [
    ""Price is near micro support (60832) at 0.17% distance, increasing bounce risk if selling into support zone"",
    ""Higher low detected (HL sequence) suggests some buying pressure and potential for reversal"",
    ""Volume ratio is very low (0.083), indicating lack of conviction in current move"",
    ""Reversal risk score is 43, indicating moderate probability of a bounce from current levels"",
    ""EMA9 is above EMA21 (bullish cross on short timeframe), conflicting with bearish HTF view""
  ],
  ""bull_score"": 3,
  ""bear_score"": 7
}
```",60947.85,60892.02,MAKER,TAKER,0.032831,29.85,352.534,1.83,1.83,0.0,0.0,-0.0,-0.0,9.17,357.481754,PROFIT_LOCK_LADDER,-5.998065,0.082887,-5.6e-05,0.221108,False,True,"{'price': 60927.0, 'ret_1m': 0.0, 'ret_5m': 0.0, 'ema9': 60980.64597905155, 'ema21': 60854.26791452727, 'ema200': 62324.492177883796, 'dist_to_support': 0.029588906211536883, 'dist_to_resistance': 0.03868056125379503, 'volume': 0.020581884, 'volume_ratio': 0.08288666813033471, 'delta': -5.99806515600001, 'velocity': -5.578351130874208e-05, 'imbalance': 0.22110827780595646, 'candle_range': 19.9, 'body_ratio': 0.9102013162988772, 'wick_ratio': 0.08979868370112273}",2.9,"{'early_fail_enabled': True, 'invert_signal': False, 'ai_enabled': True, 'edge_threshold': 3.0, 'edge_threshold_max': None, 'edge_range_preset': 'min_only', 'ai_threshold': 44.0, 'leverage': 100, 'pullback_threshold': 0.001}","{'ema9': 60980.64597905155, 'ema21': 60854.26791452727, 'ema200': 62324.492177883796, 'ema_spread': 0.002077, 'ema9_slope_pct': 0.0162, 'ema21_slope_pct': 0.0783, 'ema9_above_ema21': True, 'ema21_above_ema200': False}",MOMENTUM_SHORT,2.9,2.9,False,True,INV_False_EF_True,SHORT,12,8,SCENARIO_C_EARLY_12_v2_frozen,40.0,10.0,-12.0,2.0,8.0,300,1,2,-32.0,False,False,True,False,480,3,5.0,False,5,0.75,"[[12, 8], [15, 10], [25, 18], [40, 28], [60, 45], [80, 60], [100, 75], [150, 120]]","{""trail_ladder"": [[12, 8], [15, 10], [25, 18], [40, 28], [60, 45], [80, 60], [100, 75], [150, 120]], ""ladder_first_trigger_pct"": 12, ""ladder_first_lock_pct"": 8, ""exit_profile_id"": ""SCENARIO_C_EARLY_12_v2_frozen"", ""peak_never_loser_min_peak"": 40.0, ""peak_never_loser_floor"": 10.0, ""thesis_fast_exit_unreal_pct"": -12.0, ""thesis_mfe_protect_pct"": 2.0, ""thesis_exit_if_above_unreal_pct"": 8.0, ""thesis_min_age_sec"": 300, ""thesis_score_flip_margin"": 1, ""thesis_early_decay_delta"": 2, ""early_fail_pct_threshold"": -32.0, ""type_a_first_candle_enabled"": false, ""type_a_early_fail_enabled"": false, ""scenario_c_exit_profile"": true, ""type_a_stall_enabled"": false, ""type_a_stall_min_age_sec"": 480, ""type_a_stall_min_candles"": 3, ""type_a_stall_max_mfe_pct"": 5.0, ""trend_weakening_enabled"": false, ""spread_penalty_threshold"": 5, ""spread_penalty_margin_mult"": 0.75}",2026-06-25T00:49:58.765000+00:00,2026-06-25 10:49:58 AEST,2026-06-25 10:49:58 AEST
2026-06-25T00:57:37.896846+00:00,cont-c1955e65f83e,SHORT,60940.1,60881.0,3.021677,9.7,20.0,5,1.94,1.94,0.0,0.0,-0.0,-0.0,PROFIT_LOCK_LADDER,100,0.32,62,44.0,True,SIM_LIMIT,AI_DIRECT_LIMIT,,,,,0,BEAR,SR,60-70,SPAWN,-3,-3,BEARISH_STRUCTURE,BEAR_ALIGNED,25.58,-4,3,8,0.00566,bitfinex,tBTCF0:USTF0,v10.7-fresh-scope-relay-audit-2026-06-25,BITFINEX_ZERO,v10.7-fresh-scope-relay-audit-2026-06-25,CONTINUOUS,Continuous AI Research,APPROVE,60922.0,0.039175,0.029127,FREE_RANGE,0.001597,0.683235,18.1,3.021678,0.0,18.887399,182.871,182.871,182.871,0-5m,AI_DIRECT,AI_DIRECT_CHASE,4,,18.1,0.0,0.0,0.0,False,0.0,0.0,-0.000693,8.5e-05,0.010464,4.031656,-6.568565,0.0,0.230816,60922.0,60957.236783,60854.590666,62308.68205,0.001687,FREE_RANGE,SHORT_PREFERRED,0.039175,0.029127,BEAR,3.0,44.0,0.0,100,2.4,True,True,APPROVE,62,"```json
{
  ""direction"": ""SHORT"",
  ""confidence"": 62,
  ""long_score"": 25,
  ""short_score"": 70,
  ""preferred_direction"": ""SHORT"",
  ""entry_zone_low"": 60950,
  ""entry_zone_high"": 61150,
  ""limit_price"": 61050,
  ""expected_mfe"": 120,
  ""expected_mae"": 80,
  ""reversal_probability"": 43,
  ""exit_style"": ""AGGRESSIVE"",
  ""reasons_for_trade"": [
    ""BEAR_ALIGNED multi-timeframe agreement (15m ranging, 1h/4h bearish)"",
    ""Bearish structure with LL/HL sequence and structure_score -3"",
    ""ADX 25.58 indicates trending conditions favoring continuation"",
    ""Trend health state BEAR with bear_score 9 vs bull_score 4"",
    ""Price below EMA200 and EMA9 slope negative"",
    ""Market regime tracker shows recent compression after trending, potential breakout continuation"",
    ""Edge score 2.4 below threshold 3.0, suggesting no strong reversal edge""
  ],
  ""reasons_against_trade"": [
    ""Price near micro support (60832) with distance 0.14% - bounce risk"",
    ""Reversal probability 43% indicates non-trivial reversal chance"",
    ""Volume ratio low (0.24) - weak participation in current move"",
    ""EMA9 still above EMA21 (short-term bullish cross) - potential for mean reversion"",
    ""Candle body ratio high (0.88) - recent candle was mostly directional, could exhaust""
  ],
  ""bull_score"": 3,
  ""bear_score"": 8
}
```

**Direction:** SHORT  
**Win probability:** 62%  
**Long score:** 25  
**Short score:** 70  
**Bull score:** 3/10  
**Bear score:** 8/10  
**Decision:** APPROVE  

**Reason:** The trend hierarchy strongly favors bearish continuation: BEAR_ALIGNED MTF, bearish structure (LL/HL sequence), ADX > 25 trending, and bearish trend health (bear_score 9 vs bull_score 4). Price is below EMA200 and EMA9 slope is negative. The short entry is planned above current price (pullback to 61050) to avoid chasing into support. The main risk is proximity to micro support at 60832 (0.14% away), which could trigger a bounce - hence AGGRESSIVE exit style to capture quick continuation. The reversal probability of 43% is noted but lacks structural confirmation (no higher low or structure shift). Edge score below threshold confirms no strong reversal edge.",60940.1,60881.0,MAKER,TAKER,0.032829,18.1,182.871,1.94,1.94,0.0,0.0,-0.0,-0.0,9.7,181.300742,PROFIT_LOCK_LADDER,-6.568565,4.031656,8.5e-05,0.230816,False,True,"{'price': 60922.0, 'ret_1m': 0.0, 'ret_5m': 0.0002626998982037894, 'ema9': 60957.23678324124, 'ema21': 60854.59066610614, 'ema200': 62308.68204995408, 'dist_to_support': 0.029126851213345156, 'dist_to_resistance': 0.0391751223196401, 'volume': 0.010464046000000001, 'volume_ratio': 4.031655824510578, 'delta': -6.568564688000035, 'velocity': 8.540441186202192e-05, 'imbalance': 0.23081586517778457, 'candle_range': 18.1, 'body_ratio': 0.8802967563837129, 'wick_ratio': 0.1197032436162871}",2.4,"{'early_fail_enabled': True, 'invert_signal': False, 'ai_enabled': True, 'edge_threshold': 3.0, 'edge_threshold_max': None, 'edge_range_preset': 'min_only', 'ai_threshold': 44.0, 'leverage': 100, 'pullback_threshold': 0.001}","{'ema9': 60957.23678324124, 'ema21': 60854.59066610614, 'ema200': 62308.68204995408, 'ema_spread': 0.001687, 'ema9_slope_pct': -0.0714, 'ema21_slope_pct': 0.0318, 'ema9_above_ema21': True, 'ema21_above_ema200': False}",WEAK_SETUP,2.4,2.4,False,True,INV_False_EF_True,SHORT,12,8,SCENARIO_C_EARLY_12_v2_frozen,40.0,10.0,-12.0,2.0,8.0,300,1,2,-32.0,False,False,True,False,480,3,5.0,False,5,0.75,"[[12, 8], [15, 10], [25, 18], [40, 28], [60, 45], [80, 60], [100, 75], [150, 120]]","{""trail_ladder"": [[12, 8], [15, 10], [25, 18], [40, 28], [60, 45], [80, 60], [100, 75], [150, 120]], ""ladder_first_trigger_pct"": 12, ""ladder_first_lock_pct"": 8, ""exit_profile_id"": ""SCENARIO_C_EARLY_12_v2_frozen"", ""peak_never_loser_min_peak"": 40.0, ""peak_never_loser_floor"": 10.0, ""thesis_fast_exit_unreal_pct"": -12.0, ""thesis_mfe_protect_pct"": 2.0, ""thesis_exit_if_above_unreal_pct"": 8.0, ""thesis_min_age_sec"": 300, ""thesis_score_flip_margin"": 1, ""thesis_early_decay_delta"": 2, ""early_fail_pct_threshold"": -32.0, ""type_a_first_candle_enabled"": false, ""type_a_early_fail_enabled"": false, ""scenario_c_exit_profile"": true, ""type_a_stall_enabled"": false, ""type_a_stall_min_age_sec"": 480, ""type_a_stall_min_candles"": 3, ""type_a_stall_max_mfe_pct"": 5.0, ""trend_weakening_enabled"": false, ""spread_penalty_threshold"": 5, ""spread_penalty_margin_mult"": 0.75}",2026-06-25T00:57:37.896846+00:00,2026-06-25 10:57:37 AEST,2026-06-25 10:57:37 AEST
2026-06-25T00:59:55.606036+00:00,c604c-47b77ab751ba,SHORT,60868.24,60812.0,0.329216,9.24,20.0,4,1.85,1.85,0.0,0.0,-0.0,-0.0,PROFIT_LOCK_LADDER,100,0.31,62,44.0,True,SIM_LIMIT,AI_DIRECT_LIMIT,,,,,0,BEAR,SR,60-70,SPAWN,-3,-3,BEARISH_STRUCTURE,MIXED,25.58,-2,3,7,0.00584,bitfinex,tBTCF0:USTF0,v10.7-fresh-scope-relay-audit-2026-06-25,BITFINEX_ZERO,v10.7-fresh-scope-relay-audit-2026-06-25,COMBO_604_SP4_CHASE_3PLUS,AI60-65 · Spread4 · Chase 3+,APPROVE,60858.0,0.039995,0.028361,FREE_RANGE,0.001452,1.0,18.1,0.329218,0.0,12.689705,288.074,288.074,288.074,0-5m,AI_DIRECT,AI_DIRECT_CHASE,5,,10.24,0.0,0.0,0.0,False,0.0,0.0,-8e-05,-3.3e-05,0.000739,0.276873,-6.521056,0.0,0.227991,60858.0,60954.236783,60853.22703,62308.532796,0.00166,FREE_RANGE,SHORT_PREFERRED,0.039995,0.028361,BEAR,3.0,44.0,0.0,100,2.9,True,True,APPROVE,62,"```json
{
  ""direction"": ""SHORT"",
  ""confidence"": 62,
  ""long_score"": 28,
  ""short_score"": 72,
  ""preferred_direction"": ""SHORT"",
  ""entry_zone_low"": 60950,
  ""entry_zone_high"": 61150,
  ""limit_price"": 61050,
  ""expected_mfe"": 180,
  ""expected_mae"": 120,
  ""reversal_probability"": 43,
  ""exit_style"": ""AGGRESSIVE"",
  ""reasons_for_trade"": [
    ""BEAR regime confirmed by trend_health_state and market_structure_shift = BEAR_CONTINUATION"",
    ""ADX 25.58 indicates trending conditions favoring continuation"",
    ""Bearish structure with LL sequence and structure_score -3"",
    ""Price below EMA200 (2.28% gap) and EMA9 slope negative"",
    ""Funding positive (5.374e-05) favoring shorts, longs pay"",
    ""Volume ratio low (0.277) suggesting lack of buying pressure"",
    ""Delta negative (-6.52) confirming bearish orderflow"",
    ""Micro resistance at 61198 provides nearby rejection zone""
  ],
  ""reasons_against_trade"": [
    ""Price near micro support (60832) increases bounce risk"",
    ""Higher low detected suggests potential short-term stabilization"",
    ""Reversal risk score 43 indicates moderate reversal probability"",
    ""Compression regime may precede expansion in either direction"",
    ""EMA9 still above EMA21 (short-term bullish cross)""
  ],
  ""bull_score"": 3,
  ""bear_score"": 7
}
```

Direction: SHORT
Win probability: 62
Long score: 28
Short score: 72
Bull score: 3
Bear score: 7
Decision: APPROVE
Reason: Bearish trend hierarchy intact (BEAR regime, bearish structure, ADX>25 trending, negative delta). Short score significantly higher than long score (gap 44). Entry near micro resistance (61198) with limit above current price for pullback entry. Reversal risk moderate but not confirmed by structure shift or momentum.",60868.24,60812.0,MAKER,TAKER,0.032863,10.24,288.074,1.85,1.85,0.0,0.0,-0.0,-0.0,9.24,19.753134,PROFIT_LOCK_LADDER,-6.521056,0.276873,-3.3e-05,0.227991,False,True,"{'price': 60858.0, 'ret_1m': 0.0, 'ret_5m': -0.0007060639398367843, 'ema9': 60954.23678324124, 'ema21': 60853.227029742506, 'ema200': 62308.53279622273, 'dist_to_support': 0.028361102895264386, 'dist_to_resistance': 0.03999474185809589, 'volume': 0.000739345, 'volume_ratio': 0.27687324825756743, 'delta': -6.521055682000053, 'velocity': -3.2842986429728206e-05, 'imbalance': 0.22799097945977387, 'candle_range': 18.1, 'body_ratio': 0.8802967563837129, 'wick_ratio': 0.1197032436162871}",2.9,"{'early_fail_enabled': True, 'invert_signal': False, 'ai_enabled': True, 'edge_threshold': 3.0, 'edge_threshold_max': None, 'edge_range_preset': 'min_only', 'ai_threshold': 44.0, 'leverage': 100, 'pullback_threshold': 0.001}","{'ema9': 60954.23678324124, 'ema21': 60853.227029742506, 'ema200': 62308.53279622273, 'ema_spread': 0.00166, 'ema9_slope_pct': -0.0764, 'ema21_slope_pct': 0.0296, 'ema9_above_ema21': True, 'ema21_above_ema200': False}",MOMENTUM_SHORT,2.9,2.9,False,True,INV_False_EF_True,SHORT,12,8,SCENARIO_C_EARLY_12_v2_frozen,40.0,10.0,-12.0,2.0,8.0,300,1,2,-32.0,False,False,True,False,480,3,5.0,False,5,0.75,"[[12, 8], [15, 10], [25, 18], [40, 28], [60, 45], [80, 60], [100, 75], [150, 120]]","{""trail_ladder"": [[12, 8], [15, 10], [25, 18], [40, 28], [60, 45], [80, 60], [100, 75], [150, 120]], ""ladder_first_trigger_pct"": 12, ""ladder_first_lock_pct"": 8, ""exit_profile_id"": ""SCENARIO_C_EARLY_12_v2_frozen"", ""peak_never_loser_min_peak"": 40.0, ""peak_never_loser_floor"": 10.0, ""thesis_fast_exit_unreal_pct"": -12.0, ""thesis_mfe_protect_pct"": 2.0, ""thesis_exit_if_above_unreal_pct"": 8.0, ""thesis_min_age_sec"": 300, ""thesis_score_flip_margin"": 1, ""thesis_early_decay_delta"": 2, ""early_fail_pct_threshold"": -32.0, ""type_a_first_candle_enabled"": false, ""type_a_early_fail_enabled"": false, ""scenario_c_exit_profile"": true, ""type_a_stall_enabled"": false, ""type_a_stall_min_age_sec"": 480, ""type_a_stall_min_candles"": 3, ""type_a_stall_max_mfe_pct"": 5.0, ""trend_weakening_enabled"": false, ""spread_penalty_threshold"": 5, ""spread_penalty_margin_mult"": 0.75}",2026-06-25T00:59:55.606036+00:00,2026-06-25 10:59:55 AEST,2026-06-25 10:59:55 AEST
2026-06-25T01:05:59.260553+00:00,cont-bc1ff1073bbe,SHORT,60909.12,60853.0,3.270234,9.22,20.0,4,1.84,1.84,0.0,0.0,-0.0,-0.0,PROFIT_LOCK_LADDER,100,0.31,62,44.0,True,SIM_LIMIT,AI_DIRECT_LIMIT,,,,,0,BEAR,SR,60-70,SPAWN,-3,-3,BEARISH_STRUCTURE,MIXED,25.58,-2,3,7,0.00643,bitfinex,tBTCF0:USTF0,v10.7-fresh-scope-relay-audit-2026-06-25,BITFINEX_ZERO,v10.7-fresh-scope-relay-audit-2026-06-25,CONTINUOUS,Continuous AI Research,APPROVE,60877.0,0.03967,0.028664,FREE_RANGE,0.001189,1.0,18.1,3.270235,0.0,21.362975,276.973,276.973,276.973,0-5m,AI_DIRECT,AI_DIRECT_CHASE,4,,32.12,0.0,0.0,0.0,False,0.0,0.0,-0.000854,3.1e-05,0.002867,0.11857,-6.530963,0.0,0.228242,60877.0,60951.436783,60851.954302,62308.393493,0.001635,FREE_RANGE,SHORT_PREFERRED,0.03967,0.028664,BEAR,3.0,44.0,0.0,100,1.9,True,True,APPROVE,62,"```json
{
  ""direction"": ""SHORT"",
  ""confidence"": 62,
  ""long_score"": 28,
  ""short_score"": 72,
  ""preferred_direction"": ""SHORT"",
  ""entry_zone_low"": 60950,
  ""entry_zone_high"": 61150,
  ""limit_price"": 61050,
  ""expected_mfe"": 180,
  ""expected_mae"": 120,
  ""reversal_probability"": 63,
  ""exit_style"": ""AGGRESSIVE"",
  ""reasons_for_trade"": [
    ""BEAR regime with intact bearish trend health (bear_score 7 vs bull_score 4)"",
    ""Multi-timeframe agreement: 4h BEARISH, 1h RANGING, 15m RANGING - no bullish alignment"",
    ""Market structure bias BEARISH_STRUCTURE with structure_score -3 and BEAR_CONTINUATION shift"",
    ""ADX 25.58 indicates trending conditions, favoring continuation over reversal"",
    ""EMA stack not bullish (ema21 below ema200, price below ema200), bearish long-term alignment"",
    ""Negative delta (-6.53) and low volume ratio (0.12) suggest weak buying pressure"",
    ""Funding positive (longs pay shorts) - structural headwind for longs"",
    ""Price near micro resistance (61198) after multiple lower highs, providing short entry location""
  ],
  ""reasons_against_trade"": [
    ""Price near micro support (60832) - short entry near support increases bounce risk"",
    ""Reversal risk score 63 - moderate probability of mean reversion in compression regime"",
    ""EMA9 above EMA21 short-term - slight bullish cross on lower timeframe"",
    ""Higher low detected - micro structure shows some buying interest"",
    ""Volume ratio very low (0.12) - lack of conviction in current move""
  ],
  ""bull_score"": 3,
  ""bear_score"": 7
}
```",60909.12,60853.0,MAKER,TAKER,0.032853,32.12,276.973,1.84,1.84,0.0,0.0,-0.0,-0.0,9.22,196.214162,PROFIT_LOCK_LADDER,-6.530963,0.11857,3.1e-05,0.228242,False,True,"{'price': 60877.0, 'ret_1m': 0.0002957656221758491, 'ret_5m': -1.6426295213377576e-05, 'ema9': 60951.436783241246, 'ema21': 60851.95430246978, 'ema200': 62308.39349274014, 'dist_to_support': 0.02866435599651757, 'dist_to_resistance': 0.03967015457397704, 'volume': 0.0028672380000000003, 'volume_ratio': 0.11856989483396004, 'delta': -6.53096338900006, 'velocity': 3.123439996844185e-05, 'imbalance': 0.22824224864684356, 'candle_range': 18.1, 'body_ratio': 0.8802967563837129, 'wick_ratio': 0.1197032436162871}",1.9,"{'early_fail_enabled': True, 'invert_signal': False, 'ai_enabled': True, 'edge_threshold': 3.0, 'edge_threshold_max': None, 'edge_range_preset': 'min_only', 'ai_threshold': 44.0, 'leverage': 100, 'pullback_threshold': 0.001}","{'ema9': 60951.436783241246, 'ema21': 60851.95430246978, 'ema200': 62308.39349274014, 'ema_spread': 0.001635, 'ema9_slope_pct': -0.081, 'ema21_slope_pct': 0.0275, 'ema9_above_ema21': True, 'ema21_above_ema200': False}",WEAK_SETUP,1.9,1.9,False,True,INV_False_EF_True,SHORT,12,8,SCENARIO_C_EARLY_12_v2_frozen,40.0,10.0,-12.0,2.0,8.0,300,1,2,-32.0,False,False,True,False,480,3,5.0,False,5,0.75,"[[12, 8], [15, 10], [25, 18], [40, 28], [60, 45], [80, 60], [100, 75], [150, 120]]","{""trail_ladder"": [[12, 8], [15, 10], [25, 18], [40, 28], [60, 45], [80, 60], [100, 75], [150, 120]], ""ladder_first_trigger_pct"": 12, ""ladder_first_lock_pct"": 8, ""exit_profile_id"": ""SCENARIO_C_EARLY_12_v2_frozen"", ""peak_never_loser_min_peak"": 40.0, ""peak_never_loser_floor"": 10.0, ""thesis_fast_exit_unreal_pct"": -12.0, ""thesis_mfe_protect_pct"": 2.0, ""thesis_exit_if_above_unreal_pct"": 8.0, ""thesis_min_age_sec"": 300, ""thesis_score_flip_margin"": 1, ""thesis_early_decay_delta"": 2, ""early_fail_pct_threshold"": -32.0, ""type_a_first_candle_enabled"": false, ""type_a_early_fail_enabled"": false, ""scenario_c_exit_profile"": true, ""type_a_stall_enabled"": false, ""type_a_stall_min_age_sec"": 480, ""type_a_stall_min_candles"": 3, ""type_a_stall_max_mfe_pct"": 5.0, ""trend_weakening_enabled"": false, ""spread_penalty_threshold"": 5, ""spread_penalty_margin_mult"": 0.75}",2026-06-25T01:05:59.260553+00:00,2026-06-25 11:05:59 AEST,2026-06-25 11:05:59 AEST
2026-06-25T01:19:37.955895+00:00,c604c-414b856d4546,SHORT,60845.29,60787.0,0.226343,9.58,20.0,4,1.92,1.92,0.0,0.0,-0.0,-0.0,PROFIT_LOCK_LADDER,100,0.32,62,44.0,True,SIM_LIMIT,AI_DIRECT_LIMIT,,,,,0,BEAR,SR,60-70,SPAWN,-3,-3,BEARISH_STRUCTURE,BEAR_ALIGNED,23.7,-5,3,7,0.00775,bitfinex,tBTCF0:USTF0,v10.7-fresh-scope-relay-audit-2026-06-25,BITFINEX_ZERO,v10.7-fresh-scope-relay-audit-2026-06-25,COMBO_604_SP4_CHASE_3PLUS,AI60-65 · Spread4 · Chase 3+,APPROVE,60831.0,0.040456,0.02793,FREE_RANGE,0.000882,1.0,17.7,0.226344,0.0,13.360114,273.926,273.926,273.926,0-5m,AI_DIRECT,AI_DIRECT_CHASE,3,,14.29,0.0,0.0,0.0,False,0.0,0.0,-7.3e-05,3.1e-05,0.000701,0.003171,-4.578025,0.0,0.141104,60831.0,60923.029427,60847.817961,62292.398664,0.001236,FREE_RANGE,SHORT_PREFERRED,0.040456,0.02793,BEAR,3.0,44.0,0.0,100,1.5,True,True,APPROVE,62,"```json
{
  ""direction"": ""SHORT"",
  ""confidence"": 62,
  ""long_score"": 25,
  ""short_score"": 70,
  ""preferred_direction"": ""SHORT"",
  ""entry_zone_low"": 60850,
  ""entry_zone_high"": 60950,
  ""limit_price"": 60900,
  ""expected_mfe"": 0.008,
  ""expected_mae"": 0.004,
  ""reversal_probability"": 30,
  ""exit_style"": ""AGGRESSIVE"",
  ""reasons_for_trade"": [
    ""MTF agreement is BEAR_ALIGNED (15m ranging, 1h/4h bearish) - strong bearish hierarchy"",
    ""Market structure bias is BEARISH_STRUCTURE with structure_score -3 and BEAR_CONTINUATION shift"",
    ""Trend health state is BEAR with bear_score 8 vs bull_score 4 - intact bearish momentum"",
    ""ADX at 23.7 near trending threshold, but trend strength score -5 supports bearish continuation"",
    ""EMA stack shows price below EMA9 and EMA21, with EMA9 slope negative - bearish short-term alignment"",
    ""Orderflow delta is negative (-4.58) and imbalance favors selling (0.14) - bearish micro pressure"",
    ""Funding rate positive (0.00734% per 8h) favors shorts - cost to hold longs"",
    ""Price near micro support (60832) but no reversal confirmation - continuation more likely than bounce""
  ],
  ""reasons_against_trade"": [
    ""Price is very close to micro support (60832) - risk of short squeeze or bounce"",
    ""Reversal risk score is 63 - moderate probability of reversal from current levels"",
    ""Higher low detected suggests some buying interest near support"",
    ""Volume ratio is very low (0.003) - low conviction move may lack follow-through"",
    ""ADX below 25 indicates non-trending conditions - mean reversion risk elevated"",
    ""Candle range is narrow (17.7) - compression regime may precede expansion in either direction""
  ],
  ""bull_score"": 3,
  ""bear_score"": 7
}
```",60845.29,60787.0,MAKER,TAKER,0.032878,14.29,273.926,1.92,1.92,0.0,0.0,-0.0,-0.0,9.58,13.580722,PROFIT_LOCK_LADDER,-4.578025,0.003171,3.1e-05,0.141104,False,True,"{'price': 60831.0, 'ret_1m': 8.220169006674777e-05, 'ret_5m': 0.000888494002665482, 'ema9': 60923.029426593, 'ema21': 60847.817960936234, 'ema200': 62292.39866425816, 'dist_to_support': 0.02792983840476073, 'dist_to_resistance': 0.04045634627081587, 'volume': 0.000701418, 'volume_ratio': 0.003171265160637882, 'delta': -4.578024582000088, 'velocity': 3.1241373332803604e-05, 'imbalance': 0.14110371443496922, 'candle_range': 17.7, 'body_ratio': 0.8802967563837129, 'wick_ratio': 0.1197032436162871}",1.5,"{'early_fail_enabled': True, 'invert_signal': False, 'ai_enabled': True, 'edge_threshold': 3.0, 'edge_threshold_max': None, 'edge_range_preset': 'min_only', 'ai_threshold': 44.0, 'leverage': 100, 'pullback_threshold': 0.001}","{'ema9': 60923.029426593, 'ema21': 60847.817960936234, 'ema200': 62292.39866425816, 'ema_spread': 0.001236, 'ema9_slope_pct': -0.1099, 'ema21_slope_pct': 0.004, 'ema9_above_ema21': True, 'ema21_above_ema200': False}",WEAK_SETUP,1.5,1.5,False,True,INV_False_EF_True,SHORT,12,8,SCENARIO_C_EARLY_12_v2_frozen,40.0,10.0,-12.0,2.0,8.0,300,1,2,-32.0,False,False,True,False,480,3,5.0,False,5,0.75,"[[12, 8], [15, 10], [25, 18], [40, 28], [60, 45], [80, 60], [100, 75], [150, 120]]","{""trail_ladder"": [[12, 8], [15, 10], [25, 18], [40, 28], [60, 45], [80, 60], [100, 75], [150, 120]], ""ladder_first_trigger_pct"": 12, ""ladder_first_lock_pct"": 8, ""exit_profile_id"": ""SCENARIO_C_EARLY_12_v2_frozen"", ""peak_never_loser_min_peak"": 40.0, ""peak_never_loser_floor"": 10.0, ""thesis_fast_exit_unreal_pct"": -12.0, ""thesis_mfe_protect_pct"": 2.0, ""thesis_exit_if_above_unreal_pct"": 8.0, ""thesis_min_age_sec"": 300, ""thesis_score_flip_margin"": 1, ""thesis_early_decay_delta"": 2, ""early_fail_pct_threshold"": -32.0, ""type_a_first_candle_enabled"": false, ""type_a_early_fail_enabled"": false, ""scenario_c_exit_profile"": true, ""type_a_stall_enabled"": false, ""type_a_stall_min_age_sec"": 480, ""type_a_stall_min_candles"": 3, ""type_a_stall_max_mfe_pct"": 5.0, ""trend_weakening_enabled"": false, ""spread_penalty_threshold"": 5, ""spread_penalty_margin_mult"": 0.75}",2026-06-25T01:19:37.955895+00:00,2026-06-25 11:19:37 AEST,2026-06-25 11:19:37 AEST
2026-06-25T01:25:09.768225+00:00,cont-88bcdb5e6f63,SHORT,60827.09,60921.0,10.025308,-15.42,20.0,5,-3.08,-3.09,0.0,0.0,-0.0,-0.0,THESIS_INVALIDATED,100,0.51,62,44.0,True,SIM_LIMIT,AI_DIRECT_LIMIT,,,,,0,BEAR,SR,60-70,SPAWN,-3,-3,BEARISH_STRUCTURE,BEAR_ALIGNED,23.7,-5,3,8,0.00841,bitfinex,tBTCF0:USTF0,v10.7-fresh-scope-relay-audit-2026-06-25,BITFINEX_ZERO,v10.7-fresh-scope-relay-audit-2026-06-25,CONTINUOUS,Continuous AI Research,APPROVE,60803.0,0.041055,0.02737,FREE_RANGE,0.001059,0.88772,17.7,10.025309,-25.13847,11.358426,413.839,413.839,413.839,5-15m,AI_DIRECT,AI_DIRECT_CHASE,4,,24.09,0.0,0.0,0.0,False,0.0,0.0,-0.003288,3e-06,0.046982,0.042941,-5.564883,0.0,0.179327,60803.0,60917.029427,60845.090688,62292.100157,0.001182,FREE_RANGE,SHORT_PREFERRED,0.041055,0.02737,BEAR,3.0,44.0,0.0,100,2.5,True,True,APPROVE,62,"```json
{
  ""direction"": ""SHORT"",
  ""confidence"": 62,
  ""long_score"": 25,
  ""short_score"": 72,
  ""preferred_direction"": ""SHORT"",
  ""entry_zone_low"": 60850,
  ""entry_zone_high"": 61000,
  ""limit_price"": 60925,
  ""expected_mfe"": 120,
  ""expected_mae"": 80,
  ""reversal_probability"": 43,
  ""exit_style"": ""AGGRESSIVE"",
  ""reasons_for_trade"": [
    ""Multi-timeframe agreement is BEAR_ALIGNED (15m ranging, 1h/4h bearish)"",
    ""Market structure bias is BEARISH_STRUCTURE with structure_score -3 and BEAR_CONTINUATION shift"",
    ""Trend health state is BEAR with bear_score 8 vs bull_score 4, intact bearish trend"",
    ""ADX at 23.7 is near trending threshold, supporting continuation bias"",
    ""EMA stack shows price below all EMAs, ema9 and ema21 slopes negative"",
    ""Orderflow shows negative delta (-5.6) and negative velocity, consistent with bearish pressure"",
    ""Regime is BEAR, SR bias is SHORT_PREFERRED, and edge_score (2.5) is below threshold (3.0) suggesting no strong reversal edge"",
    ""Micro structure shows lower highs and higher lows but no bullish structure shift, and price near micro resistance (61198) with 0.65% distance""
  ],
  ""reasons_against_trade"": [
    ""Price is near micro support (60832) with only 0.0477% distance, increasing bounce risk"",
    ""Reversal probability is 43 (moderate), indicating some chance of mean reversion"",
    ""Volume ratio is very low (0.043), suggesting lack of conviction in current move"",
    ""Candle range is narrow (17.7) and wick ratio is low, indicating compression which could precede a breakout either way"",
    ""Market regime tracker shows COMPRESSION, which often leads to volatile expansion""
  ],
  ""bull_score"": 3,
  ""bear_score"": 8
}
```",60827.09,60921.0,MAKER,TAKER,0.032893,24.09,413.839,-3.08,-3.09,0.0,0.0,-0.0,-0.0,-15.42,601.518558,THESIS_INVALIDATED,-5.564883,0.042941,3e-06,0.179327,False,True,"{'price': 60803.0, 'ret_1m': 0.0001151391538917034, 'ret_5m': -0.0004438599375308236, 'ema9': 60917.029426593, 'ema21': 60845.09068820896, 'ema200': 62292.10015679547, 'dist_to_support': 0.027370221725113494, 'dist_to_resistance': 0.04105533258767024, 'volume': 0.04698198, 'volume_ratio': 0.042941071057836636, 'delta': -5.5648830960000755, 'velocity': 3.297051058996696e-06, 'imbalance': 0.17932667801208407, 'candle_range': 17.7, 'body_ratio': 0.8802967563837129, 'wick_ratio': 0.1197032436162871}",2.5,"{'early_fail_enabled': True, 'invert_signal': False, 'ai_enabled': True, 'edge_threshold': 3.0, 'edge_threshold_max': None, 'edge_range_preset': 'min_only', 'ai_threshold': 44.0, 'leverage': 100, 'pullback_threshold': 0.001}","{'ema9': 60917.029426593, 'ema21': 60845.09068820896, 'ema200': 62292.10015679547, 'ema_spread': 0.001182, 'ema9_slope_pct': -0.1197, 'ema21_slope_pct': -0.0005, 'ema9_above_ema21': True, 'ema21_above_ema200': False}",WEAK_SETUP,2.5,2.5,False,True,INV_False_EF_True,SHORT,12,8,SCENARIO_C_EARLY_12_v2_frozen,40.0,10.0,-12.0,2.0,8.0,300,1,2,-32.0,False,False,True,False,480,3,5.0,False,5,0.75,"[[12, 8], [15, 10], [25, 18], [40, 28], [60, 45], [80, 60], [100, 75], [150, 120]]","{""trail_ladder"": [[12, 8], [15, 10], [25, 18], [40, 28], [60, 45], [80, 60], [100, 75], [150, 120]], ""ladder_first_trigger_pct"": 12, ""ladder_first_lock_pct"": 8, ""exit_profile_id"": ""SCENARIO_C_EARLY_12_v2_frozen"", ""peak_never_loser_min_peak"": 40.0, ""peak_never_loser_floor"": 10.0, ""thesis_fast_exit_unreal_pct"": -12.0, ""thesis_mfe_protect_pct"": 2.0, ""thesis_exit_if_above_unreal_pct"": 8.0, ""thesis_min_age_sec"": 300, ""thesis_score_flip_margin"": 1, ""thesis_early_decay_delta"": 2, ""early_fail_pct_threshold"": -32.0, ""type_a_first_candle_enabled"": false, ""type_a_early_fail_enabled"": false, ""scenario_c_exit_profile"": true, ""type_a_stall_enabled"": false, ""type_a_stall_min_age_sec"": 480, ""type_a_stall_min_candles"": 3, ""type_a_stall_max_mfe_pct"": 5.0, ""trend_weakening_enabled"": false, ""spread_penalty_threshold"": 5, ""spread_penalty_margin_mult"": 0.75}",2026-06-25T01:25:09.768225+00:00,2026-06-25 11:25:09 AEST,2026-06-25 11:25:09 AEST
2026-06-25T01:26:06.163275+00:00,c604c-639c12a37fd9,SHORT,60949.53,60890.64,2.568785,9.67,20.0,4,1.93,1.93,0.0,0.0,-0.0,-0.0,PROFIT_LOCK_LADDER,100,0.32,62,44.0,True,SIM_LIMIT,AI_DIRECT_LIMIT,,,,,0,BEAR,SR,60-70,SPAWN,-3,-3,BEARISH_STRUCTURE,BEAR_ALIGNED,22.06,-5,3,7,0.0085,bitfinex,tBTCF0:USTF0,v10.7-fresh-scope-relay-audit-2026-06-25,BITFINEX_ZERO,v10.7-fresh-scope-relay-audit-2026-06-25,COMBO_604_SP4_CHASE_3PLUS,AI60-65 · Spread4 · Chase 3+,APPROVE,60832.0,0.040439,0.027946,FREE_RANGE,0.00097,1.0,22.0,2.568786,-4.999218,16.493975,151.301,151.301,151.301,0-5m,AI_DIRECT,AI_DIRECT_CHASE,3,,117.53,0.0,0.1195,0.1195,False,0.0,0.0,-0.000898,4.8e-05,0.005746,0.164588,-3.675586,0.0,0.108296,60832.0,60906.263541,60846.727072,62277.380541,0.000978,FREE_RANGE,SHORT_PREFERRED,0.040439,0.027946,BEAR,3.0,44.0,0.0,100,2.3,True,True,APPROVE,62,"```json
{
  ""direction"": ""SHORT"",
  ""confidence"": 62,
  ""long_score"": 28,
  ""short_score"": 72,
  ""preferred_direction"": ""SHORT"",
  ""entry_zone_low"": 60950,
  ""entry_zone_high"": 61150,
  ""limit_price"": 61050,
  ""expected_mfe"": 180,
  ""expected_mae"": 80,
  ""reversal_probability"": 63,
  ""exit_style"": ""AGGRESSIVE"",
  ""reasons_for_trade"": [
    ""Multi-timeframe agreement is BEAR_ALIGNED (15m ranging, 1h/4h bearish)"",
    ""Market structure bias is BEARISH_STRUCTURE with structure_score -3"",
    ""Trend health state is BEAR with bear_score 8 vs bull_score 4"",
    ""EMA alignment shows price below all EMAs, bearish stack (ema9 above ema21 but both below ema200)"",
    ""ADX at 22.06 is below 25, but trend strength score -5 supports bearish bias"",
    ""Orderflow shows negative delta (-3.68) and low volume ratio (0.16) suggesting weak buying"",
    ""Market regime tracker shows recent EXPANSION after compression, favoring directional move"",
    ""Micro structure shows lower highs and lower lows pattern (BEAR_CONTINUATION)""
  ],
  ""reasons_against_trade"": [
    ""Price is near micro support (60741) with only 0.15% distance, increasing bounce risk"",
    ""Reversal probability is 63 (moderate), suggesting potential for mean reversion"",
    ""Higher low detected (1.0) could indicate short-term buying pressure"",
    ""Volume ratio is very low (0.16), indicating lack of conviction in current move"",
    ""Edge score (2.3) is below threshold (3.0), suggesting weak edge telemetry""
  ],
  ""bull_score"": 3,
  ""bear_score"": 7
}
```",60949.53,60890.64,MAKER,TAKER,0.032877,117.53,151.301,1.93,1.93,0.0,0.0,-0.0,-0.0,9.67,154.127211,PROFIT_LOCK_LADDER,-3.675586,0.164588,4.8e-05,0.108296,False,True,"{'price': 60832.0, 'ret_1m': -4.929022082018927e-05, 'ret_5m': 0.0010362182966544952, 'ema9': 60906.263541274406, 'ema21': 60846.72707194065, 'ema200': 62277.38054137102, 'dist_to_support': 0.0279458179905313, 'dist_to_resistance': 0.04043924250394529, 'volume': 0.0057458000000000006, 'volume_ratio': 0.16458844675348136, 'delta': -3.6755864440001176, 'velocity': 4.766652327614009e-05, 'imbalance': 0.10829594683295532, 'candle_range': 22.0, 'body_ratio': 0.8313171645469781, 'wick_ratio': 0.1686828354530218}",2.3,"{'early_fail_enabled': True, 'invert_signal': False, 'ai_enabled': True, 'edge_threshold': 3.0, 'edge_threshold_max': None, 'edge_range_preset': 'min_only', 'ai_threshold': 44.0, 'leverage': 100, 'pullback_threshold': 0.001}","{'ema9': 60906.263541274406, 'ema21': 60846.72707194065, 'ema200': 62277.38054137102, 'ema_spread': 0.000978, 'ema9_slope_pct': -0.1046, 'ema21_slope_pct': -0.0045, 'ema9_above_ema21': True, 'ema21_above_ema200': False}",WEAK_SETUP,2.3,2.3,False,True,INV_False_EF_True,SHORT,12,8,SCENARIO_C_EARLY_12_v2_frozen,40.0,10.0,-12.0,2.0,8.0,300,1,2,-32.0,False,False,True,False,480,3,5.0,False,5,0.75,"[[12, 8], [15, 10], [25, 18], [40, 28], [60, 45], [80, 60], [100, 75], [150, 120]]","{""trail_ladder"": [[12, 8], [15, 10], [25, 18], [40, 28], [60, 45], [80, 60], [100, 75], [150, 120]], ""ladder_first_trigger_pct"": 12, ""ladder_first_lock_pct"": 8, ""exit_profile_id"": ""SCENARIO_C_EARLY_12_v2_frozen"", ""peak_never_loser_min_peak"": 40.0, ""peak_never_loser_floor"": 10.0, ""thesis_fast_exit_unreal_pct"": -12.0, ""thesis_mfe_protect_pct"": 2.0, ""thesis_exit_if_above_unreal_pct"": 8.0, ""thesis_min_age_sec"": 300, ""thesis_score_flip_margin"": 1, ""thesis_early_decay_delta"": 2, ""early_fail_pct_threshold"": -32.0, ""type_a_first_candle_enabled"": false, ""type_a_early_fail_enabled"": false, ""scenario_c_exit_profile"": true, ""type_a_stall_enabled"": false, ""type_a_stall_min_age_sec"": 480, ""type_a_stall_min_candles"": 3, ""type_a_stall_max_mfe_pct"": 5.0, ""trend_weakening_enabled"": false, ""spread_penalty_threshold"": 5, ""spread_penalty_margin_mult"": 0.75}",2026-06-25T01:26:06.163275+00:00,2026-06-25 11:26:06 AEST,2026-06-25 11:26:06 AEST
2026-06-25T01:28:17.239775+00:00,cont-ab1afb9c1f91,SHORT,60911.21,60918.0,5.00687,-1.11,20.0,5,-0.22,-0.22,0.0,0.0,-0.0,-0.0,THESIS_INVALIDATED,100,0.04,62,44.0,True,SIM_LIMIT,AI_DIRECT_LIMIT,,,,,0,BEAR,SR,60-70,SPAWN,-3,-3,BEARISH_STRUCTURE,BEAR_ALIGNED,22.11,-5,3,8,0.00873,bitfinex,tBTCF0:USTF0,v10.7-fresh-scope-relay-audit-2026-06-25,BITFINEX_ZERO,v10.7-fresh-scope-relay-audit-2026-06-25,CONTINUOUS,Continuous AI Research,APPROVE,60846.0,0.0402,0.028169,FREE_RANGE,0.001068,1.0,22.0,5.006871,-11.293488,10.213227,317.9,317.9,317.9,5-15m,AI_DIRECT,AI_DIRECT_CHASE,3,,65.21,0.0,0.0,0.0,False,0.0,0.0,-0.001767,3.8e-05,0.0154,3.029797,-3.484302,0.0,0.103346,60846.0,60902.663541,60845.090708,62277.201437,0.000946,FREE_RANGE,SHORT_PREFERRED,0.0402,0.028169,BEAR,3.0,44.0,0.0,100,1.5,True,True,APPROVE,62,"```json
{
  ""direction"": ""SHORT"",
  ""confidence"": 62,
  ""long_score"": 25,
  ""short_score"": 72,
  ""preferred_direction"": ""SHORT"",
  ""entry_zone_low"": 60950,
  ""entry_zone_high"": 61150,
  ""limit_price"": 61050,
  ""expected_mfe"": 180,
  ""expected_mae"": 120,
  ""reversal_probability"": 45,
  ""exit_style"": ""AGGRESSIVE"",
  ""reasons_for_trade"": [
    ""Multi-timeframe agreement is BEAR_ALIGNED (15m ranging, 1h/4h bearish)"",
    ""Market structure bias is BEARISH_STRUCTURE with structure_score -3"",
    ""Trend health state is BEAR with bear_score 8 vs bull_score 4"",
    ""EMA stack shows price below EMA200 (-2.3%) and EMA9 slope negative"",
    ""ADX at 22.11 is below 25 but trending market risk is false, mean reversion risk true"",
    ""Orderflow delta is negative (-3.48) and volume ratio elevated (3.03) supporting bearish momentum"",
    ""Liquidity sweep low detected, suggesting bearish continuation after sweep"",
    ""Regime is BEAR with BEAR_CONTINUATION market structure shift"",
    ""Funding positive (0.00766% per 8h) favors shorts, longs paying""
  ],
  ""reasons_against_trade"": [
    ""Price is near micro support (60741) and recent low (59132), increasing bounce risk"",
    ""Reversal risk score is 45, indicating moderate reversal probability"",
    ""Higher low detected on micro structure could signal potential bottom"",
    ""ADX below 25 suggests trend strength is not strong, mean reversion possible"",
    ""Entry near support historically reduces short expectancy without strong continuation""
  ],
  ""bull_score"": 3,
  ""bear_score"": 8
}
```

**Direction:** SHORT  
**Win probability:** 62%  
**Long score:** 25  
**Short score:** 72  
**Bull score:** 3/10  
**Bear score:** 8/10  
**Decision:** APPROVE  
**Reason:** Bearish alignment across MTF, structure, trend health, and orderflow strongly favors continuation. Price near support (60741) introduces bounce risk, but the bearish case outweighs with higher scores and no reversal confirmation. Entry above current price (pullback to 61050) aligns with short continuation strategy.",60911.21,60918.0,MAKER,TAKER,0.03287,65.21,317.9,-0.22,-0.22,0.0,0.0,-0.0,-0.0,-1.11,300.412337,THESIS_INVALIDATED,-3.484302,3.029797,3.8e-05,0.103346,False,True,"{'price': 60846.0, 'ret_1m': 4.9304802287742826e-05, 'ret_5m': 0.000542620363062352, 'ema9': 60902.66354127441, 'ema21': 60845.090708304284, 'ema200': 62277.20143689341, 'dist_to_support': 0.02816947704039707, 'dist_to_resistance': 0.040199848798606316, 'volume': 0.0154, 'volume_ratio': 3.0297971023541783, 'delta': -3.4843024900001027, 'velocity': 3.781728904574656e-05, 'imbalance': 0.1033464124666085, 'candle_range': 22.0, 'body_ratio': 0.8313171645469781, 'wick_ratio': 0.1686828354530218}",1.5,"{'early_fail_enabled': True, 'invert_signal': False, 'ai_enabled': True, 'edge_threshold': 3.0, 'edge_threshold_max': None, 'edge_range_preset': 'min_only', 'ai_threshold': 44.0, 'leverage': 100, 'pullback_threshold': 0.001}","{'ema9': 60902.66354127441, 'ema21': 60845.090708304284, 'ema200': 62277.20143689341, 'ema_spread': 0.000946, 'ema9_slope_pct': -0.1105, 'ema21_slope_pct': -0.0072, 'ema9_above_ema21': True, 'ema21_above_ema200': False}",WEAK_SETUP,1.5,1.5,False,True,INV_False_EF_True,SHORT,12,8,SCENARIO_C_EARLY_12_v2_frozen,40.0,10.0,-12.0,2.0,8.0,300,1,2,-32.0,False,False,True,False,480,3,5.0,False,5,0.75,"[[12, 8], [15, 10], [25, 18], [40, 28], [60, 45], [80, 60], [100, 75], [150, 120]]","{""trail_ladder"": [[12, 8], [15, 10], [25, 18], [40, 28], [60, 45], [80, 60], [100, 75], [150, 120]], ""ladder_first_trigger_pct"": 12, ""ladder_first_lock_pct"": 8, ""exit_profile_id"": ""SCENARIO_C_EARLY_12_v2_frozen"", ""peak_never_loser_min_peak"": 40.0, ""peak_never_loser_floor"": 10.0, ""thesis_fast_exit_unreal_pct"": -12.0, ""thesis_mfe_protect_pct"": 2.0, ""thesis_exit_if_above_unreal_pct"": 8.0, ""thesis_min_age_sec"": 300, ""thesis_score_flip_margin"": 1, ""thesis_early_decay_delta"": 2, ""early_fail_pct_threshold"": -32.0, ""type_a_first_candle_enabled"": false, ""type_a_early_fail_enabled"": false, ""scenario_c_exit_profile"": true, ""type_a_stall_enabled"": false, ""type_a_stall_min_age_sec"": 480, ""type_a_stall_min_candles"": 3, ""type_a_stall_max_mfe_pct"": 5.0, ""trend_weakening_enabled"": false, ""spread_penalty_threshold"": 5, ""spread_penalty_margin_mult"": 0.75}",2026-06-25T01:28:17.239775+00:00,2026-06-25 11:28:17 AEST,2026-06-25 11:28:17 AEST
2026-06-25T01:30:33.512943+00:00,c604c-92f282211ce9,SHORT,60954.1,60914.17,2.331584,6.56,20.0,4,1.31,1.31,0.0,0.0,-0.0,-0.0,PROFIT_LOCK_LADDER,100,0.22,62,44.0,True,SIM_LIMIT,AI_DIRECT_LIMIT,,,,,0,BEAR,SR,60-70,SPAWN,-3,-3,BEARISH_STRUCTURE,CONFLICTED,22.4,-3,3,7,0.00891,bitfinex,tBTCF0:USTF0,v10.7-fresh-scope-relay-audit-2026-06-25,BITFINEX_ZERO,v10.7-fresh-scope-relay-audit-2026-06-25,COMBO_604_SP4_CHASE_3PLUS,AI60-65 · Spread4 · Chase 3+,APPROVE,60966.0,0.038152,0.030082,FREE_RANGE,0.000882,1.0,22.0,2.331585,0.0,12.484804,242.91,242.91,242.91,0-5m,AI_DIRECT,AI_DIRECT_CHASE,5,,11.9,0.0,0.0711,0.0711,False,0.0,0.0,-0.000857,0.000125,0.027871,0.090809,-3.621267,0.0,0.105806,60966.0,60923.463541,60854.545254,62278.236263,0.001133,FREE_RANGE,SHORT_PREFERRED,0.038152,0.030082,BEAR,3.0,44.0,0.0,100,0.4,True,True,APPROVE,62,"```json
{
  ""direction"": ""SHORT"",
  ""confidence"": 62,
  ""long_score"": 28,
  ""short_score"": 72,
  ""preferred_direction"": ""SHORT"",
  ""entry_zone_low"": 61050,
  ""entry_zone_high"": 61200,
  ""limit_price"": 61125,
  ""expected_mfe"": 180,
  ""expected_mae"": 80,
  ""reversal_probability"": 63,
  ""exit_style"": ""AGGRESSIVE"",
  ""reasons_for_trade"": [
    ""BEAR regime with intact trend health (bear_score 6 vs bull_score 4)"",
    ""Multi-timeframe alignment: 1h and 4h bearish, only 15m bullish (conflicted but HTF bear dominant)"",
    ""Market structure bias is BEARISH_STRUCTURE with structure_score -3"",
    ""Price below EMA200 (-2.13%) and EMA stack not bullish (ema21 below ema200)"",
    ""ADX 22.4 near trending threshold, trend_score -3 supports bear continuation"",
    ""Liquidity sweep low already occurred, suggesting potential retest of resistance before further downside"",
    ""Funding positive (0.0083% per 8h) favors shorts, longs paying"",
    ""Compression regime after expansion suggests potential breakout continuation downward""
  ],
  ""reasons_against_trade"": [
    ""Price near micro support (60741) with only 0.35% distance, bounce risk elevated"",
    ""Reversal probability 63% indicates non-trivial chance of upward move"",
    ""15m timeframe shows BULLISH trend, short-term momentum conflicting"",
    ""Higher low detected on micro structure could indicate bottoming process"",
    ""Volume ratio very low (0.128), suggesting lack of conviction in current move"",
    ""Edge score (0.4) well below threshold (3.0), indicating weak edge telemetry""
  ],
  ""bull_score"": 3,
  ""bear_score"": 7
}
```",60954.1,60914.17,MAKER,TAKER,0.032805,11.9,242.91,1.31,1.31,0.0,0.0,-0.0,-0.0,6.56,139.895176,PROFIT_LOCK_LADDER,-3.621267,0.090809,0.000125,0.105806,False,True,"{'price': 60966.0, 'ret_1m': 0.0, 'ret_5m': 0.001363270535288997, 'ema9': 60923.4635412744, 'ema21': 60854.54525375883, 'ema200': 62278.23626276406, 'dist_to_support': 0.030082340976937967, 'dist_to_resistance': 0.038152412820260474, 'volume': 0.027871197000000004, 'volume_ratio': 0.09080889072799089, 'delta': -3.6212668460001196, 'velocity': 0.00012476985147538727, 'imbalance': 0.10580587443544838, 'candle_range': 22.0, 'body_ratio': 0.8313171645469781, 'wick_ratio': 0.1686828354530218}",0.4,"{'early_fail_enabled': True, 'invert_signal': False, 'ai_enabled': True, 'edge_threshold': 3.0, 'edge_threshold_max': None, 'edge_range_preset': 'min_only', 'ai_threshold': 44.0, 'leverage': 100, 'pullback_threshold': 0.001}","{'ema9': 60923.4635412744, 'ema21': 60854.54525375883, 'ema200': 62278.23626276406, 'ema_spread': 0.001133, 'ema9_slope_pct': -0.0764, 'ema21_slope_pct': 0.0084, 'ema9_above_ema21': True, 'ema21_above_ema200': False}",WEAK_SETUP,0.4,0.4,False,True,INV_False_EF_True,SHORT,12,8,SCENARIO_C_EARLY_12_v2_frozen,40.0,10.0,-12.0,2.0,8.0,300,1,2,-32.0,False,False,True,False,480,3,5.0,False,5,0.75,"[[12, 8], [15, 10], [25, 18], [40, 28], [60, 45], [80, 60], [100, 75], [150, 120]]","{""trail_ladder"": [[12, 8], [15, 10], [25, 18], [40, 28], [60, 45], [80, 60], [100, 75], [150, 120]], ""ladder_first_trigger_pct"": 12, ""ladder_first_lock_pct"": 8, ""exit_profile_id"": ""SCENARIO_C_EARLY_12_v2_frozen"", ""peak_never_loser_min_peak"": 40.0, ""peak_never_loser_floor"": 10.0, ""thesis_fast_exit_unreal_pct"": -12.0, ""thesis_mfe_protect_pct"": 2.0, ""thesis_exit_if_above_unreal_pct"": 8.0, ""thesis_min_age_sec"": 300, ""thesis_score_flip_margin"": 1, ""thesis_early_decay_delta"": 2, ""early_fail_pct_threshold"": -32.0, ""type_a_first_candle_enabled"": false, ""type_a_early_fail_enabled"": false, ""scenario_c_exit_profile"": true, ""type_a_stall_enabled"": false, ""type_a_stall_min_age_sec"": 480, ""type_a_stall_min_candles"": 3, ""type_a_stall_max_mfe_pct"": 5.0, ""trend_weakening_enabled"": false, ""spread_penalty_threshold"": 5, ""spread_penalty_margin_mult"": 0.75}",2026-06-25T01:30:33.512943+00:00,2026-06-25 11:30:33 AEST,2026-06-25 11:30:33 AEST
2026-06-25T01:30:35.473709+00:00,cont-e719aebec895,SHORT,60952.98,60914.17,1.643385,6.37,20.0,4,1.27,1.27,0.0,0.0,-0.0,-0.0,PROFIT_LOCK_LADDER,100,0.21,62,44.0,True,SIM_LIMIT,AI_DIRECT_LIMIT,,,,,0,BEAR,SR,60-70,SPAWN,-3,-3,BEARISH_STRUCTURE,CONFLICTED,22.4,-3,3,7,0.00891,bitfinex,tBTCF0:USTF0,v10.7-fresh-scope-relay-audit-2026-06-25,BITFINEX_ZERO,v10.7-fresh-scope-relay-audit-2026-06-25,CONTINUOUS,Continuous AI Research,APPROVE,60966.0,0.038118,0.030114,FREE_RANGE,0.000882,1.0,22.0,1.643386,0.0,12.301285,288.176,288.176,288.176,0-5m,AI_DIRECT,AI_DIRECT_CHASE,5,,13.02,0.0,0.0711,0.0711,False,0.0,0.0,-0.000607,0.000144,0.031842,18.031155,-3.695002,0.0,0.108232,60968.0,60923.463541,60854.545254,62278.236263,0.001133,FREE_RANGE,SHORT_PREFERRED,0.038118,0.030114,BEAR,3.0,44.0,0.0,100,0.4,True,True,APPROVE,62,"```json
{
  ""direction"": ""SHORT"",
  ""confidence"": 62,
  ""long_score"": 28,
  ""short_score"": 72,
  ""preferred_direction"": ""SHORT"",
  ""entry_zone_low"": 61050,
  ""entry_zone_high"": 61200,
  ""limit_price"": 61125,
  ""expected_mfe"": 180,
  ""expected_mae"": 80,
  ""reversal_probability"": 63,
  ""exit_style"": ""AGGRESSIVE"",
  ""reasons_for_trade"": [
    ""BEAR regime with intact trend health (bear_score 6 vs bull_score 4)"",
    ""Multi-timeframe alignment: 1h and 4h bearish, only 15m bullish (conflicted but HTF bear dominant)"",
    ""Market structure bias is BEARISH_STRUCTURE with structure_score -3"",
    ""Price below EMA200 (-2.13%) and EMA stack not bullish (ema21 below ema200)"",
    ""ADX 22.4 near trending threshold, trend_score -3 supports bear continuation"",
    ""Liquidity sweep low already occurred, suggesting potential retest of resistance before further downside"",
    ""Funding positive (0.0083% per 8h) favors shorts, longs paying"",
    ""Compression regime after expansion suggests potential breakout continuation downward""
  ],
  ""reasons_against_trade"": [
    ""Price near micro support (60741) with only 0.35% distance, bounce risk elevated"",
    ""Reversal probability 63% indicates non-trivial chance of upward move"",
    ""15m timeframe shows BULLISH trend, short-term momentum conflicting"",
    ""Higher low detected on micro structure could indicate bottoming process"",
    ""Volume ratio very low (0.128), suggesting lack of conviction in current move"",
    ""Edge score (0.4) well below threshold (3.0), indicating weak edge telemetry""
  ],
  ""bull_score"": 3,
  ""bear_score"": 7
}
```",60952.98,60914.17,MAKER,TAKER,0.032805,13.02,288.176,1.27,1.27,0.0,0.0,-0.0,-0.0,6.37,98.603219,PROFIT_LOCK_LADDER,-3.695002,18.031155,0.000144,0.108232,False,True,"{'price': 60968.0, 'ret_1m': 0.00029532403609516, 'ret_5m': 0.0017087276550998948, 'ema9': 60923.4635412744, 'ema21': 60854.54525375883, 'ema200': 62278.23626276406, 'dist_to_support': 0.03011415824694922, 'dist_to_resistance': 0.03811835717097494, 'volume': 0.031842023, 'volume_ratio': 18.031155213495435, 'delta': -3.6950022680001195, 'velocity': 0.00014447604335839247, 'imbalance': 0.10823220234405025, 'candle_range': 22.0, 'body_ratio': 0.8313171645469781, 'wick_ratio': 0.1686828354530218}",0.4,"{'early_fail_enabled': True, 'invert_signal': False, 'ai_enabled': True, 'edge_threshold': 3.0, 'edge_threshold_max': None, 'edge_range_preset': 'min_only', 'ai_threshold': 44.0, 'leverage': 100, 'pullback_threshold': 0.001}","{'ema9': 60923.4635412744, 'ema21': 60854.54525375883, 'ema200': 62278.23626276406, 'ema_spread': 0.001133, 'ema9_slope_pct': -0.0764, 'ema21_slope_pct': 0.0084, 'ema9_above_ema21': True, 'ema21_above_ema200': False}",WEAK_SETUP,0.4,0.4,False,True,INV_False_EF_True,SHORT,12,8,SCENARIO_C_EARLY_12_v2_frozen,40.0,10.0,-12.0,2.0,8.0,300,1,2,-32.0,False,False,True,False,480,3,5.0,False,5,0.75,"[[12, 8], [15, 10], [25, 18], [40, 28], [60, 45], [80, 60], [100, 75], [150, 120]]","{""trail_ladder"": [[12, 8], [15, 10], [25, 18], [40, 28], [60, 45], [80, 60], [100, 75], [150, 120]], ""ladder_first_trigger_pct"": 12, ""ladder_first_lock_pct"": 8, ""exit_profile_id"": ""SCENARIO_C_EARLY_12_v2_frozen"", ""peak_never_loser_min_peak"": 40.0, ""peak_never_loser_floor"": 10.0, ""thesis_fast_exit_unreal_pct"": -12.0, ""thesis_mfe_protect_pct"": 2.0, ""thesis_exit_if_above_unreal_pct"": 8.0, ""thesis_min_age_sec"": 300, ""thesis_score_flip_margin"": 1, ""thesis_early_decay_delta"": 2, ""early_fail_pct_threshold"": -32.0, ""type_a_first_candle_enabled"": false, ""type_a_early_fail_enabled"": false, ""scenario_c_exit_profile"": true, ""type_a_stall_enabled"": false, ""type_a_stall_min_age_sec"": 480, ""type_a_stall_min_candles"": 3, ""type_a_stall_max_mfe_pct"": 5.0, ""trend_weakening_enabled"": false, ""spread_penalty_threshold"": 5, ""spread_penalty_margin_mult"": 0.75}",2026-06-25T01:30:35.473709+00:00,2026-06-25 11:30:35 AEST,2026-06-25 11:30:35 AEST
2026-06-25T01:39:51.201408+00:00,cont-74b9df135e84,SHORT,60915.14,60912.0,5.01741,0.53,20.0,4,0.11,0.1,0.0,0.0,-0.0,-0.0,THESIS_INVALIDATED,100,0.02,62,44.0,True,SIM_LIMIT,AI_DIRECT_LIMIT,,,,,0,BEAR,SR,60-70,SPAWN,-3,-3,BEARISH_STRUCTURE,MIXED,21.32,-3,3,7,0.0098,bitfinex,tBTCF0:USTF0,v10.7-fresh-scope-relay-audit-2026-06-25,BITFINEX_ZERO,v10.7-fresh-scope-relay-audit-2026-06-25,CONTINUOUS,Continuous AI Research,APPROVE,60894.0,0.03938,0.028936,FREE_RANGE,0.000943,0.525365,22.2,5.017411,-3.752762,10.693565,242.903,242.903,242.903,0-5m,AI_DIRECT,AI_DIRECT_CHASE,5,,21.14,0.0,0.0,0.0,False,0.0,0.0,-0.002002,-2.1e-05,0.004829,0.091051,-3.384324,0.0,0.09694,60894.0,60906.010833,60852.322132,62264.46762,0.000882,FREE_RANGE,SHORT_PREFERRED,0.03938,0.028936,BEAR,3.0,44.0,0.0,100,2.7,True,True,APPROVE,62,"```json
{
  ""direction"": ""SHORT"",
  ""confidence"": 62,
  ""long_score"": 28,
  ""short_score"": 72,
  ""preferred_direction"": ""SHORT"",
  ""entry_zone_low"": 60950,
  ""entry_zone_high"": 61150,
  ""limit_price"": 61050,
  ""expected_mfe"": 180,
  ""expected_mae"": 120,
  ""reversal_probability"": 43,
  ""exit_style"": ""AGGRESSIVE"",
  ""reasons_for_trade"": [
    ""BEAR regime with BEARISH_STRUCTURE and BEAR_CONTINUATION market structure shift"",
    ""Trend health state is BEAR with bear_score (6) > bull_score (4)"",
    ""Multi-timeframe agreement shows 4h BEARISH, 1h RANGING, 15m RANGING - no bullish alignment to counter bear trend"",
    ""ADX at 21.32 is below 25 but trending market risk is low; mean reversion risk noted but not confirmed"",
    ""Liquidity sweep low already occurred (bearish signal), no sweep high - suggests downside continuation"",
    ""Volume ratio extremely low (0.012) - low participation favors continuation of existing trend"",
    ""Negative delta (-3.38) and negative velocity confirm selling pressure"",
    ""Funding rate positive (0.00891% per 8h) - shorts receive funding, aligning with bearish bias"",
    ""Price below EMA200 (62264) and EMA9 slope negative - bearish EMA alignment"",
    ""Edge score (2.7) below threshold (3.0) but not a strong reversal signal - continuation still favored""
  ],
  ""reasons_against_trade"": [
    ""Price near micro support (60741) - bounce risk from support zone"",
    ""Reversal risk score at 43 - moderate probability of reversal from current levels"",
    ""EMA9 above EMA21 (bullish cross on short timeframe) - potential short-term bullish momentum"",
    ""Low ADX suggests ranging/compression - not ideal for strong directional continuation"",
    ""Distance to support (2.87%) is closer than resistance (3.97%) - limited downside room before support"",
    ""Compression regime detected - may lead to breakout in either direction""
  ],
  ""bull_score"": 3,
  ""bear_score"": 7
}
```

Direction: SHORT
Win probability: 62%
Long score: 28
Short score: 72
Bull score: 3
Bear score: 7
Decision: APPROVE
Reason: Bearish structure, trend health, and market regime all align for short continuation. Price is near micro support but lacks reversal confirmation (no higher low, no bullish structure shift). Low volume and negative delta support downside. Entry above current price (pullback to resistance zone) with aggressive exit to capture quick move toward support.",60915.14,60912.0,MAKER,TAKER,0.032844,21.14,242.903,0.11,0.1,0.0,0.0,-0.0,-0.0,0.53,301.044678,THESIS_INVALIDATED,-3.384324,0.091051,-2.1e-05,0.09694,False,True,"{'price': 60894.0, 'ret_1m': 0.0, 'ret_5m': -0.0002626826465276638, 'ema9': 60906.01083301952, 'ema21': 60852.322131530134, 'ema200': 62264.4676195511, 'dist_to_support': 0.028935527309751373, 'dist_to_resistance': 0.039379906066279106, 'volume': 0.004829300999999999, 'volume_ratio': 0.09105142912502125, 'delta': -3.384324445000119, 'velocity': -2.1325170952473413e-05, 'imbalance': 0.09693976329468473, 'candle_range': 22.2, 'body_ratio': 0.8313171645469783, 'wick_ratio': 0.1686828354530218}",2.7,"{'early_fail_enabled': True, 'invert_signal': False, 'ai_enabled': True, 'edge_threshold': 3.0, 'edge_threshold_max': None, 'edge_range_preset': 'min_only', 'ai_threshold': 44.0, 'leverage': 100, 'pullback_threshold': 0.001}","{'ema9': 60906.01083301952, 'ema21': 60852.322131530134, 'ema200': 62264.4676195511, 'ema_spread': 0.000882, 'ema9_slope_pct': -0.0657, 'ema21_slope_pct': 0.0046, 'ema9_above_ema21': True, 'ema21_above_ema200': False}",MOMENTUM_SHORT,2.7,2.7,False,True,INV_False_EF_True,SHORT,12,8,SCENARIO_C_EARLY_12_v2_frozen,40.0,10.0,-12.0,2.0,8.0,300,1,2,-32.0,False,False,True,False,480,3,5.0,False,5,0.75,"[[12, 8], [15, 10], [25, 18], [40, 28], [60, 45], [80, 60], [100, 75], [150, 120]]","{""trail_ladder"": [[12, 8], [15, 10], [25, 18], [40, 28], [60, 45], [80, 60], [100, 75], [150, 120]], ""ladder_first_trigger_pct"": 12, ""ladder_first_lock_pct"": 8, ""exit_profile_id"": ""SCENARIO_C_EARLY_12_v2_frozen"", ""peak_never_loser_min_peak"": 40.0, ""peak_never_loser_floor"": 10.0, ""thesis_fast_exit_unreal_pct"": -12.0, ""thesis_mfe_protect_pct"": 2.0, ""thesis_exit_if_above_unreal_pct"": 8.0, ""thesis_min_age_sec"": 300, ""thesis_score_flip_margin"": 1, ""thesis_early_decay_delta"": 2, ""early_fail_pct_threshold"": -32.0, ""type_a_first_candle_enabled"": false, ""type_a_early_fail_enabled"": false, ""scenario_c_exit_profile"": true, ""type_a_stall_enabled"": false, ""type_a_stall_min_age_sec"": 480, ""type_a_stall_min_candles"": 3, ""type_a_stall_max_mfe_pct"": 5.0, ""trend_weakening_enabled"": false, ""spread_penalty_threshold"": 5, ""spread_penalty_margin_mult"": 0.75}",2026-06-25T01:39:51.201408+00:00,2026-06-25 11:39:51 AEST,2026-06-25 11:39:51 AEST
2026-06-25T01:39:52.250245+00:00,c604c-acc9c6b97833,SHORT,60918.04,60912.0,5.012211,1.0,20.0,4,0.2,0.2,0.0,0.0,-0.0,-0.0,THESIS_INVALIDATED,100,0.03,62,44.0,True,SIM_LIMIT,AI_DIRECT_LIMIT,,,,,0,BEAR,SR,60-70,SPAWN,-3,-3,BEARISH_STRUCTURE,MIXED,21.32,-3,3,7,0.0098,bitfinex,tBTCF0:USTF0,v10.7-fresh-scope-relay-audit-2026-06-25,BITFINEX_ZERO,v10.7-fresh-scope-relay-audit-2026-06-25,COMBO_604_SP4_CHASE_3PLUS,AI60-65 · Spread4 · Chase 3+,APPROVE,60894.0,0.03938,0.028936,FREE_RANGE,0.000943,0.525365,22.2,5.012212,-3.276534,11.169105,243.435,243.435,243.435,0-5m,AI_DIRECT,AI_DIRECT_CHASE,5,,24.04,0.0,0.0,0.0,False,0.0,0.0,-0.002001,-2.1e-05,0.004829,0.091051,-3.384324,0.0,0.09694,60894.0,60906.010833,60852.322132,62264.46762,0.000882,FREE_RANGE,SHORT_PREFERRED,0.03938,0.028936,BEAR,3.0,44.0,0.0,100,2.7,True,True,APPROVE,62,"```json
{
  ""direction"": ""SHORT"",
  ""confidence"": 62,
  ""long_score"": 28,
  ""short_score"": 72,
  ""preferred_direction"": ""SHORT"",
  ""entry_zone_low"": 60950,
  ""entry_zone_high"": 61150,
  ""limit_price"": 61050,
  ""expected_mfe"": 180,
  ""expected_mae"": 120,
  ""reversal_probability"": 43,
  ""exit_style"": ""AGGRESSIVE"",
  ""reasons_for_trade"": [
    ""BEAR regime with BEARISH_STRUCTURE and BEAR_CONTINUATION market structure shift"",
    ""Trend health state is BEAR with bear_score (6) > bull_score (4)"",
    ""Multi-timeframe agreement shows 4h BEARISH, 1h RANGING, 15m RANGING - no bullish alignment to counter bear trend"",
    ""ADX at 21.32 is below 25 but trending market risk is low; mean reversion risk noted but not confirmed"",
    ""Liquidity sweep low already occurred (bearish signal), no sweep high - suggests downside continuation"",
    ""Volume ratio extremely low (0.012) - low participation favors continuation of existing trend"",
    ""Negative delta (-3.38) and negative velocity confirm selling pressure"",
    ""Funding rate positive (0.00891% per 8h) - shorts receive funding, aligning with bearish bias"",
    ""Price below EMA200 (62264) and EMA9 slope negative - bearish EMA alignment"",
    ""Edge score (2.7) below threshold (3.0) but not a strong reversal signal - continuation still favored""
  ],
  ""reasons_against_trade"": [
    ""Price near micro support (60741) - bounce risk from support zone"",
    ""Reversal risk score at 43 - moderate probability of reversal from current levels"",
    ""EMA9 above EMA21 (bullish cross on short timeframe) - potential short-term bullish momentum"",
    ""Low ADX suggests ranging/compression - not ideal for strong directional continuation"",
    ""Distance to support (2.87%) is closer than resistance (3.97%) - limited downside room before support"",
    ""Compression regime detected - may lead to breakout in either direction""
  ],
  ""bull_score"": 3,
  ""bear_score"": 7
}
```

Direction: SHORT
Win probability: 62%
Long score: 28
Short score: 72
Bull score: 3
Bear score: 7
Decision: APPROVE
Reason: Bearish structure, trend health, and market regime all align for short continuation. Price is near micro support but lacks reversal confirmation (no higher low, no bullish structure shift). Low volume and negative delta support downside. Entry above current price (pullback to resistance zone) with aggressive exit to capture quick move toward support.",60918.04,60912.0,MAKER,TAKER,0.032844,24.04,243.435,0.2,0.2,0.0,0.0,-0.0,-0.0,1.0,300.732772,THESIS_INVALIDATED,-3.384324,0.091051,-2.1e-05,0.09694,False,True,"{'price': 60894.0, 'ret_1m': 0.0, 'ret_5m': -0.0002626826465276638, 'ema9': 60906.01083301952, 'ema21': 60852.322131530134, 'ema200': 62264.4676195511, 'dist_to_support': 0.028935527309751373, 'dist_to_resistance': 0.039379906066279106, 'volume': 0.004829300999999999, 'volume_ratio': 0.09105142912502125, 'delta': -3.384324445000119, 'velocity': -2.1325170952473413e-05, 'imbalance': 0.09693976329468473, 'candle_range': 22.2, 'body_ratio': 0.8313171645469783, 'wick_ratio': 0.1686828354530218}",2.7,"{'early_fail_enabled': True, 'invert_signal': False, 'ai_enabled': True, 'edge_threshold': 3.0, 'edge_threshold_max': None, 'edge_range_preset': 'min_only', 'ai_threshold': 44.0, 'leverage': 100, 'pullback_threshold': 0.001}","{'ema9': 60906.01083301952, 'ema21': 60852.322131530134, 'ema200': 62264.4676195511, 'ema_spread': 0.000882, 'ema9_slope_pct': -0.0657, 'ema21_slope_pct': 0.0046, 'ema9_above_ema21': True, 'ema21_above_ema200': False}",MOMENTUM_SHORT,2.7,2.7,False,True,INV_False_EF_True,SHORT,12,8,SCENARIO_C_EARLY_12_v2_frozen,40.0,10.0,-12.0,2.0,8.0,300,1,2,-32.0,False,False,True,False,480,3,5.0,False,5,0.75,"[[12, 8], [15, 10], [25, 18], [40, 28], [60, 45], [80, 60], [100, 75], [150, 120]]","{""trail_ladder"": [[12, 8], [15, 10], [25, 18], [40, 28], [60, 45], [80, 60], [100, 75], [150, 120]], ""ladder_first_trigger_pct"": 12, ""ladder_first_lock_pct"": 8, ""exit_profile_id"": ""SCENARIO_C_EARLY_12_v2_frozen"", ""peak_never_loser_min_peak"": 40.0, ""peak_never_loser_floor"": 10.0, ""thesis_fast_exit_unreal_pct"": -12.0, ""thesis_mfe_protect_pct"": 2.0, ""thesis_exit_if_above_unreal_pct"": 8.0, ""thesis_min_age_sec"": 300, ""thesis_score_flip_margin"": 1, ""thesis_early_decay_delta"": 2, ""early_fail_pct_threshold"": -32.0, ""type_a_first_candle_enabled"": false, ""type_a_early_fail_enabled"": false, ""scenario_c_exit_profile"": true, ""type_a_stall_enabled"": false, ""type_a_stall_min_age_sec"": 480, ""type_a_stall_min_candles"": 3, ""type_a_stall_max_mfe_pct"": 5.0, ""trend_weakening_enabled"": false, ""spread_penalty_threshold"": 5, ""spread_penalty_margin_mult"": 0.75}",2026-06-25T01:39:52.250245+00:00,2026-06-25 11:39:52 AEST,2026-06-25 11:39:52 AEST
2026-06-25T01:50:53.492972+00:00,c604c-fd1397105059,SHORT,60887.39,60961.0,1.052093,-12.09,20.0,4,-2.42,-2.42,0.0,0.0,-0.0,-0.0,THESIS_FAST_CUT,100,0.4,62,44.0,True,SIM_LIMIT,AI_DIRECT_LIMIT,,,,,0,BEAR,SR,60-70,SPAWN,-3,-3,BEARISH_STRUCTURE,MIXED,21.32,-3,3,7,0.0109,bitfinex,tBTCF0:USTF0,v10.7-fresh-scope-relay-audit-2026-06-25,BITFINEX_ZERO,v10.7-fresh-scope-relay-audit-2026-06-25,COMBO_604_SP4_CHASE_3PLUS,AI60-65 · Spread4 · Chase 3+,APPROVE,60858.0,0.039978,0.028377,FREE_RANGE,0.000828,0.657171,22.2,1.052094,-12.089531,0.0,356.837,356.837,356.837,5-15m,AI_DIRECT,AI_DIRECT_CHASE,5,,29.39,0.0,0.0,0.0,False,0.0,0.0,-0.000476,-3e-05,0.015055,0.078546,-3.731744,0.0,0.105522,60875.0,60905.210833,60851.958495,62264.427819,0.000875,FREE_RANGE,SHORT_PREFERRED,0.039978,0.028377,BEAR,3.0,44.0,0.0,100,2.3,True,True,APPROVE,62,"```json
{
  ""direction"": ""SHORT"",
  ""confidence"": 62,
  ""long_score"": 28,
  ""short_score"": 72,
  ""preferred_direction"": ""SHORT"",
  ""entry_zone_low"": 60859.0,
  ""entry_zone_high"": 61198.0,
  ""limit_price"": 61028.5,
  ""expected_mfe"": 0.008,
  ""expected_mae"": 0.004,
  ""reversal_probability"": 43,
  ""exit_style"": ""AGGRESSIVE"",
  ""reasons_for_trade"": [
    ""BEAR regime with intact trend health (bear_score 6 vs bull_score 4)"",
    ""Market structure bias BEARISH_STRUCTURE with structure_score -3 and BEAR_CONTINUATION shift"",
    ""Multi-timeframe agreement MIXED but 4h BEARISH dominates, no bull TF alignment"",
    ""Price below EMA200 (-2.26%) and EMA9 slope negative, EMA stack not bullish"",
    ""Liquidity sweep low already occurred, suggesting downside continuation potential"",
    ""Funding positive (0.01019% per 8h) favors shorts, longs paying"",
    ""ADX 21.32 below 25 but trending market recently (COMPRESSION regime after TRENDING)"",
    ""Edge_score 2.3 below threshold 3.0, indicating weak edge for longs""
  ],
  ""reasons_against_trade"": [
    ""Price near micro support (60741) with only 0.19% distance, bounce risk elevated"",
    ""Reversal risk score 43 suggests moderate reversal probability"",
    ""Volume ratio very low (0.0785), indicating low participation"",
    ""EMA9 above EMA21 (short-term bullish cross), price near EMA9"",
    ""COMPRESSION regime may precede expansion in either direction""
  ],
  ""bull_score"": 3,
  ""bear_score"": 7
}
```",60887.39,60961.0,MAKER,TAKER,0.032863,29.39,356.837,-2.42,-2.42,0.0,0.0,-0.0,-0.0,-12.09,63.125689,THESIS_FAST_CUT,-3.731744,0.078546,-3e-05,0.105522,False,True,"{'price': 60859.0, 'ret_1m': -0.00013143411043751128, 'ret_5m': 9.859826138399093e-05, 'ema9': 60905.210833019526, 'ema21': 60851.9584951665, 'ema200': 62264.427818556076, 'dist_to_support': 0.0283770683054273, 'dist_to_resistance': 0.03997765326410227, 'volume': 0.015054660000000001, 'volume_ratio': 0.07854613594820146, 'delta': -3.7317439950002074, 'velocity': -2.9568572188384183e-05, 'imbalance': 0.10552164795471879, 'candle_range': 22.2, 'body_ratio': 0.8313171645469783, 'wick_ratio': 0.1686828354530218}",2.3,"{'early_fail_enabled': True, 'invert_signal': False, 'ai_enabled': True, 'edge_threshold': 3.0, 'edge_threshold_max': None, 'edge_range_preset': 'min_only', 'ai_threshold': 44.0, 'leverage': 100, 'pullback_threshold': 0.001}","{'ema9': 60905.210833019526, 'ema21': 60851.9584951665, 'ema200': 62264.427818556076, 'ema_spread': 0.000875, 'ema9_slope_pct': -0.067, 'ema21_slope_pct': 0.004, 'ema9_above_ema21': True, 'ema21_above_ema200': False}",MOMENTUM_SHORT,2.3,2.3,False,True,INV_False_EF_True,SHORT,12,8,SCENARIO_C_EARLY_12_v2_frozen,40.0,10.0,-12.0,2.0,8.0,300,1,2,-32.0,False,False,True,False,480,3,5.0,False,5,0.75,"[[12, 8], [15, 10], [25, 18], [40, 28], [60, 45], [80, 60], [100, 75], [150, 120]]","{""trail_ladder"": [[12, 8], [15, 10], [25, 18], [40, 28], [60, 45], [80, 60], [100, 75], [150, 120]], ""ladder_first_trigger_pct"": 12, ""ladder_first_lock_pct"": 8, ""exit_profile_id"": ""SCENARIO_C_EARLY_12_v2_frozen"", ""peak_never_loser_min_peak"": 40.0, ""peak_never_loser_floor"": 10.0, ""thesis_fast_exit_unreal_pct"": -12.0, ""thesis_mfe_protect_pct"": 2.0, ""thesis_exit_if_above_unreal_pct"": 8.0, ""thesis_min_age_sec"": 300, ""thesis_score_flip_margin"": 1, ""thesis_early_decay_delta"": 2, ""early_fail_pct_threshold"": -32.0, ""type_a_first_candle_enabled"": false, ""type_a_early_fail_enabled"": false, ""scenario_c_exit_profile"": true, ""type_a_stall_enabled"": false, ""type_a_stall_min_age_sec"": 480, ""type_a_stall_min_candles"": 3, ""type_a_stall_max_mfe_pct"": 5.0, ""trend_weakening_enabled"": false, ""spread_penalty_threshold"": 5, ""spread_penalty_margin_mult"": 0.75}",2026-06-25T01:50:53.492972+00:00,2026-06-25 11:50:53 AEST,2026-06-25 11:50:53 AEST
2026-06-25T01:51:09.558647+00:00,cont-ec30ac6d6239,SHORT,60888.75,60959.31,5.032198,-11.58,20.0,4,-2.32,-2.32,0.0,0.0,-0.0,-0.0,THESIS_INVALIDATED,100,0.39,58,44.0,True,SIM_LIMIT,AI_DIRECT_LIMIT,,,,,0,BEAR,SR,50-60,SPAWN,-3,-3,BEARISH_STRUCTURE,MIXED,21.32,-3,3,7,0.0109,bitfinex,tBTCF0:USTF0,v10.7-fresh-scope-relay-audit-2026-06-25,BITFINEX_ZERO,v10.7-fresh-scope-relay-audit-2026-06-25,CONTINUOUS,Continuous AI Research,APPROVE,60895.0,0.039363,0.028951,FREE_RANGE,0.000828,0.229878,22.2,5.032198,-14.158609,9.977213,339.89,339.89,339.89,5-15m,AI_DIRECT,AI_DIRECT_CHASE,6,,6.25,0.0,0.0103,0.0103,False,0.0,0.0,-0.002241,-1.8e-05,0.000755,0.611857,-3.531915,0.0,0.100482,60895.0,60905.810833,60852.231222,62264.457669,0.00088,FREE_RANGE,SHORT_PREFERRED,0.039363,0.028951,BEAR,3.0,44.0,0.0,100,2.2,True,True,APPROVE,58,"```json
{
  ""direction"": ""SHORT"",
  ""confidence"": 58,
  ""long_score"": 32,
  ""short_score"": 68,
  ""preferred_direction"": ""SHORT"",
  ""entry_zone_low"": 60950,
  ""entry_zone_high"": 61150,
  ""limit_price"": 61050,
  ""expected_mfe"": 0.0045,
  ""expected_mae"": 0.003,
  ""reversal_probability"": 43,
  ""exit_style"": ""AGGRESSIVE"",
  ""reasons_for_trade"": [
    ""BEAR regime with BEARISH_STRUCTURE and BEAR_CONTINUATION market structure shift"",
    ""Multi-timeframe agreement shows 4h BEARISH, 15m/1h RANGING - no bullish alignment to counter bear trend"",
    ""Trend health state is BEAR with bear_score (6) > bull_score (4), trend intact"",
    ""ADX at 21.32 is below 25 but trending market flag is false - mean reversion risk noted, but structure favors continuation"",
    ""EMA stack not fully bearish (ema9 above ema21) but price below ema200 and ema9 slope negative - bearish tilt"",
    ""Liquidity sweep low detected - suggests bearish pressure already tested downside, potential for further decline"",
    ""Edge score (2.2) below threshold (3.0) but bearish bias from SR state (SHORT_PREFERRED) and regime"",
    ""Funding positive (0.0099% per 8h) favors shorts - longs paying, consistent with bearish sentiment""
  ],
  ""reasons_against_trade"": [
    ""Price near micro support (60741) - bounce risk elevated, especially with reversal_probability at 43"",
    ""Volume ratio very low (0.112) - lack of conviction in current move, could be exhaustion"",
    ""ADX below 25 suggests non-trending conditions - mean reversion possible"",
    ""EMA9 above EMA21 - short-term momentum slightly bullish, conflicting with bearish structure"",
    ""Candle body ratio high (0.83) but range small (22.2) - indecision, not strong directional push"",
    ""Distance to support (2.87%) is closer than resistance (3.96%) - limited downside room before potential bounce""
  ],
  ""bull_score"": 3,
  ""bear_score"": 7
}
```",60888.75,60959.31,MAKER,TAKER,0.032843,6.25,339.89,-2.32,-2.32,0.0,0.0,-0.0,-0.0,-11.58,301.931949,THESIS_INVALIDATED,-3.531915,0.611857,-1.8e-05,0.100482,False,True,"{'price': 60895.0, 'ret_1m': 0.0, 'ret_5m': -0.00011493875406390595, 'ema9': 60905.810833019525, 'ema21': 60852.23122243923, 'ema200': 62264.45766930235, 'dist_to_support': 0.02895147384842762, 'dist_to_resistance': 0.03936283767140159, 'volume': 0.000754951, 'volume_ratio': 0.6118574548345183, 'delta': -3.5319145510001846, 'velocity': -1.8054656873509593e-05, 'imbalance': 0.10048172905911265, 'candle_range': 22.2, 'body_ratio': 0.8313171645469783, 'wick_ratio': 0.1686828354530218}",2.2,"{'early_fail_enabled': True, 'invert_signal': False, 'ai_enabled': True, 'edge_threshold': 3.0, 'edge_threshold_max': None, 'edge_range_preset': 'min_only', 'ai_threshold': 44.0, 'leverage': 100, 'pullback_threshold': 0.001}","{'ema9': 60905.810833019525, 'ema21': 60852.23122243923, 'ema200': 62264.45766930235, 'ema_spread': 0.00088, 'ema9_slope_pct': -0.066, 'ema21_slope_pct': 0.0045, 'ema9_above_ema21': True, 'ema21_above_ema200': False}",MOMENTUM_SHORT,2.2,2.2,False,True,INV_False_EF_True,SHORT,12,8,SCENARIO_C_EARLY_12_v2_frozen,40.0,10.0,-12.0,2.0,8.0,300,1,2,-32.0,False,False,True,False,480,3,5.0,False,5,0.75,"[[12, 8], [15, 10], [25, 18], [40, 28], [60, 45], [80, 60], [100, 75], [150, 120]]","{""trail_ladder"": [[12, 8], [15, 10], [25, 18], [40, 28], [60, 45], [80, 60], [100, 75], [150, 120]], ""ladder_first_trigger_pct"": 12, ""ladder_first_lock_pct"": 8, ""exit_profile_id"": ""SCENARIO_C_EARLY_12_v2_frozen"", ""peak_never_loser_min_peak"": 40.0, ""peak_never_loser_floor"": 10.0, ""thesis_fast_exit_unreal_pct"": -12.0, ""thesis_mfe_protect_pct"": 2.0, ""thesis_exit_if_above_unreal_pct"": 8.0, ""thesis_min_age_sec"": 300, ""thesis_score_flip_margin"": 1, ""thesis_early_decay_delta"": 2, ""early_fail_pct_threshold"": -32.0, ""type_a_first_candle_enabled"": false, ""type_a_early_fail_enabled"": false, ""scenario_c_exit_profile"": true, ""type_a_stall_enabled"": false, ""type_a_stall_min_age_sec"": 480, ""type_a_stall_min_candles"": 3, ""type_a_stall_max_mfe_pct"": 5.0, ""trend_weakening_enabled"": false, ""spread_penalty_threshold"": 5, ""spread_penalty_margin_mult"": 0.75}",2026-06-25T01:51:09.558647+00:00,2026-06-25 11:51:09 AEST,2026-06-25 11:51:09 AEST
2026-06-25T01:59:52.122227+00:00,cont-b16485d188ce,SHORT,61016.63,60934.0,1.139357,13.55,20.0,4,2.71,2.71,0.0,0.0,-0.0,-0.0,PROFIT_LOCK_LADDER,100,0.45,62,44.0,True,SIM_LIMIT,AI_DIRECT_LIMIT,,,,,0,BEAR,SR,60-70,SPAWN,-3,-3,BEARISH_STRUCTURE,CONFLICTED,20.68,-3,3,7,0.01176,bitfinex,tBTCF0:USTF0,v10.7-fresh-scope-relay-audit-2026-06-25,BITFINEX_ZERO,v10.7-fresh-scope-relay-audit-2026-06-25,CONTINUOUS,Continuous AI Research,APPROVE,60999.0,0.037591,0.030607,FREE_RANGE,0.00081,1.0,21.8,1.139358,0.0,15.017217,305.836,305.836,305.836,5-15m,AI_DIRECT,AI_DIRECT_CHASE,4,,17.63,0.0,0.0,0.0,False,0.0,0.0,-0.000556,5.1e-05,0.01185,4.084608,-4.537372,0.0,0.125052,60999.0,60918.448666,60862.598632,62252.471898,0.000918,FREE_RANGE,SHORT_PREFERRED,0.037591,0.030607,BEAR,3.0,44.0,0.0,100,1.0,True,True,APPROVE,62,"```json
{
  ""direction"": ""SHORT"",
  ""confidence"": 62,
  ""long_score"": 30,
  ""short_score"": 72,
  ""preferred_direction"": ""SHORT"",
  ""entry_zone_low"": 61050,
  ""entry_zone_high"": 61200,
  ""limit_price"": 61125,
  ""expected_mfe"": 180,
  ""expected_mae"": 120,
  ""reversal_probability"": 45,
  ""exit_style"": ""AGGRESSIVE"",
  ""reasons_for_trade"": [
    ""BEAR regime with intact trend health (bear_score 6 vs bull_score 4)"",
    ""Market structure bearish (LL/HL sequence, structure_score -3)"",
    ""Price below EMA200 (-2.05%) confirming bearish macro context"",
    ""Volume ratio elevated (4.08) with negative delta (-4.54) supporting selling pressure"",
    ""Liquidity sweep low already occurred, suggesting potential continuation lower"",
    ""Funding positive (0.01121% per 8h) favoring shorts, longs paying"",
    ""ADX 20.68 near trending threshold, mean reversion risk noted but bearish structure intact""
  ],
  ""reasons_against_trade"": [
    ""Price near micro support (60741) and recent low (59132) - bounce risk elevated"",
    ""MTF conflicted (15m bullish, 1h ranging, 4h bearish) reduces conviction"",
    ""EMA9/21 bullish cross (price above both) suggests short-term upward momentum"",
    ""Reversal probability 45% indicates non-trivial bounce risk near support"",
    ""Edge score below threshold (1.0 vs 3.0) - telemetry suggests caution""
  ],
  ""bull_score"": 3,
  ""bear_score"": 7
}
```

**Direction:** SHORT  
**Win probability:** 62%  
**Long score:** 30  
**Short score:** 72  
**Bull score:** 3/10  
**Bear score:** 7/10  
**Decision:** APPROVE  
**Reason:** Bearish structure, negative delta, elevated volume, and funding favoring shorts outweigh short-term bullish EMA cross and proximity to support. Continuation bias preferred over reversal given intact bear trend health and lack of strong reversal confirmation. Entry above current price (pullback to micro resistance ~61198) aligns with bearish continuation strategy.",61016.63,60934.0,MAKER,TAKER,0.032787,17.63,305.836,2.71,2.71,0.0,0.0,-0.0,-0.0,13.55,68.36154,PROFIT_LOCK_LADDER,-4.537372,4.084608,5.1e-05,0.125052,False,True,"{'price': 60999.0, 'ret_1m': 0.0, 'ret_5m': 0.0011324470704086656, 'ema9': 60918.44866641563, 'ema21': 60862.598631984714, 'ema200': 62252.471897751755, 'dist_to_support': 0.03060705913211692, 'dist_to_resistance': 0.03759078017672421, 'volume': 0.01185007, 'volume_ratio': 4.084608050044627, 'delta': -4.537372157000254, 'velocity': 5.084435393492514e-05, 'imbalance': 0.12505239237229535, 'candle_range': 21.8, 'body_ratio': 0.8313171645469781, 'wick_ratio': 0.1686828354530218}",1.0,"{'early_fail_enabled': True, 'invert_signal': False, 'ai_enabled': True, 'edge_threshold': 3.0, 'edge_threshold_max': None, 'edge_range_preset': 'min_only', 'ai_threshold': 44.0, 'leverage': 100, 'pullback_threshold': 0.001}","{'ema9': 60918.44866641563, 'ema21': 60862.598631984714, 'ema200': 62252.471897751755, 'ema_spread': 0.000918, 'ema9_slope_pct': 0.0027, 'ema21_slope_pct': 0.0289, 'ema9_above_ema21': True, 'ema21_above_ema200': False}",WEAK_SETUP,1.0,1.0,False,True,INV_False_EF_True,SHORT,12,8,SCENARIO_C_EARLY_12_v2_frozen,40.0,10.0,-12.0,2.0,8.0,300,1,2,-32.0,False,False,True,False,480,3,5.0,False,5,0.75,"[[12, 8], [15, 10], [25, 18], [40, 28], [60, 45], [80, 60], [100, 75], [150, 120]]","{""trail_ladder"": [[12, 8], [15, 10], [25, 18], [40, 28], [60, 45], [80, 60], [100, 75], [150, 120]], ""ladder_first_trigger_pct"": 12, ""ladder_first_lock_pct"": 8, ""exit_profile_id"": ""SCENARIO_C_EARLY_12_v2_frozen"", ""peak_never_loser_min_peak"": 40.0, ""peak_never_loser_floor"": 10.0, ""thesis_fast_exit_unreal_pct"": -12.0, ""thesis_mfe_protect_pct"": 2.0, ""thesis_exit_if_above_unreal_pct"": 8.0, ""thesis_min_age_sec"": 300, ""thesis_score_flip_margin"": 1, ""thesis_early_decay_delta"": 2, ""early_fail_pct_threshold"": -32.0, ""type_a_first_candle_enabled"": false, ""type_a_early_fail_enabled"": false, ""scenario_c_exit_profile"": true, ""type_a_stall_enabled"": false, ""type_a_stall_min_age_sec"": 480, ""type_a_stall_min_candles"": 3, ""type_a_stall_max_mfe_pct"": 5.0, ""trend_weakening_enabled"": false, ""spread_penalty_threshold"": 5, ""spread_penalty_margin_mult"": 0.75}",2026-06-25T01:59:52.122227+00:00,2026-06-25 11:59:52 AEST,2026-06-25 11:59:52 AEST
2026-06-25T01:59:52.154350+00:00,c604c-716c76c422b5,SHORT,61005.7,60934.0,1.028548,11.76,20.0,4,2.35,2.35,0.0,0.0,-0.0,-0.0,PROFIT_LOCK_LADDER,100,0.39,62,44.0,True,SIM_LIMIT,AI_DIRECT_LIMIT,,,,,0,BEAR,SR,60-70,SPAWN,-3,-3,BEARISH_STRUCTURE,CONFLICTED,20.68,-3,3,7,0.01176,bitfinex,tBTCF0:USTF0,v10.7-fresh-scope-relay-audit-2026-06-25,BITFINEX_ZERO,v10.7-fresh-scope-relay-audit-2026-06-25,COMBO_604_SP4_CHASE_3PLUS,AI60-65 · Spread4 · Chase 3+,APPROVE,60999.0,0.037591,0.030607,FREE_RANGE,0.00081,1.0,21.8,1.028549,0.0,13.228272,309.983,309.983,309.983,5-15m,AI_DIRECT,AI_DIRECT_CHASE,5,,6.7,0.0,0.0,0.0,False,0.0,0.0,-0.000502,5.1e-05,0.01185,4.084608,-4.537372,0.0,0.125052,60999.0,60918.448666,60862.598632,62252.471898,0.000918,FREE_RANGE,SHORT_PREFERRED,0.037591,0.030607,BEAR,3.0,44.0,0.0,100,1.0,True,True,APPROVE,62,"```json
{
  ""direction"": ""SHORT"",
  ""confidence"": 62,
  ""long_score"": 30,
  ""short_score"": 72,
  ""preferred_direction"": ""SHORT"",
  ""entry_zone_low"": 61050,
  ""entry_zone_high"": 61200,
  ""limit_price"": 61125,
  ""expected_mfe"": 180,
  ""expected_mae"": 120,
  ""reversal_probability"": 45,
  ""exit_style"": ""AGGRESSIVE"",
  ""reasons_for_trade"": [
    ""BEAR regime with intact trend health (bear_score 6 vs bull_score 4)"",
    ""Market structure bearish (LL/HL sequence, structure_score -3)"",
    ""Price below EMA200 (-2.05%) confirming bearish macro context"",
    ""Volume ratio elevated (4.08) with negative delta (-4.54) supporting selling pressure"",
    ""Liquidity sweep low already occurred, suggesting potential continuation lower"",
    ""Funding positive (0.01121% per 8h) favoring shorts, longs paying"",
    ""ADX 20.68 near trending threshold, mean reversion risk noted but bearish structure intact""
  ],
  ""reasons_against_trade"": [
    ""Price near micro support (60741) and recent low (59132) - bounce risk elevated"",
    ""MTF conflicted (15m bullish, 1h ranging, 4h bearish) reduces conviction"",
    ""EMA9/21 bullish cross (price above both) suggests short-term upward momentum"",
    ""Reversal probability 45% indicates non-trivial bounce risk near support"",
    ""Edge score below threshold (1.0 vs 3.0) - telemetry suggests caution""
  ],
  ""bull_score"": 3,
  ""bear_score"": 7
}
```

**Direction:** SHORT  
**Win probability:** 62%  
**Long score:** 30  
**Short score:** 72  
**Bull score:** 3/10  
**Bear score:** 7/10  
**Decision:** APPROVE  
**Reason:** Bearish structure, negative delta, elevated volume, and funding favoring shorts outweigh short-term bullish EMA cross and proximity to support. Continuation bias preferred over reversal given intact bear trend health and lack of strong reversal confirmation. Entry above current price (pullback to micro resistance ~61198) aligns with bearish continuation strategy.",61005.7,60934.0,MAKER,TAKER,0.032787,6.7,309.983,2.35,2.35,0.0,0.0,-0.0,-0.0,11.76,61.71299,PROFIT_LOCK_LADDER,-4.537372,4.084608,5.1e-05,0.125052,False,True,"{'price': 60999.0, 'ret_1m': 0.0, 'ret_5m': 0.0011324470704086656, 'ema9': 60918.44866641563, 'ema21': 60862.598631984714, 'ema200': 62252.471897751755, 'dist_to_support': 0.03060705913211692, 'dist_to_resistance': 0.03759078017672421, 'volume': 0.01185007, 'volume_ratio': 4.084608050044627, 'delta': -4.537372157000254, 'velocity': 5.084435393492514e-05, 'imbalance': 0.12505239237229535, 'candle_range': 21.8, 'body_ratio': 0.8313171645469781, 'wick_ratio': 0.1686828354530218}",1.0,"{'early_fail_enabled': True, 'invert_signal': False, 'ai_enabled': True, 'edge_threshold': 3.0, 'edge_threshold_max': None, 'edge_range_preset': 'min_only', 'ai_threshold': 44.0, 'leverage': 100, 'pullback_threshold': 0.001}","{'ema9': 60918.44866641563, 'ema21': 60862.598631984714, 'ema200': 62252.471897751755, 'ema_spread': 0.000918, 'ema9_slope_pct': 0.0027, 'ema21_slope_pct': 0.0289, 'ema9_above_ema21': True, 'ema21_above_ema200': False}",WEAK_SETUP,1.0,1.0,False,True,INV_False_EF_True,SHORT,12,8,SCENARIO_C_EARLY_12_v2_frozen,40.0,10.0,-12.0,2.0,8.0,300,1,2,-32.0,False,False,True,False,480,3,5.0,False,5,0.75,"[[12, 8], [15, 10], [25, 18], [40, 28], [60, 45], [80, 60], [100, 75], [150, 120]]","{""trail_ladder"": [[12, 8], [15, 10], [25, 18], [40, 28], [60, 45], [80, 60], [100, 75], [150, 120]], ""ladder_first_trigger_pct"": 12, ""ladder_first_lock_pct"": 8, ""exit_profile_id"": ""SCENARIO_C_EARLY_12_v2_frozen"", ""peak_never_loser_min_peak"": 40.0, ""peak_never_loser_floor"": 10.0, ""thesis_fast_exit_unreal_pct"": -12.0, ""thesis_mfe_protect_pct"": 2.0, ""thesis_exit_if_above_unreal_pct"": 8.0, ""thesis_min_age_sec"": 300, ""thesis_score_flip_margin"": 1, ""thesis_early_decay_delta"": 2, ""early_fail_pct_threshold"": -32.0, ""type_a_first_candle_enabled"": false, ""type_a_early_fail_enabled"": false, ""scenario_c_exit_profile"": true, ""type_a_stall_enabled"": false, ""type_a_stall_min_age_sec"": 480, ""type_a_stall_min_candles"": 3, ""type_a_stall_max_mfe_pct"": 5.0, ""trend_weakening_enabled"": false, ""spread_penalty_threshold"": 5, ""spread_penalty_margin_mult"": 0.75}",2026-06-25T01:59:52.154350+00:00,2026-06-25 11:59:52 AEST,2026-06-25 11:59:52 AEST
2026-06-25T02:17:06.767170+00:00,cont-03f9c1e33768,SHORT,60951.86,60843.3,10.168543,17.84,20.0,4,3.57,3.56,0.0,0.0,-0.01,-0.01,PROFIT_LOCK_LADDER,100,0.59,62,44.0,True,SIM_LIMIT,AI_DIRECT_LIMIT,,,,,0,BEAR,SR,60-70,SPAWN,-3,-3,BEARISH_STRUCTURE,CONFLICTED,20.77,-3,3,7,0.01338,bitfinex,tBTCF0:USTF0,v10.7-fresh-scope-relay-audit-2026-06-25,BITFINEX_ZERO,v10.7-fresh-scope-relay-audit-2026-06-25,CONTINUOUS,Continuous AI Research,APPROVE,60955.0,0.03834,0.029907,FREE_RANGE,0.000347,0.984817,21.8,10.168544,0.0,33.446067,405.26,405.26,405.26,5-15m,AI_DIRECT,AI_DIRECT_CHASE,7,,3.14,0.0,0.2067,0.2067,False,0.0,0.0,-0.005457,1.1e-05,0.027751,1.535943,-3.895498,0.0,0.103927,60955.0,60906.448666,60857.144087,62251.874883,0.00081,FREE_RANGE,SHORT_PREFERRED,0.03834,0.029907,BEAR,3.0,44.0,0.0,100,1.0,True,True,APPROVE,62,"```json
{
  ""direction"": ""SHORT"",
  ""confidence"": 62,
  ""long_score"": 30,
  ""short_score"": 70,
  ""preferred_direction"": ""SHORT"",
  ""entry_zone_low"": 61050,
  ""entry_zone_high"": 61200,
  ""limit_price"": 61125,
  ""expected_mfe"": 180,
  ""expected_mae"": 80,
  ""reversal_probability"": 45,
  ""exit_style"": ""AGGRESSIVE"",
  ""reasons_for_trade"": [
    ""BEAR regime with bearish trend health (bear_score 6 vs bull_score 4)"",
    ""Market structure bias BEARISH_STRUCTURE with structure_score -3"",
    ""Multi-timeframe conflicted but 4h BEARISH dominates, 15m BULLISH is short-term"",
    ""Price below EMA200 (-2.07%) confirming long-term bearish context"",
    ""Liquidity sweep low already occurred, suggesting potential continuation lower"",
    ""Funding positive (0.01176% per 8h) favoring shorts, longs paying"",
    ""Volume ratio elevated (1.54) with negative delta (-3.9) supporting bearish orderflow"",
    ""Micro resistance at 61198 provides near-term short entry zone"",
    ""Regime recently shifted to EXPANSION, could expand downward""
  ],
  ""reasons_against_trade"": [
    ""Price near micro support (60741) with only 0.35% distance, bounce risk elevated"",
    ""Reversal risk score 45 indicates moderate reversal probability"",
    ""15m timeframe shows BULLISH trend, conflicting with 4h bearish"",
    ""EMA9 and EMA21 are above price, short-term momentum slightly bullish"",
    ""ADX at 20.77 (below 25) suggests non-trending conditions, mean reversion risk"",
    ""Higher low detected on micro structure could indicate potential bottom formation"",
    ""Entry near support historically reduces expectancy for shorts without strong continuation""
  ],
  ""bull_score"": 3,
  ""bear_score"": 7
}
```

**Direction: SHORT**  
**Win probability: 62%**  
**Long score: 30**  
**Short score: 70**  
**Bull score: 3/10**  
**Bear score: 7/10**  
**Decision: APPROVE**  

**Reason:** The bearish case dominates across multiple dimensions: regime (BEAR), trend health (bear_score 6 vs bull_score 4), market structure (BEARISH_STRUCTURE, structure_score -3), and long-term EMA alignment (price below EMA200). While the 15m shows a short-term bullish tilt and price is near micro support (60741), the broader context favors continuation lower. The liquidity sweep low already occurred, and with positive funding favoring shorts, a retest of support or breakdown is more likely than a reversal. The entry zone is set above current price (pullback to micro resistance ~61198) to align with the short bias. The moderate ADX (20.77) and reversal risk score (45) warrant an APPROVE rather than STRONG_APPROVE, with aggressive exit to manage bounce risk near support.",60951.86,60843.3,MAKER,TAKER,0.032811,3.14,405.26,3.57,3.56,0.0,0.0,-0.01,-0.01,17.84,610.112687,PROFIT_LOCK_LADDER,-3.895498,1.535943,1.1e-05,0.103927,False,True,"{'price': 60955.0, 'ret_1m': 0.0, 'ret_5m': 0.0004924086992203529, 'ema9': 60906.44866641563, 'ema21': 60857.14408653017, 'ema200': 62251.874882826385, 'dist_to_support': 0.029907308670330573, 'dist_to_resistance': 0.038339758838487406, 'volume': 0.027750635000000003, 'volume_ratio': 1.535943205671971, 'delta': -3.8954984750002852, 'velocity': 1.1498958704819464e-05, 'imbalance': 0.10392660134444165, 'candle_range': 21.8, 'body_ratio': 0.8313171645469781, 'wick_ratio': 0.1686828354530218}",1.0,"{'early_fail_enabled': True, 'invert_signal': False, 'ai_enabled': True, 'edge_threshold': 3.0, 'edge_threshold_max': None, 'edge_range_preset': 'min_only', 'ai_threshold': 44.0, 'leverage': 100, 'pullback_threshold': 0.001}","{'ema9': 60906.44866641563, 'ema21': 60857.14408653017, 'ema200': 62251.874882826385, 'ema_spread': 0.00081, 'ema9_slope_pct': -0.017, 'ema21_slope_pct': 0.02, 'ema9_above_ema21': True, 'ema21_above_ema200': False}",WEAK_SETUP,1.0,1.0,False,True,INV_False_EF_True,SHORT,12,8,SCENARIO_C_EARLY_12_v2_frozen,40.0,10.0,-12.0,2.0,8.0,300,1,2,-32.0,False,False,True,False,480,3,5.0,False,5,0.75,"[[12, 8], [15, 10], [25, 18], [40, 28], [60, 45], [80, 60], [100, 75], [150, 120]]","{""trail_ladder"": [[12, 8], [15, 10], [25, 18], [40, 28], [60, 45], [80, 60], [100, 75], [150, 120]], ""ladder_first_trigger_pct"": 12, ""ladder_first_lock_pct"": 8, ""exit_profile_id"": ""SCENARIO_C_EARLY_12_v2_frozen"", ""peak_never_loser_min_peak"": 40.0, ""peak_never_loser_floor"": 10.0, ""thesis_fast_exit_unreal_pct"": -12.0, ""thesis_mfe_protect_pct"": 2.0, ""thesis_exit_if_above_unreal_pct"": 8.0, ""thesis_min_age_sec"": 300, ""thesis_score_flip_margin"": 1, ""thesis_early_decay_delta"": 2, ""early_fail_pct_threshold"": -32.0, ""type_a_first_candle_enabled"": false, ""type_a_early_fail_enabled"": false, ""scenario_c_exit_profile"": true, ""type_a_stall_enabled"": false, ""type_a_stall_min_age_sec"": 480, ""type_a_stall_min_candles"": 3, ""type_a_stall_max_mfe_pct"": 5.0, ""trend_weakening_enabled"": false, ""spread_penalty_threshold"": 5, ""spread_penalty_margin_mult"": 0.75}",2026-06-25T02:17:06.767170+00:00,2026-06-25 12:17:06 AEST,2026-06-25 12:17:06 AEST
2026-06-25T02:17:27.775626+00:00,c604c-50b2956c9e27,SHORT,60953.1,60845.0,10.512345,17.76,20.0,4,3.55,3.55,0.0,0.0,-0.01,-0.01,PROFIT_LOCK_LADDER,100,0.59,62,44.0,True,SIM_LIMIT,AI_DIRECT_LIMIT,,,,,0,BEAR,SR,60-70,SPAWN,-3,-3,BEARISH_STRUCTURE,CONFLICTED,20.77,-3,3,7,0.01338,bitfinex,tBTCF0:USTF0,v10.7-fresh-scope-relay-audit-2026-06-25,BITFINEX_ZERO,v10.7-fresh-scope-relay-audit-2026-06-25,COMBO_604_SP4_CHASE_3PLUS,AI60-65 · Spread4 · Chase 3+,APPROVE,60955.0,0.03834,0.029907,FREE_RANGE,0.000455,0.984817,21.8,10.512346,0.0,33.648822,403.913,403.913,403.913,5-15m,AI_DIRECT,AI_DIRECT_CHASE,7,,1.9,0.0,0.0,0.0,False,0.0,0.0,-0.00565,1.1e-05,0.027751,1.535943,-3.895498,0.0,0.103927,60955.0,60906.448666,60857.144087,62251.874883,0.00081,FREE_RANGE,SHORT_PREFERRED,0.03834,0.029907,BEAR,3.0,44.0,0.0,100,1.0,True,True,APPROVE,62,"```json
{
  ""direction"": ""SHORT"",
  ""confidence"": 62,
  ""long_score"": 30,
  ""short_score"": 70,
  ""preferred_direction"": ""SHORT"",
  ""entry_zone_low"": 61050,
  ""entry_zone_high"": 61200,
  ""limit_price"": 61125,
  ""expected_mfe"": 180,
  ""expected_mae"": 80,
  ""reversal_probability"": 45,
  ""exit_style"": ""AGGRESSIVE"",
  ""reasons_for_trade"": [
    ""BEAR regime with bearish trend health (bear_score 6 vs bull_score 4)"",
    ""Market structure bias BEARISH_STRUCTURE with structure_score -3"",
    ""Multi-timeframe conflicted but 4h BEARISH dominates, 15m BULLISH is short-term"",
    ""Price below EMA200 (-2.07%) confirming long-term bearish context"",
    ""Liquidity sweep low already occurred, suggesting potential continuation lower"",
    ""Funding positive (0.01176% per 8h) favoring shorts, longs paying"",
    ""Volume ratio elevated (1.54) with negative delta (-3.9) supporting bearish orderflow"",
    ""Micro resistance at 61198 provides near-term short entry zone"",
    ""Regime recently shifted to EXPANSION, could expand downward""
  ],
  ""reasons_against_trade"": [
    ""Price near micro support (60741) with only 0.35% distance, bounce risk elevated"",
    ""Reversal risk score 45 indicates moderate reversal probability"",
    ""15m timeframe shows BULLISH trend, conflicting with 4h bearish"",
    ""EMA9 and EMA21 are above price, short-term momentum slightly bullish"",
    ""ADX at 20.77 (below 25) suggests non-trending conditions, mean reversion risk"",
    ""Higher low detected on micro structure could indicate potential bottom formation"",
    ""Entry near support historically reduces expectancy for shorts without strong continuation""
  ],
  ""bull_score"": 3,
  ""bear_score"": 7
}
```

**Direction: SHORT**  
**Win probability: 62%**  
**Long score: 30**  
**Short score: 70**  
**Bull score: 3/10**  
**Bear score: 7/10**  
**Decision: APPROVE**  

**Reason:** The bearish case dominates across multiple dimensions: regime (BEAR), trend health (bear_score 6 vs bull_score 4), market structure (BEARISH_STRUCTURE, structure_score -3), and long-term EMA alignment (price below EMA200). While the 15m shows a short-term bullish tilt and price is near micro support (60741), the broader context favors continuation lower. The liquidity sweep low already occurred, and with positive funding favoring shorts, a retest of support or breakdown is more likely than a reversal. The entry zone is set above current price (pullback to micro resistance ~61198) to align with the short bias. The moderate ADX (20.77) and reversal risk score (45) warrant an APPROVE rather than STRONG_APPROVE, with aggressive exit to manage bounce risk near support.",60953.1,60845.0,MAKER,TAKER,0.032811,1.9,403.913,3.55,3.55,0.0,0.0,-0.01,-0.01,17.76,630.740809,PROFIT_LOCK_LADDER,-3.895498,1.535943,1.1e-05,0.103927,False,True,"{'price': 60955.0, 'ret_1m': 0.0, 'ret_5m': 0.0004924086992203529, 'ema9': 60906.44866641563, 'ema21': 60857.14408653017, 'ema200': 62251.874882826385, 'dist_to_support': 0.029907308670330573, 'dist_to_resistance': 0.038339758838487406, 'volume': 0.027750635000000003, 'volume_ratio': 1.535943205671971, 'delta': -3.8954984750002852, 'velocity': 1.1498958704819464e-05, 'imbalance': 0.10392660134444165, 'candle_range': 21.8, 'body_ratio': 0.8313171645469781, 'wick_ratio': 0.1686828354530218}",1.0,"{'early_fail_enabled': True, 'invert_signal': False, 'ai_enabled': True, 'edge_threshold': 3.0, 'edge_threshold_max': None, 'edge_range_preset': 'min_only', 'ai_threshold': 44.0, 'leverage': 100, 'pullback_threshold': 0.001}","{'ema9': 60906.44866641563, 'ema21': 60857.14408653017, 'ema200': 62251.874882826385, 'ema_spread': 0.00081, 'ema9_slope_pct': -0.017, 'ema21_slope_pct': 0.02, 'ema9_above_ema21': True, 'ema21_above_ema200': False}",WEAK_SETUP,1.0,1.0,False,True,INV_False_EF_True,SHORT,12,8,SCENARIO_C_EARLY_12_v2_frozen,40.0,10.0,-12.0,2.0,8.0,300,1,2,-32.0,False,False,True,False,480,3,5.0,False,5,0.75,"[[12, 8], [15, 10], [25, 18], [40, 28], [60, 45], [80, 60], [100, 75], [150, 120]]","{""trail_ladder"": [[12, 8], [15, 10], [25, 18], [40, 28], [60, 45], [80, 60], [100, 75], [150, 120]], ""ladder_first_trigger_pct"": 12, ""ladder_first_lock_pct"": 8, ""exit_profile_id"": ""SCENARIO_C_EARLY_12_v2_frozen"", ""peak_never_loser_min_peak"": 40.0, ""peak_never_loser_floor"": 10.0, ""thesis_fast_exit_unreal_pct"": -12.0, ""thesis_mfe_protect_pct"": 2.0, ""thesis_exit_if_above_unreal_pct"": 8.0, ""thesis_min_age_sec"": 300, ""thesis_score_flip_margin"": 1, ""thesis_early_decay_delta"": 2, ""early_fail_pct_threshold"": -32.0, ""type_a_first_candle_enabled"": false, ""type_a_early_fail_enabled"": false, ""scenario_c_exit_profile"": true, ""type_a_stall_enabled"": false, ""type_a_stall_min_age_sec"": 480, ""type_a_stall_min_candles"": 3, ""type_a_stall_max_mfe_pct"": 5.0, ""trend_weakening_enabled"": false, ""spread_penalty_threshold"": 5, ""spread_penalty_margin_mult"": 0.75}",2026-06-25T02:17:27.775626+00:00,2026-06-25 12:17:27 AEST,2026-06-25 12:17:27 AEST
2026-06-25T02:25:42.252803+00:00,cont-249bf7fd75c1,SHORT,60942.36,60893.0,1.479208,8.1,20.0,4,1.62,1.62,0.0,0.0,-0.0,-0.0,PROFIT_LOCK_LADDER,100,0.27,62,44.0,True,SIM_LIMIT,AI_DIRECT_LIMIT,,,,,0,BEAR,SR,60-70,SPAWN,-3,-3,BEARISH_STRUCTURE,BEAR_ALIGNED,18.8,-5,3,7,0.01431,bitfinex,tBTCF0:USTF0,v10.7-fresh-scope-relay-audit-2026-06-25,BITFINEX_ZERO,v10.7-fresh-scope-relay-audit-2026-06-25,CONTINUOUS,Continuous AI Research,APPROVE,60910.0,0.039346,0.028967,FREE_RANGE,0.000544,1.0,22.9,1.479209,0.0,12.365783,281.56,281.56,281.56,0-5m,AI_DIRECT,AI_DIRECT_CHASE,3,,32.36,0.0,0.0,0.0,False,0.0,0.0,-0.000875,5.6e-05,0.010301,0.03255,-4.092865,0.0,0.10287,60910.0,60881.695147,60854.022912,62226.64786,0.000455,FREE_RANGE,SHORT_PREFERRED,0.039346,0.028967,BEAR,3.0,44.0,0.0,100,1.5,True,True,APPROVE,62,"```json
{
  ""direction"": ""SHORT"",
  ""confidence"": 62,
  ""long_score"": 25,
  ""short_score"": 72,
  ""preferred_direction"": ""SHORT"",
  ""entry_zone_low"": 60950,
  ""entry_zone_high"": 61050,
  ""limit_price"": 61000,
  ""expected_mfe"": 180,
  ""expected_mae"": 120,
  ""reversal_probability"": 45,
  ""exit_style"": ""AGGRESSIVE"",
  ""reasons_for_trade"": [
    ""Multi-timeframe agreement is BEAR_ALIGNED (15m ranging, 1h/4h bearish)"",
    ""Market structure bias is BEARISH_STRUCTURE with structure_score -3"",
    ""Trend health state is BEAR with bear_score 8 vs bull_score 4"",
    ""ADX at 18.8 is below 25 but trend strength is intact with bearish momentum"",
    ""EMA stack shows price below EMA200 and EMA9 slope negative, bearish alignment"",
    ""Market structure shift is BEAR_CONTINUATION, no reversal confirmation"",
    ""Liquidity sweep low already occurred, suggesting further downside"",
    ""Volume ratio elevated at 3.22 with negative delta, supporting bearish orderflow"",
    ""Regime is EXPANSION after compression, favoring directional continuation"",
    ""Funding positive (0.0136% per 8h) favors shorts, longs paying""
  ],
  ""reasons_against_trade"": [
    ""Price is near micro support (60741) and distance to support is only 2.8%, increasing bounce risk"",
    ""Higher low detected suggests potential micro reversal forming"",
    ""Reversal risk score is 45, indicating moderate reversal probability"",
    ""ADX below 25 suggests trend may not be strong enough for sustained move"",
    ""Edge score (1.5) below threshold (3.0), indicating weaker signal quality"",
    ""Candle body ratio high (0.81) with small wick, could indicate exhaustion""
  ],
  ""bull_score"": 3,
  ""bear_score"": 7
}
```",60942.36,60893.0,MAKER,TAKER,0.032835,32.36,281.56,1.62,1.62,0.0,0.0,-0.0,-0.0,8.1,88.752571,PROFIT_LOCK_LADDER,-4.092865,0.03255,5.6e-05,0.10287,False,True,"{'price': 60910.0, 'ret_1m': 0.0, 'ret_5m': 0.001430379954951252, 'ema9': 60881.69514650601, 'ema21': 60854.02291150035, 'ema200': 62226.64785952407, 'dist_to_support': 0.02896741986337362, 'dist_to_resistance': 0.039345769837099316, 'volume': 0.010301046, 'volume_ratio': 0.03255023108086922, 'delta': -4.092864924000306, 'velocity': 5.58433879532716e-05, 'imbalance': 0.10287037395648053, 'candle_range': 22.9, 'body_ratio': 0.8091266883565019, 'wick_ratio': 0.19087331164349797}",1.5,"{'early_fail_enabled': True, 'invert_signal': False, 'ai_enabled': True, 'edge_threshold': 3.0, 'edge_threshold_max': None, 'edge_range_preset': 'min_only', 'ai_threshold': 44.0, 'leverage': 100, 'pullback_threshold': 0.001}","{'ema9': 60881.69514650601, 'ema21': 60854.02291150035, 'ema200': 62226.64785952407, 'ema_spread': 0.000455, 'ema9_slope_pct': -0.0314, 'ema21_slope_pct': 0.0067, 'ema9_above_ema21': True, 'ema21_above_ema200': False}",WEAK_SETUP,1.5,1.5,False,True,INV_False_EF_True,SHORT,12,8,SCENARIO_C_EARLY_12_v2_frozen,40.0,10.0,-12.0,2.0,8.0,300,1,2,-32.0,False,False,True,False,480,3,5.0,False,5,0.75,"[[12, 8], [15, 10], [25, 18], [40, 28], [60, 45], [80, 60], [100, 75], [150, 120]]","{""trail_ladder"": [[12, 8], [15, 10], [25, 18], [40, 28], [60, 45], [80, 60], [100, 75], [150, 120]], ""ladder_first_trigger_pct"": 12, ""ladder_first_lock_pct"": 8, ""exit_profile_id"": ""SCENARIO_C_EARLY_12_v2_frozen"", ""peak_never_loser_min_peak"": 40.0, ""peak_never_loser_floor"": 10.0, ""thesis_fast_exit_unreal_pct"": -12.0, ""thesis_mfe_protect_pct"": 2.0, ""thesis_exit_if_above_unreal_pct"": 8.0, ""thesis_min_age_sec"": 300, ""thesis_score_flip_margin"": 1, ""thesis_early_decay_delta"": 2, ""early_fail_pct_threshold"": -32.0, ""type_a_first_candle_enabled"": false, ""type_a_early_fail_enabled"": false, ""scenario_c_exit_profile"": true, ""type_a_stall_enabled"": false, ""type_a_stall_min_age_sec"": 480, ""type_a_stall_min_candles"": 3, ""type_a_stall_max_mfe_pct"": 5.0, ""trend_weakening_enabled"": false, ""spread_penalty_threshold"": 5, ""spread_penalty_margin_mult"": 0.75}",2026-06-25T02:25:42.252803+00:00,2026-06-25 12:25:42 AEST,2026-06-25 12:25:42 AEST
2026-06-25T02:25:42.293400+00:00,c604c-e5c4aefbaa28,SHORT,60944.47,60893.0,1.473843,8.45,20.0,4,1.69,1.69,0.0,0.0,-0.0,-0.0,PROFIT_LOCK_LADDER,100,0.28,62,44.0,True,SIM_LIMIT,AI_DIRECT_LIMIT,,,,,0,BEAR,SR,60-70,SPAWN,-3,-3,BEARISH_STRUCTURE,BEAR_ALIGNED,18.8,-5,3,7,0.01431,bitfinex,tBTCF0:USTF0,v10.7-fresh-scope-relay-audit-2026-06-25,BITFINEX_ZERO,v10.7-fresh-scope-relay-audit-2026-06-25,COMBO_604_SP4_CHASE_3PLUS,AI60-65 · Spread4 · Chase 3+,APPROVE,60910.0,0.039346,0.028967,FREE_RANGE,0.000544,1.0,22.9,1.473844,0.0,12.711572,280.132,280.132,280.132,0-5m,AI_DIRECT,AI_DIRECT_CHASE,3,,34.47,0.0,0.0,0.0,False,0.0,0.0,-0.000872,5.6e-05,0.010301,0.03255,-4.092865,0.0,0.10287,60910.0,60881.695147,60854.022912,62226.64786,0.000455,FREE_RANGE,SHORT_PREFERRED,0.039346,0.028967,BEAR,3.0,44.0,0.0,100,1.5,True,True,APPROVE,62,"```json
{
  ""direction"": ""SHORT"",
  ""confidence"": 62,
  ""long_score"": 25,
  ""short_score"": 72,
  ""preferred_direction"": ""SHORT"",
  ""entry_zone_low"": 60950,
  ""entry_zone_high"": 61050,
  ""limit_price"": 61000,
  ""expected_mfe"": 180,
  ""expected_mae"": 120,
  ""reversal_probability"": 45,
  ""exit_style"": ""AGGRESSIVE"",
  ""reasons_for_trade"": [
    ""Multi-timeframe agreement is BEAR_ALIGNED (15m ranging, 1h/4h bearish)"",
    ""Market structure bias is BEARISH_STRUCTURE with structure_score -3"",
    ""Trend health state is BEAR with bear_score 8 vs bull_score 4"",
    ""ADX at 18.8 is below 25 but trend strength is intact with bearish momentum"",
    ""EMA stack shows price below EMA200 and EMA9 slope negative, bearish alignment"",
    ""Market structure shift is BEAR_CONTINUATION, no reversal confirmation"",
    ""Liquidity sweep low already occurred, suggesting further downside"",
    ""Volume ratio elevated at 3.22 with negative delta, supporting bearish orderflow"",
    ""Regime is EXPANSION after compression, favoring directional continuation"",
    ""Funding positive (0.0136% per 8h) favors shorts, longs paying""
  ],
  ""reasons_against_trade"": [
    ""Price is near micro support (60741) and distance to support is only 2.8%, increasing bounce risk"",
    ""Higher low detected suggests potential micro reversal forming"",
    ""Reversal risk score is 45, indicating moderate reversal probability"",
    ""ADX below 25 suggests trend may not be strong enough for sustained move"",
    ""Edge score (1.5) below threshold (3.0), indicating weaker signal quality"",
    ""Candle body ratio high (0.81) with small wick, could indicate exhaustion""
  ],
  ""bull_score"": 3,
  ""bear_score"": 7
}
```",60944.47,60893.0,MAKER,TAKER,0.032835,34.47,280.132,1.69,1.69,0.0,0.0,-0.0,-0.0,8.45,88.430705,PROFIT_LOCK_LADDER,-4.092865,0.03255,5.6e-05,0.10287,False,True,"{'price': 60910.0, 'ret_1m': 0.0, 'ret_5m': 0.001430379954951252, 'ema9': 60881.69514650601, 'ema21': 60854.02291150035, 'ema200': 62226.64785952407, 'dist_to_support': 0.02896741986337362, 'dist_to_resistance': 0.039345769837099316, 'volume': 0.010301046, 'volume_ratio': 0.03255023108086922, 'delta': -4.092864924000306, 'velocity': 5.58433879532716e-05, 'imbalance': 0.10287037395648053, 'candle_range': 22.9, 'body_ratio': 0.8091266883565019, 'wick_ratio': 0.19087331164349797}",1.5,"{'early_fail_enabled': True, 'invert_signal': False, 'ai_enabled': True, 'edge_threshold': 3.0, 'edge_threshold_max': None, 'edge_range_preset': 'min_only', 'ai_threshold': 44.0, 'leverage': 100, 'pullback_threshold': 0.001}","{'ema9': 60881.69514650601, 'ema21': 60854.02291150035, 'ema200': 62226.64785952407, 'ema_spread': 0.000455, 'ema9_slope_pct': -0.0314, 'ema21_slope_pct': 0.0067, 'ema9_above_ema21': True, 'ema21_above_ema200': False}",WEAK_SETUP,1.5,1.5,False,True,INV_False_EF_True,SHORT,12,8,SCENARIO_C_EARLY_12_v2_frozen,40.0,10.0,-12.0,2.0,8.0,300,1,2,-32.0,False,False,True,False,480,3,5.0,False,5,0.75,"[[12, 8], [15, 10], [25, 18], [40, 28], [60, 45], [80, 60], [100, 75], [150, 120]]","{""trail_ladder"": [[12, 8], [15, 10], [25, 18], [40, 28], [60, 45], [80, 60], [100, 75], [150, 120]], ""ladder_first_trigger_pct"": 12, ""ladder_first_lock_pct"": 8, ""exit_profile_id"": ""SCENARIO_C_EARLY_12_v2_frozen"", ""peak_never_loser_min_peak"": 40.0, ""peak_never_loser_floor"": 10.0, ""thesis_fast_exit_unreal_pct"": -12.0, ""thesis_mfe_protect_pct"": 2.0, ""thesis_exit_if_above_unreal_pct"": 8.0, ""thesis_min_age_sec"": 300, ""thesis_score_flip_margin"": 1, ""thesis_early_decay_delta"": 2, ""early_fail_pct_threshold"": -32.0, ""type_a_first_candle_enabled"": false, ""type_a_early_fail_enabled"": false, ""scenario_c_exit_profile"": true, ""type_a_stall_enabled"": false, ""type_a_stall_min_age_sec"": 480, ""type_a_stall_min_candles"": 3, ""type_a_stall_max_mfe_pct"": 5.0, ""trend_weakening_enabled"": false, ""spread_penalty_threshold"": 5, ""spread_penalty_margin_mult"": 0.75}",2026-06-25T02:25:42.293400+00:00,2026-06-25 12:25:42 AEST,2026-06-25 12:25:42 AEST
2026-06-25T02:34:24.107330+00:00,c604c-9b744296461c,SHORT,60967.01,60929.0,5.016513,6.25,20.0,4,1.25,1.25,0.0,0.0,-0.0,-0.0,THESIS_INVALIDATED,100,0.21,62,44.0,True,SIM_LIMIT,AI_DIRECT_LIMIT,,,,,0,BEAR,SR,60-70,SPAWN,-3,-3,BEARISH_STRUCTURE,CONFLICTED,18.8,-3,3,7,0.0151,bitfinex,tBTCF0:USTF0,v10.7-fresh-scope-relay-audit-2026-06-25,BITFINEX_ZERO,v10.7-fresh-scope-relay-audit-2026-06-25,COMBO_604_SP4_CHASE_3PLUS,AI60-65 · Spread4 · Chase 3+,APPROVE,60908.0,0.039499,0.028824,FREE_RANGE,0.000628,0.433656,22.9,5.016513,-3.255859,11.48326,168.755,168.755,168.755,0-5m,AI_DIRECT,AI_DIRECT_CHASE,2,,59.01,0.0324,0.0,0.0324,False,0.0,0.0,-0.003115,5.4e-05,0.007917,0.209077,-4.258736,0.0,0.106344,60908.0,60894.495147,60859.841093,62227.284675,0.000569,FREE_RANGE,SHORT_PREFERRED,0.039499,0.028824,BEAR,3.0,44.0,0.0,100,1.3,True,True,APPROVE,62,"```json
{
  ""direction"": ""SHORT"",
  ""confidence"": 62,
  ""long_score"": 30,
  ""short_score"": 68,
  ""preferred_direction"": ""SHORT"",
  ""entry_zone_low"": 60950,
  ""entry_zone_high"": 61050,
  ""limit_price"": 61000,
  ""expected_mfe"": 120,
  ""expected_mae"": 80,
  ""reversal_probability"": 63,
  ""exit_style"": ""AGGRESSIVE"",
  ""reasons_for_trade"": [
    ""BEAR regime with intact trend health (bear_score 6 vs bull_score 4)"",
    ""Market structure bias BEARISH_STRUCTURE with structure_score -3"",
    ""Multi-timeframe conflicted but 4h BEARISH dominates, no bull alignment"",
    ""Price below EMA200 (-2.133%) confirming long-term bear context"",
    ""Liquidity sweep low already occurred, suggesting potential continuation lower"",
    ""Funding positive (0.01431% per 8h) favoring shorts, longs paying"",
    ""Volume ratio low (0.21) but delta negative (-4.26) shows selling pressure"",
    ""Edge score (1.3) below threshold (3.0) - not a high-conviction setup but bearish bias intact""
  ],
  ""reasons_against_trade"": [
    ""Price near micro support (60741) - short entry near support has reduced expectancy"",
    ""Reversal risk score elevated (63) - higher probability of bounce"",
    ""ADX 18.8 below 25 - market not strongly trending, mean reversion risk"",
    ""EMA9 above EMA21 (short-term bullish cross) - potential for short squeeze"",
    ""Compression regime may precede expansion in either direction"",
    ""Higher low detected (micro structure) - could indicate bottom forming""
  ],
  ""bull_score"": 3,
  ""bear_score"": 7
}
```

**Direction:** SHORT  
**Win probability:** 62%  
**Long score:** 30  
**Short score:** 68  
**Bull score:** 3/10  
**Bear score:** 7/10  
**Decision:** APPROVE  
**Reason:** Bearish trend hierarchy intact (BEAR regime, bearish structure, price below EMA200, negative delta). Short score exceeds long score by 38 points (>5 threshold). However, proximity to micro support (60741) and elevated reversal risk (63) reduce confidence - this is not a high-conviction continuation setup. Entry zone set above current price (pullback to micro resistance 61021) to avoid chasing into support. Exit style AGGRESSIVE due to mean reversion risk and low ADX.",60967.01,60929.0,MAKER,TAKER,0.032836,59.01,168.755,1.25,1.25,0.0,0.0,-0.0,-0.0,6.25,300.990848,THESIS_INVALIDATED,-4.258736,0.209077,5.4e-05,0.106344,False,True,"{'price': 60908.0, 'ret_1m': 1.6420630880638433e-05, 'ret_5m': -0.00019700551615445234, 'ema9': 60894.49514650601, 'ema21': 60859.84109331854, 'ema200': 62227.28467544446, 'dist_to_support': 0.028823886872402976, 'dist_to_resistance': 0.039499400528848524, 'volume': 0.007917074, 'volume_ratio': 0.20907699406660402, 'delta': -4.258736373000302, 'velocity': 5.4207017948882457e-05, 'imbalance': 0.10634382764578235, 'candle_range': 22.9, 'body_ratio': 0.8091266883565019, 'wick_ratio': 0.19087331164349797}",1.3,"{'early_fail_enabled': True, 'invert_signal': False, 'ai_enabled': True, 'edge_threshold': 3.0, 'edge_threshold_max': None, 'edge_range_preset': 'min_only', 'ai_threshold': 44.0, 'leverage': 100, 'pullback_threshold': 0.001}","{'ema9': 60894.49514650601, 'ema21': 60859.84109331854, 'ema200': 62227.28467544446, 'ema_spread': 0.000569, 'ema9_slope_pct': -0.0104, 'ema21_slope_pct': 0.0162, 'ema9_above_ema21': True, 'ema21_above_ema200': False}",WEAK_SETUP,1.3,1.3,False,True,INV_False_EF_True,SHORT,12,8,SCENARIO_C_EARLY_12_v2_frozen,40.0,10.0,-12.0,2.0,8.0,300,1,2,-32.0,False,False,True,False,480,3,5.0,False,5,0.75,"[[12, 8], [15, 10], [25, 18], [40, 28], [60, 45], [80, 60], [100, 75], [150, 120]]","{""trail_ladder"": [[12, 8], [15, 10], [25, 18], [40, 28], [60, 45], [80, 60], [100, 75], [150, 120]], ""ladder_first_trigger_pct"": 12, ""ladder_first_lock_pct"": 8, ""exit_profile_id"": ""SCENARIO_C_EARLY_12_v2_frozen"", ""peak_never_loser_min_peak"": 40.0, ""peak_never_loser_floor"": 10.0, ""thesis_fast_exit_unreal_pct"": -12.0, ""thesis_mfe_protect_pct"": 2.0, ""thesis_exit_if_above_unreal_pct"": 8.0, ""thesis_min_age_sec"": 300, ""thesis_score_flip_margin"": 1, ""thesis_early_decay_delta"": 2, ""early_fail_pct_threshold"": -32.0, ""type_a_first_candle_enabled"": false, ""type_a_early_fail_enabled"": false, ""scenario_c_exit_profile"": true, ""type_a_stall_enabled"": false, ""type_a_stall_min_age_sec"": 480, ""type_a_stall_min_candles"": 3, ""type_a_stall_max_mfe_pct"": 5.0, ""trend_weakening_enabled"": false, ""spread_penalty_threshold"": 5, ""spread_penalty_margin_mult"": 0.75}",2026-06-25T02:34:24.107330+00:00,2026-06-25 12:34:24 AEST,2026-06-25 12:34:24 AEST
2026-06-25T02:41:39.148515+00:00,cont-1824a72be679,SHORT,60942.0,60893.67,5.077943,7.95,20.0,4,1.59,1.59,0.0,0.0,-0.0,-0.0,PROFIT_LOCK_LADDER,100,0.26,62,44.0,True,SIM_LIMIT,AI_DIRECT_LIMIT,,,,,0,BEAR,SR,60-70,SPAWN,-3,-3,BEARISH_STRUCTURE,CONFLICTED,18.8,-3,3,7,0.01576,bitfinex,tBTCF0:USTF0,v10.7-fresh-scope-relay-audit-2026-06-25,BITFINEX_ZERO,v10.7-fresh-scope-relay-audit-2026-06-25,CONTINUOUS,Continuous AI Research,APPROVE,60908.0,0.039499,0.028824,FREE_RANGE,0.000565,0.433656,22.9,5.077944,-6.235437,14.60405,603.698,603.698,603.698,5-15m,AI_DIRECT,AI_DIRECT_CHASE,3,,34.0,0.0,0.2517,0.2517,False,0.0,0.0,-0.003294,5.4e-05,0.007917,0.209077,-4.258736,0.0,0.106344,60908.0,60894.495147,60859.841093,62227.284675,0.000569,FREE_RANGE,SHORT_PREFERRED,0.039499,0.028824,BEAR,3.0,44.0,0.0,100,1.3,True,True,APPROVE,62,"```json
{
  ""direction"": ""SHORT"",
  ""confidence"": 62,
  ""long_score"": 30,
  ""short_score"": 68,
  ""preferred_direction"": ""SHORT"",
  ""entry_zone_low"": 60950,
  ""entry_zone_high"": 61050,
  ""limit_price"": 61000,
  ""expected_mfe"": 120,
  ""expected_mae"": 80,
  ""reversal_probability"": 63,
  ""exit_style"": ""AGGRESSIVE"",
  ""reasons_for_trade"": [
    ""BEAR regime with intact trend health (bear_score 6 vs bull_score 4)"",
    ""Market structure bias BEARISH_STRUCTURE with structure_score -3"",
    ""Multi-timeframe conflicted but 4h BEARISH dominates, no bull alignment"",
    ""Price below EMA200 (-2.133%) confirming long-term bear context"",
    ""Liquidity sweep low already occurred, suggesting potential continuation lower"",
    ""Funding positive (0.01431% per 8h) favoring shorts, longs paying"",
    ""Volume ratio low (0.21) but delta negative (-4.26) shows selling pressure"",
    ""Edge score (1.3) below threshold (3.0) - not a high-conviction setup but bearish bias intact""
  ],
  ""reasons_against_trade"": [
    ""Price near micro support (60741) - short entry near support has reduced expectancy"",
    ""Reversal risk score elevated (63) - higher probability of bounce"",
    ""ADX 18.8 below 25 - market not strongly trending, mean reversion risk"",
    ""EMA9 above EMA21 (short-term bullish cross) - potential for short squeeze"",
    ""Compression regime may precede expansion in either direction"",
    ""Higher low detected (micro structure) - could indicate bottom forming""
  ],
  ""bull_score"": 3,
  ""bear_score"": 7
}
```

**Direction:** SHORT  
**Win probability:** 62%  
**Long score:** 30  
**Short score:** 68  
**Bull score:** 3/10  
**Bear score:** 7/10  
**Decision:** APPROVE  
**Reason:** Bearish trend hierarchy intact (BEAR regime, bearish structure, price below EMA200, negative delta). Short score exceeds long score by 38 points (>5 threshold). However, proximity to micro support (60741) and elevated reversal risk (63) reduce confidence - this is not a high-conviction continuation setup. Entry zone set above current price (pullback to micro resistance 61021) to avoid chasing into support. Exit style AGGRESSIVE due to mean reversion risk and low ADX.",60942.0,60893.67,MAKER,TAKER,0.032836,34.0,603.698,1.59,1.59,0.0,0.0,-0.0,-0.0,7.95,304.676678,PROFIT_LOCK_LADDER,-4.258736,0.209077,5.4e-05,0.106344,False,True,"{'price': 60908.0, 'ret_1m': 1.6420630880638433e-05, 'ret_5m': -0.00019700551615445234, 'ema9': 60894.49514650601, 'ema21': 60859.84109331854, 'ema200': 62227.28467544446, 'dist_to_support': 0.028823886872402976, 'dist_to_resistance': 0.039499400528848524, 'volume': 0.007917074, 'volume_ratio': 0.20907699406660402, 'delta': -4.258736373000302, 'velocity': 5.4207017948882457e-05, 'imbalance': 0.10634382764578235, 'candle_range': 22.9, 'body_ratio': 0.8091266883565019, 'wick_ratio': 0.19087331164349797}",1.3,"{'early_fail_enabled': True, 'invert_signal': False, 'ai_enabled': True, 'edge_threshold': 3.0, 'edge_threshold_max': None, 'edge_range_preset': 'min_only', 'ai_threshold': 44.0, 'leverage': 100, 'pullback_threshold': 0.001}","{'ema9': 60894.49514650601, 'ema21': 60859.84109331854, 'ema200': 62227.28467544446, 'ema_spread': 0.000569, 'ema9_slope_pct': -0.0104, 'ema21_slope_pct': 0.0162, 'ema9_above_ema21': True, 'ema21_above_ema200': False}",WEAK_SETUP,1.3,1.3,False,True,INV_False_EF_True,SHORT,12,8,SCENARIO_C_EARLY_12_v2_frozen,40.0,10.0,-12.0,2.0,8.0,300,1,2,-32.0,False,False,True,False,480,3,5.0,False,5,0.75,"[[12, 8], [15, 10], [25, 18], [40, 28], [60, 45], [80, 60], [100, 75], [150, 120]]","{""trail_ladder"": [[12, 8], [15, 10], [25, 18], [40, 28], [60, 45], [80, 60], [100, 75], [150, 120]], ""ladder_first_trigger_pct"": 12, ""ladder_first_lock_pct"": 8, ""exit_profile_id"": ""SCENARIO_C_EARLY_12_v2_frozen"", ""peak_never_loser_min_peak"": 40.0, ""peak_never_loser_floor"": 10.0, ""thesis_fast_exit_unreal_pct"": -12.0, ""thesis_mfe_protect_pct"": 2.0, ""thesis_exit_if_above_unreal_pct"": 8.0, ""thesis_min_age_sec"": 300, ""thesis_score_flip_margin"": 1, ""thesis_early_decay_delta"": 2, ""early_fail_pct_threshold"": -32.0, ""type_a_first_candle_enabled"": false, ""type_a_early_fail_enabled"": false, ""scenario_c_exit_profile"": true, ""type_a_stall_enabled"": false, ""type_a_stall_min_age_sec"": 480, ""type_a_stall_min_candles"": 3, ""type_a_stall_max_mfe_pct"": 5.0, ""trend_weakening_enabled"": false, ""spread_penalty_threshold"": 5, ""spread_penalty_margin_mult"": 0.75}",2026-06-25T02:41:39.148515+00:00,2026-06-25 12:41:39 AEST,2026-06-25 12:41:39 AEST
2026-06-25T02:49:27.106344+00:00,cont-25969755135a,SHORT,60854.92,60810.97,0.556794,7.22,20.0,4,1.44,1.44,0.0,0.0,-0.0,-0.0,PROFIT_LOCK_LADDER,100,0.24,62,44.0,True,SIM_LIMIT,AI_DIRECT_LIMIT,,,,,0,BEAR,SR,60-70,SPAWN,0,0,MIXED,BEAR_ALIGNED,18.07,-2,3,7,0.01651,bitfinex,tBTCF0:USTF0,v10.7-fresh-scope-relay-audit-2026-06-25,BITFINEX_ZERO,v10.7-fresh-scope-relay-audit-2026-06-25,CONTINUOUS,Continuous AI Research,APPROVE,60828.0,0.0402,0.028169,FREE_RANGE,0.000303,0.493243,24.6,0.556795,0.0,12.804224,340.057,340.057,340.057,5-15m,AI_DIRECT,AI_DIRECT_CHASE,4,,26.92,0.0,0.0648,0.0648,False,0.0,0.0,-0.000383,-2.8e-05,0.010277,0.099842,-4.3728,0.0,0.103308,60828.0,60892.596117,60862.673721,62215.451183,0.000492,FREE_RANGE,SHORT_PREFERRED,0.0402,0.028169,BEAR,3.0,44.0,0.0,100,2.3,True,True,APPROVE,62,"```json
{
  ""direction"": ""SHORT"",
  ""confidence"": 62,
  ""long_score"": 30,
  ""short_score"": 72,
  ""preferred_direction"": ""SHORT"",
  ""entry_zone_low"": 60950,
  ""entry_zone_high"": 61050,
  ""limit_price"": 61000,
  ""expected_mfe"": 0.008,
  ""expected_mae"": 0.004,
  ""reversal_probability"": 35,
  ""exit_style"": ""AGGRESSIVE"",
  ""reasons_for_trade"": [
    ""MTF agreement is BEAR_ALIGNED (15m RANGING, 1h BEARISH, 4h BEARISH) - strong bearish confluence"",
    ""Trend health state is BEAR with bear_score 5 vs bull_score 4, intact bearish momentum"",
    ""EMA alignment shows price below EMA9, EMA21, and EMA200 (all bearish), with no bull stack"",
    ""ADX at 18.07 is below 25, but trend_score is -2 and mean_reversion_risk is true - favoring continuation in a weak trend"",
    ""Market structure shows last swing high at 61021 and last swing low at 60748, with structure bias MIXED but recent LL/HL pattern suggests bearish pressure"",
    ""Orderflow: delta is negative (-4.36), velocity is negative, and volume_ratio is low (0.10) - weak buying interest"",
    ""Funding rate positive (0.01593% per 8h) favors shorts, consistent with bearish sentiment"",
    ""Price is near micro resistance (61021) and within FREE_RANGE, offering a short entry at resistance with bearish context""
  ],
  ""reasons_against_trade"": [
    ""ADX < 25 suggests non-trending conditions, increasing risk of false breakouts or reversals"",
    ""Price is near micro support (60748) - short entry near support carries bounce risk if continuation fails"",
    ""Reversal risk score is 51 (moderate), indicating some potential for a bounce from current levels"",
    ""Edge_score is 2.3, below the threshold of 3.0, indicating weak edge in current setup"",
    ""Quality_score is 48.73, moderate - not a high-conviction setup"",
    ""Higher low detected (HL) suggests some buying pressure, could lead to a short squeeze""
  ],
  ""bull_score"": 3,
  ""bear_score"": 7
}
```",60854.92,60810.97,MAKER,TAKER,0.03288,26.92,340.057,1.44,1.44,0.0,0.0,-0.0,-0.0,7.22,33.407759,PROFIT_LOCK_LADDER,-4.3728,0.099842,-2.8e-05,0.103308,False,True,"{'price': 60828.0, 'ret_1m': 9.864851533984413e-05, 'ret_5m': -1.6439527199197753e-05, 'ema9': 60892.59611720481, 'ema21': 60862.67372120825, 'ema200': 62215.45118305375, 'dist_to_support': 0.02816947704039707, 'dist_to_resistance': 0.040199848798606316, 'volume': 0.010276506000000001, 'volume_ratio': 0.09984170098309131, 'delta': -4.372799955000302, 'velocity': -2.7933714465869142e-05, 'imbalance': 0.1033082897432657, 'candle_range': 24.6, 'body_ratio': 0.7245113037411175, 'wick_ratio': 0.2754886962588826}",2.3,"{'early_fail_enabled': True, 'invert_signal': False, 'ai_enabled': True, 'edge_threshold': 3.0, 'edge_threshold_max': None, 'edge_range_preset': 'min_only', 'ai_threshold': 44.0, 'leverage': 100, 'pullback_threshold': 0.001}","{'ema9': 60892.59611720481, 'ema21': 60862.67372120825, 'ema200': 62215.45118305375, 'ema_spread': 0.000492, 'ema9_slope_pct': -0.0313, 'ema21_slope_pct': 0.0052, 'ema9_above_ema21': True, 'ema21_above_ema200': False}",MOMENTUM_SHORT,2.3,2.3,False,True,INV_False_EF_True,SHORT,12,8,SCENARIO_C_EARLY_12_v2_frozen,40.0,10.0,-12.0,2.0,8.0,300,1,2,-32.0,False,False,True,False,480,3,5.0,False,5,0.75,"[[12, 8], [15, 10], [25, 18], [40, 28], [60, 45], [80, 60], [100, 75], [150, 120]]","{""trail_ladder"": [[12, 8], [15, 10], [25, 18], [40, 28], [60, 45], [80, 60], [100, 75], [150, 120]], ""ladder_first_trigger_pct"": 12, ""ladder_first_lock_pct"": 8, ""exit_profile_id"": ""SCENARIO_C_EARLY_12_v2_frozen"", ""peak_never_loser_min_peak"": 40.0, ""peak_never_loser_floor"": 10.0, ""thesis_fast_exit_unreal_pct"": -12.0, ""thesis_mfe_protect_pct"": 2.0, ""thesis_exit_if_above_unreal_pct"": 8.0, ""thesis_min_age_sec"": 300, ""thesis_score_flip_margin"": 1, ""thesis_early_decay_delta"": 2, ""early_fail_pct_threshold"": -32.0, ""type_a_first_candle_enabled"": false, ""type_a_early_fail_enabled"": false, ""scenario_c_exit_profile"": true, ""type_a_stall_enabled"": false, ""type_a_stall_min_age_sec"": 480, ""type_a_stall_min_candles"": 3, ""type_a_stall_max_mfe_pct"": 5.0, ""trend_weakening_enabled"": false, ""spread_penalty_threshold"": 5, ""spread_penalty_margin_mult"": 0.75}",2026-06-25T02:49:27.106344+00:00,2026-06-25 12:49:27 AEST,2026-06-25 12:49:27 AEST
2026-06-25T02:52:49.808177+00:00,c604c-dff31c6154e2,SHORT,60843.43,60784.0,4.730096,9.78,20.0,4,1.96,1.95,0.0,0.0,-0.0,-0.0,PROFIT_LOCK_LADDER,100,0.33,62,44.0,True,SIM_LIMIT,AI_DIRECT_LIMIT,,,,,0,BEAR,SR,60-70,SPAWN,0,0,MIXED,BEAR_ALIGNED,18.07,-2,3,7,0.01675,bitfinex,tBTCF0:USTF0,v10.7-fresh-scope-relay-audit-2026-06-25,BITFINEX_ZERO,v10.7-fresh-scope-relay-audit-2026-06-25,COMBO_604_SP4_CHASE_3PLUS,AI60-65 · Spread4 · Chase 3+,APPROVE,60827.0,0.0402,0.028169,FREE_RANGE,9.2e-05,0.493243,24.6,4.730097,-3.545165,17.821152,291.222,291.222,291.222,0-5m,AI_DIRECT,AI_DIRECT_CHASE,5,,16.43,0.0,0.0,0.0,False,0.0,0.0,-0.00327,-2.8e-05,0.010277,0.099842,-4.3728,0.0,0.103308,60828.0,60892.596117,60862.673721,62215.451183,0.000492,FREE_RANGE,SHORT_PREFERRED,0.0402,0.028169,BEAR,3.0,44.0,0.0,100,2.3,True,True,APPROVE,62,"```json
{
  ""direction"": ""SHORT"",
  ""confidence"": 62,
  ""long_score"": 30,
  ""short_score"": 72,
  ""preferred_direction"": ""SHORT"",
  ""entry_zone_low"": 60950,
  ""entry_zone_high"": 61050,
  ""limit_price"": 61000,
  ""expected_mfe"": 0.008,
  ""expected_mae"": 0.004,
  ""reversal_probability"": 35,
  ""exit_style"": ""AGGRESSIVE"",
  ""reasons_for_trade"": [
    ""MTF agreement is BEAR_ALIGNED (15m RANGING, 1h BEARISH, 4h BEARISH) - strong bearish confluence"",
    ""Trend health state is BEAR with bear_score 5 vs bull_score 4, intact bearish momentum"",
    ""EMA alignment shows price below EMA9, EMA21, and EMA200 (all bearish), with no bull stack"",
    ""ADX at 18.07 is below 25, but trend_score is -2 and mean_reversion_risk is true - favoring continuation in a weak trend"",
    ""Market structure shows last swing high at 61021 and last swing low at 60748, with structure bias MIXED but recent LL/HL pattern suggests bearish pressure"",
    ""Orderflow: delta is negative (-4.36), velocity is negative, and volume_ratio is low (0.10) - weak buying interest"",
    ""Funding rate positive (0.01593% per 8h) favors shorts, consistent with bearish sentiment"",
    ""Price is near micro resistance (61021) and within FREE_RANGE, offering a short entry at resistance with bearish context""
  ],
  ""reasons_against_trade"": [
    ""ADX < 25 suggests non-trending conditions, increasing risk of false breakouts or reversals"",
    ""Price is near micro support (60748) - short entry near support carries bounce risk if continuation fails"",
    ""Reversal risk score is 51 (moderate), indicating some potential for a bounce from current levels"",
    ""Edge_score is 2.3, below the threshold of 3.0, indicating weak edge in current setup"",
    ""Quality_score is 48.73, moderate - not a high-conviction setup"",
    ""Higher low detected (HL) suggests some buying pressure, could lead to a short squeeze""
  ],
  ""bull_score"": 3,
  ""bear_score"": 7
}
```",60843.43,60784.0,MAKER,TAKER,0.03288,16.43,291.222,1.96,1.95,0.0,0.0,-0.0,-0.0,9.78,283.805917,PROFIT_LOCK_LADDER,-4.3728,0.099842,-2.8e-05,0.103308,False,True,"{'price': 60828.0, 'ret_1m': 9.864851533984413e-05, 'ret_5m': -1.6439527199197753e-05, 'ema9': 60892.59611720481, 'ema21': 60862.67372120825, 'ema200': 62215.45118305375, 'dist_to_support': 0.02816947704039707, 'dist_to_resistance': 0.040199848798606316, 'volume': 0.010276506000000001, 'volume_ratio': 0.09984170098309131, 'delta': -4.372799955000302, 'velocity': -2.7933714465869142e-05, 'imbalance': 0.1033082897432657, 'candle_range': 24.6, 'body_ratio': 0.7245113037411175, 'wick_ratio': 0.2754886962588826}",2.3,"{'early_fail_enabled': True, 'invert_signal': False, 'ai_enabled': True, 'edge_threshold': 3.0, 'edge_threshold_max': None, 'edge_range_preset': 'min_only', 'ai_threshold': 44.0, 'leverage': 100, 'pullback_threshold': 0.001}","{'ema9': 60892.59611720481, 'ema21': 60862.67372120825, 'ema200': 62215.45118305375, 'ema_spread': 0.000492, 'ema9_slope_pct': -0.0313, 'ema21_slope_pct': 0.0052, 'ema9_above_ema21': True, 'ema21_above_ema200': False}",MOMENTUM_SHORT,2.3,2.3,False,True,INV_False_EF_True,SHORT,12,8,SCENARIO_C_EARLY_12_v2_frozen,40.0,10.0,-12.0,2.0,8.0,300,1,2,-32.0,False,False,True,False,480,3,5.0,False,5,0.75,"[[12, 8], [15, 10], [25, 18], [40, 28], [60, 45], [80, 60], [100, 75], [150, 120]]","{""trail_ladder"": [[12, 8], [15, 10], [25, 18], [40, 28], [60, 45], [80, 60], [100, 75], [150, 120]], ""ladder_first_trigger_pct"": 12, ""ladder_first_lock_pct"": 8, ""exit_profile_id"": ""SCENARIO_C_EARLY_12_v2_frozen"", ""peak_never_loser_min_peak"": 40.0, ""peak_never_loser_floor"": 10.0, ""thesis_fast_exit_unreal_pct"": -12.0, ""thesis_mfe_protect_pct"": 2.0, ""thesis_exit_if_above_unreal_pct"": 8.0, ""thesis_min_age_sec"": 300, ""thesis_score_flip_margin"": 1, ""thesis_early_decay_delta"": 2, ""early_fail_pct_threshold"": -32.0, ""type_a_first_candle_enabled"": false, ""type_a_early_fail_enabled"": false, ""scenario_c_exit_profile"": true, ""type_a_stall_enabled"": false, ""type_a_stall_min_age_sec"": 480, ""type_a_stall_min_candles"": 3, ""type_a_stall_max_mfe_pct"": 5.0, ""trend_weakening_enabled"": false, ""spread_penalty_threshold"": 5, ""spread_penalty_margin_mult"": 0.75}",2026-06-25T02:52:49.808177+00:00,2026-06-25 12:52:49 AEST,2026-06-25 12:52:49 AEST
2026-06-25T03:02:09.961410+00:00,cont-a47a7a46ef3e,SHORT,60813.79,60886.0,5.002961,-11.86,20.0,4,-2.37,-2.37,0.0,0.0,-0.0,-0.0,THESIS_INVALIDATED,100,0.4,62,44.0,True,SIM_LIMIT,AI_DIRECT_LIMIT,,,,,0,BEAR,SR,60-70,SPAWN,0,0,MIXED,BEAR_ALIGNED,17.19,-2,3,7,0.01769,bitfinex,tBTCF0:USTF0,v10.7-fresh-scope-relay-audit-2026-06-25,BITFINEX_ZERO,v10.7-fresh-scope-relay-audit-2026-06-25,CONTINUOUS,Continuous AI Research,APPROVE,60778.0,0.041981,0.026506,FREE_RANGE,0.000214,0.757139,21.9,5.002962,-14.983444,7.365106,258.836,258.836,258.836,0-5m,AI_DIRECT,AI_DIRECT_CHASE,4,,35.79,0.0,0.0,0.0,False,0.0,0.0,-0.003635,2.8e-05,0.003206,2e-06,-4.800899,0.0,0.106573,60778.0,60851.756894,60846.166193,62200.937336,9.2e-05,FREE_RANGE,SHORT_PREFERRED,0.041981,0.026506,BEAR,3.0,44.0,0.0,100,2.4,True,True,APPROVE,62,"```json
{
  ""direction"": ""SHORT"",
  ""confidence"": 62,
  ""long_score"": 28,
  ""short_score"": 72,
  ""preferred_direction"": ""SHORT"",
  ""entry_zone_low"": 60850,
  ""entry_zone_high"": 61000,
  ""limit_price"": 60925,
  ""expected_mfe"": 180,
  ""expected_mae"": 120,
  ""reversal_probability"": 25,
  ""exit_style"": ""AGGRESSIVE"",
  ""reasons_for_trade"": [
    ""MTF agreement is BEAR_ALIGNED (15m RANGING, 1h BEARISH, 4h BEARISH) - strong bearish hierarchy"",
    ""Trend health state is BEAR with bear_score 5 vs bull_score 4, intact bearish momentum"",
    ""EMA stack shows price below both EMA9 and EMA21, and well below EMA200 (-2.35%), bearish alignment"",
    ""ADX at 17.19 is below 25, but trend_score is -2 and mean_reversion_risk is true - favoring continuation over reversal"",
    ""Orderflow shows negative delta (-4.79) and bearish velocity (-1.81e-5), supporting short-side pressure"",
    ""Micro structure shows price near micro support (60748) with a higher low detected - but no lower high, and structure bias is BEARISH_STRUCTURE, suggesting potential breakdown rather than bounce"",
    ""Funding rate positive (0.01675% per 8h) favors shorts, consistent with bearish sentiment"",
    ""Volume ratio elevated (3.0) with bearish delta suggests aggressive selling""
  ],
  ""reasons_against_trade"": [
    ""Price is very close to micro support (60748) - only 0.0099% away, increasing bounce risk if support holds"",
    ""ADX below 25 indicates non-trending conditions, reducing confidence in strong continuation"",
    ""Higher low detected could signal early reversal attempt, though not confirmed by structure shift"",
    ""Edge score (2.4) is below threshold (3.0), indicating weaker edge telemetry"",
    ""Reversal risk score is 25, suggesting moderate reversal probability from current levels""
  ],
  ""bull_score"": 3,
  ""bear_score"": 7
}
```

Direction: SHORT
Win probability: 62
Long score: 28
Short score: 72
Bull score: 3
Bear score: 7
Decision: APPROVE
Reason: Bearish hierarchy (MTF BEAR_ALIGNED, bearish trend health, bearish EMA stack) combined with negative orderflow and elevated volume ratio strongly favor short continuation. Price near micro support introduces bounce risk, but the lack of lower high and bearish structure bias suggest support is likely to break. Short entry above current price (pullback to micro resistance ~61021) aligns with continuation strategy. Confidence is moderate due to low ADX and proximity to support.",60813.79,60886.0,MAKER,TAKER,0.032907,35.79,258.836,-2.37,-2.37,0.0,0.0,-0.0,-0.0,-11.86,300.177786,THESIS_INVALIDATED,-4.800899,2e-06,2.8e-05,0.106573,False,True,"{'price': 60778.0, 'ret_1m': 0.0, 'ret_5m': 0.0003785696650481442, 'ema9': 60851.75689376385, 'ema21': 60846.16619284197, 'ema200': 62200.93733562585, 'dist_to_support': 0.02650554805571104, 'dist_to_resistance': 0.04198083698264792, 'volume': 0.0032060000000000005, 'volume_ratio': 1.56615893882082e-06, 'delta': -4.800898785000283, 'velocity': 2.799754759672231e-05, 'imbalance': 0.10657278956036915, 'candle_range': 21.9, 'body_ratio': 0.6356224148522285, 'wick_ratio': 0.2643775851477715}",2.4,"{'early_fail_enabled': True, 'invert_signal': False, 'ai_enabled': True, 'edge_threshold': 3.0, 'edge_threshold_max': None, 'edge_range_preset': 'min_only', 'ai_threshold': 44.0, 'leverage': 100, 'pullback_threshold': 0.001}","{'ema9': 60851.75689376385, 'ema21': 60846.16619284197, 'ema200': 62200.93733562585, 'ema_spread': 9.2e-05, 'ema9_slope_pct': -0.0679, 'ema21_slope_pct': -0.0159, 'ema9_above_ema21': True, 'ema21_above_ema200': False}",WEAK_SETUP,2.4,2.4,False,True,INV_False_EF_True,SHORT,12,8,SCENARIO_C_EARLY_12_v2_frozen,40.0,10.0,-12.0,2.0,8.0,300,1,2,-32.0,False,False,True,False,480,3,5.0,False,5,0.75,"[[12, 8], [15, 10], [25, 18], [40, 28], [60, 45], [80, 60], [100, 75], [150, 120]]","{""trail_ladder"": [[12, 8], [15, 10], [25, 18], [40, 28], [60, 45], [80, 60], [100, 75], [150, 120]], ""ladder_first_trigger_pct"": 12, ""ladder_first_lock_pct"": 8, ""exit_profile_id"": ""SCENARIO_C_EARLY_12_v2_frozen"", ""peak_never_loser_min_peak"": 40.0, ""peak_never_loser_floor"": 10.0, ""thesis_fast_exit_unreal_pct"": -12.0, ""thesis_mfe_protect_pct"": 2.0, ""thesis_exit_if_above_unreal_pct"": 8.0, ""thesis_min_age_sec"": 300, ""thesis_score_flip_margin"": 1, ""thesis_early_decay_delta"": 2, ""early_fail_pct_threshold"": -32.0, ""type_a_first_candle_enabled"": false, ""type_a_early_fail_enabled"": false, ""scenario_c_exit_profile"": true, ""type_a_stall_enabled"": false, ""type_a_stall_min_age_sec"": 480, ""type_a_stall_min_candles"": 3, ""type_a_stall_max_mfe_pct"": 5.0, ""trend_weakening_enabled"": false, ""spread_penalty_threshold"": 5, ""spread_penalty_margin_mult"": 0.75}",2026-06-25T03:02:09.961410+00:00,2026-06-25 13:02:09 AEST,2026-06-25 13:02:09 AEST
2026-06-25T03:02:10.331763+00:00,c604c-5fac45232774,SHORT,60815.37,60886.0,5.001733,-11.6,20.0,4,-2.32,-2.32,0.0,0.0,-0.0,-0.0,THESIS_INVALIDATED,100,0.39,62,44.0,True,SIM_LIMIT,AI_DIRECT_LIMIT,,,,,0,BEAR,SR,60-70,SPAWN,0,0,MIXED,BEAR_ALIGNED,17.19,-2,3,7,0.01769,bitfinex,tBTCF0:USTF0,v10.7-fresh-scope-relay-audit-2026-06-25,BITFINEX_ZERO,v10.7-fresh-scope-relay-audit-2026-06-25,COMBO_604_SP4_CHASE_3PLUS,AI60-65 · Spread4 · Chase 3+,APPROVE,60778.0,0.041981,0.026506,FREE_RANGE,0.000214,0.757139,21.9,5.001734,-14.723252,7.624717,257.225,257.225,257.225,0-5m,AI_DIRECT,AI_DIRECT_CHASE,4,,37.37,0.0,0.0,0.0,False,0.0,0.0,-0.003635,2.8e-05,0.003206,2e-06,-4.800899,0.0,0.106573,60778.0,60851.756894,60846.166193,62200.937336,9.2e-05,FREE_RANGE,SHORT_PREFERRED,0.041981,0.026506,BEAR,3.0,44.0,0.0,100,2.4,True,True,APPROVE,62,"```json
{
  ""direction"": ""SHORT"",
  ""confidence"": 62,
  ""long_score"": 28,
  ""short_score"": 72,
  ""preferred_direction"": ""SHORT"",
  ""entry_zone_low"": 60850,
  ""entry_zone_high"": 61000,
  ""limit_price"": 60925,
  ""expected_mfe"": 180,
  ""expected_mae"": 120,
  ""reversal_probability"": 25,
  ""exit_style"": ""AGGRESSIVE"",
  ""reasons_for_trade"": [
    ""MTF agreement is BEAR_ALIGNED (15m RANGING, 1h BEARISH, 4h BEARISH) - strong bearish hierarchy"",
    ""Trend health state is BEAR with bear_score 5 vs bull_score 4, intact bearish momentum"",
    ""EMA stack shows price below both EMA9 and EMA21, and well below EMA200 (-2.35%), bearish alignment"",
    ""ADX at 17.19 is below 25, but trend_score is -2 and mean_reversion_risk is true - favoring continuation over reversal"",
    ""Orderflow shows negative delta (-4.79) and bearish velocity (-1.81e-5), supporting short-side pressure"",
    ""Micro structure shows price near micro support (60748) with a higher low detected - but no lower high, and structure bias is BEARISH_STRUCTURE, suggesting potential breakdown rather than bounce"",
    ""Funding rate positive (0.01675% per 8h) favors shorts, consistent with bearish sentiment"",
    ""Volume ratio elevated (3.0) with bearish delta suggests aggressive selling""
  ],
  ""reasons_against_trade"": [
    ""Price is very close to micro support (60748) - only 0.0099% away, increasing bounce risk if support holds"",
    ""ADX below 25 indicates non-trending conditions, reducing confidence in strong continuation"",
    ""Higher low detected could signal early reversal attempt, though not confirmed by structure shift"",
    ""Edge score (2.4) is below threshold (3.0), indicating weaker edge telemetry"",
    ""Reversal risk score is 25, suggesting moderate reversal probability from current levels""
  ],
  ""bull_score"": 3,
  ""bear_score"": 7
}
```

Direction: SHORT
Win probability: 62
Long score: 28
Short score: 72
Bull score: 3
Bear score: 7
Decision: APPROVE
Reason: Bearish hierarchy (MTF BEAR_ALIGNED, bearish trend health, bearish EMA stack) combined with negative orderflow and elevated volume ratio strongly favor short continuation. Price near micro support introduces bounce risk, but the lack of lower high and bearish structure bias suggest support is likely to break. Short entry above current price (pullback to micro resistance ~61021) aligns with continuation strategy. Confidence is moderate due to low ADX and proximity to support.",60815.37,60886.0,MAKER,TAKER,0.032907,37.37,257.225,-2.32,-2.32,0.0,0.0,-0.0,-0.0,-11.6,300.104083,THESIS_INVALIDATED,-4.800899,2e-06,2.8e-05,0.106573,False,True,"{'price': 60778.0, 'ret_1m': 0.0, 'ret_5m': 0.0003785696650481442, 'ema9': 60851.75689376385, 'ema21': 60846.16619284197, 'ema200': 62200.93733562585, 'dist_to_support': 0.02650554805571104, 'dist_to_resistance': 0.04198083698264792, 'volume': 0.0032060000000000005, 'volume_ratio': 1.56615893882082e-06, 'delta': -4.800898785000283, 'velocity': 2.799754759672231e-05, 'imbalance': 0.10657278956036915, 'candle_range': 21.9, 'body_ratio': 0.6356224148522285, 'wick_ratio': 0.2643775851477715}",2.4,"{'early_fail_enabled': True, 'invert_signal': False, 'ai_enabled': True, 'edge_threshold': 3.0, 'edge_threshold_max': None, 'edge_range_preset': 'min_only', 'ai_threshold': 44.0, 'leverage': 100, 'pullback_threshold': 0.001}","{'ema9': 60851.75689376385, 'ema21': 60846.16619284197, 'ema200': 62200.93733562585, 'ema_spread': 9.2e-05, 'ema9_slope_pct': -0.0679, 'ema21_slope_pct': -0.0159, 'ema9_above_ema21': True, 'ema21_above_ema200': False}",WEAK_SETUP,2.4,2.4,False,True,INV_False_EF_True,SHORT,12,8,SCENARIO_C_EARLY_12_v2_frozen,40.0,10.0,-12.0,2.0,8.0,300,1,2,-32.0,False,False,True,False,480,3,5.0,False,5,0.75,"[[12, 8], [15, 10], [25, 18], [40, 28], [60, 45], [80, 60], [100, 75], [150, 120]]","{""trail_ladder"": [[12, 8], [15, 10], [25, 18], [40, 28], [60, 45], [80, 60], [100, 75], [150, 120]], ""ladder_first_trigger_pct"": 12, ""ladder_first_lock_pct"": 8, ""exit_profile_id"": ""SCENARIO_C_EARLY_12_v2_frozen"", ""peak_never_loser_min_peak"": 40.0, ""peak_never_loser_floor"": 10.0, ""thesis_fast_exit_unreal_pct"": -12.0, ""thesis_mfe_protect_pct"": 2.0, ""thesis_exit_if_above_unreal_pct"": 8.0, ""thesis_min_age_sec"": 300, ""thesis_score_flip_margin"": 1, ""thesis_early_decay_delta"": 2, ""early_fail_pct_threshold"": -32.0, ""type_a_first_candle_enabled"": false, ""type_a_early_fail_enabled"": false, ""scenario_c_exit_profile"": true, ""type_a_stall_enabled"": false, ""type_a_stall_min_age_sec"": 480, ""type_a_stall_min_candles"": 3, ""type_a_stall_max_mfe_pct"": 5.0, ""trend_weakening_enabled"": false, ""spread_penalty_threshold"": 5, ""spread_penalty_margin_mult"": 0.75}",2026-06-25T03:02:10.331763+00:00,2026-06-25 13:02:10 AEST,2026-06-25 13:02:10 AEST
2026-06-25T03:14:03.448371+00:00,cont-a74254f52c12,SHORT,60844.24,60776.64,1.405168,11.12,20.0,4,2.22,2.22,0.0,0.0,-0.0,-0.0,PROFIT_LOCK_LADDER,100,0.37,62,44.0,True,SIM_LIMIT,AI_DIRECT_LIMIT,,,,,0,BEAR,SR,60-70,SPAWN,0,0,MIXED,BEAR_ALIGNED,16.23,-2,3,7,0.01873,bitfinex,tBTCF0:USTF0,v10.7-fresh-scope-relay-audit-2026-06-25,BITFINEX_ZERO,v10.7-fresh-scope-relay-audit-2026-06-25,CONTINUOUS,Continuous AI Research,APPROVE,60832.0,0.04032,0.028058,FREE_RANGE,9.1e-05,1.0,22.2,1.405169,0.0,15.324376,578.653,578.653,578.653,5-15m,AI_DIRECT,AI_DIRECT_CHASE,5,,12.24,0.0,0.1853,0.1853,False,0.0,0.0,-0.001095,-2.3e-05,0.00047,0.016338,-5.265872,0.0,0.113276,60832.0,60868.005515,60854.952737,62188.920665,0.000214,FREE_RANGE,SHORT_PREFERRED,0.04032,0.028058,BEAR,3.0,44.0,0.0,100,2.0,True,True,APPROVE,62,"```json
{
  ""direction"": ""SHORT"",
  ""confidence"": 62,
  ""long_score"": 28,
  ""short_score"": 72,
  ""preferred_direction"": ""SHORT"",
  ""entry_zone_low"": 60900,
  ""entry_zone_high"": 61000,
  ""limit_price"": 60950,
  ""expected_mfe"": 120,
  ""expected_mae"": 80,
  ""reversal_probability"": 43,
  ""exit_style"": ""AGGRESSIVE"",
  ""reasons_for_trade"": [
    ""MTF agreement is BEAR_ALIGNED (15m RANGING, 1h/4h BEARISH) favoring continuation"",
    ""Trend health state is BEAR with bear_score=5 > bull_score=4, intact bearish momentum"",
    ""EMA stack shows price below EMA9 and EMA21, EMA21 below EMA200 (bearish alignment)"",
    ""ADX at 16.23 is below 25, but trend strength score is -2 and mean reversion risk is flagged - not a strong trend, but bearish bias persists"",
    ""Orderflow shows negative delta (-5.26) and negative velocity, supporting short-side pressure"",
    ""Micro structure shows lower high not confirmed, higher low detected - but structure bias is BEARISH_STRUCTURE and liquidity sweep low occurred, suggesting potential for further downside"",
    ""Regime is COMPRESSION with recent EXPANSION cycles - short entry near micro resistance (60980) aligns with bearish continuation in compression"",
    ""Funding rate positive (0.01769% per 8h) favors shorts, consistent with bearish sentiment""
  ],
  ""reasons_against_trade"": [
    ""Price is near micro support (60748) - short entry near support carries bounce risk and reduced expectancy"",
    ""ADX below 25 indicates non-trending conditions, increasing risk of false breakouts or reversals"",
    ""Reversal risk score is 43 (moderate), and higher low detected could signal potential bottoming"",
    ""Volume ratio is very low (0.088), suggesting lack of conviction in current move"",
    ""Edge score (2.0) is below threshold (3.0), indicating weak telemetry for high-confidence trade""
  ],
  ""bull_score"": 3,
  ""bear_score"": 7
}
```

Direction: SHORT  
Win probability: 62%  
Long score: 28  
Short score: 72  
Bull score: 3/10  
Bear score: 7/10  
Decision: APPROVE  
Reason: Bearish alignment across MTF, trend health, and EMA stack supports short continuation. Price near micro resistance (60980) offers a logical entry zone. Negative delta and velocity confirm selling pressure. However, low ADX and proximity to support warrant caution - entry should be aggressive with tight stop above 61000.",60844.24,60776.64,MAKER,TAKER,0.032877,12.24,578.653,2.22,2.22,0.0,0.0,-0.0,-0.0,11.12,84.310168,PROFIT_LOCK_LADDER,-5.265872,0.016338,-2.3e-05,0.113276,False,True,"{'price': 60832.0, 'ret_1m': 0.0, 'ret_5m': -0.0005257623554153522, 'ema9': 60868.005515011086, 'ema21': 60854.95273729726, 'ema200': 62188.92066548903, 'dist_to_support': 0.028057660382320552, 'dist_to_resistance': 0.04031953187922221, 'volume': 0.0004704699999999999, 'volume_ratio': 0.016338491209937148, 'delta': -5.265871655000295, 'velocity': -2.3009366613808108e-05, 'imbalance': 0.1132761609127422, 'candle_range': 22.2, 'body_ratio': 0.6356224148522285, 'wick_ratio': 0.2643775851477715}",2.0,"{'early_fail_enabled': True, 'invert_signal': False, 'ai_enabled': True, 'edge_threshold': 3.0, 'edge_threshold_max': None, 'edge_range_preset': 'min_only', 'ai_threshold': 44.0, 'leverage': 100, 'pullback_threshold': 0.001}","{'ema9': 60868.005515011086, 'ema21': 60854.95273729726, 'ema200': 62188.92066548903, 'ema_spread': 0.000214, 'ema9_slope_pct': -0.0616, 'ema21_slope_pct': -0.0162, 'ema9_above_ema21': True, 'ema21_above_ema200': False}",MOMENTUM_SHORT,2.0,2.0,False,True,INV_False_EF_True,SHORT,12,8,SCENARIO_C_EARLY_12_v2_frozen,40.0,10.0,-12.0,2.0,8.0,300,1,2,-32.0,False,False,True,False,480,3,5.0,False,5,0.75,"[[12, 8], [15, 10], [25, 18], [40, 28], [60, 45], [80, 60], [100, 75], [150, 120]]","{""trail_ladder"": [[12, 8], [15, 10], [25, 18], [40, 28], [60, 45], [80, 60], [100, 75], [150, 120]], ""ladder_first_trigger_pct"": 12, ""ladder_first_lock_pct"": 8, ""exit_profile_id"": ""SCENARIO_C_EARLY_12_v2_frozen"", ""peak_never_loser_min_peak"": 40.0, ""peak_never_loser_floor"": 10.0, ""thesis_fast_exit_unreal_pct"": -12.0, ""thesis_mfe_protect_pct"": 2.0, ""thesis_exit_if_above_unreal_pct"": 8.0, ""thesis_min_age_sec"": 300, ""thesis_score_flip_margin"": 1, ""thesis_early_decay_delta"": 2, ""early_fail_pct_threshold"": -32.0, ""type_a_first_candle_enabled"": false, ""type_a_early_fail_enabled"": false, ""scenario_c_exit_profile"": true, ""type_a_stall_enabled"": false, ""type_a_stall_min_age_sec"": 480, ""type_a_stall_min_candles"": 3, ""type_a_stall_max_mfe_pct"": 5.0, ""trend_weakening_enabled"": false, ""spread_penalty_threshold"": 5, ""spread_penalty_margin_mult"": 0.75}",2026-06-25T03:14:03.448371+00:00,2026-06-25 13:14:03 AEST,2026-06-25 13:14:03 AEST
2026-06-25T03:14:03.498177+00:00,c604c-db2e3507bab8,SHORT,60849.18,60776.64,1.42054,11.93,20.0,4,2.39,2.38,0.0,0.0,-0.0,-0.0,PROFIT_LOCK_LADDER,100,0.4,62,44.0,True,SIM_LIMIT,AI_DIRECT_LIMIT,,,,,0,BEAR,SR,60-70,SPAWN,0,0,MIXED,BEAR_ALIGNED,16.23,-2,3,7,0.01873,bitfinex,tBTCF0:USTF0,v10.7-fresh-scope-relay-audit-2026-06-25,BITFINEX_ZERO,v10.7-fresh-scope-relay-audit-2026-06-25,COMBO_604_SP4_CHASE_3PLUS,AI60-65 · Spread4 · Chase 3+,APPROVE,60832.0,0.04032,0.028058,FREE_RANGE,9.1e-05,1.0,22.2,1.420541,0.0,16.134975,575.859,575.859,575.859,5-15m,AI_DIRECT,AI_DIRECT_CHASE,5,,17.18,0.0,0.1853,0.1853,False,0.0,0.0,-0.001107,-2.3e-05,0.00047,0.016338,-5.265872,0.0,0.113276,60832.0,60868.005515,60854.952737,62188.920665,0.000214,FREE_RANGE,SHORT_PREFERRED,0.04032,0.028058,BEAR,3.0,44.0,0.0,100,2.0,True,True,APPROVE,62,"```json
{
  ""direction"": ""SHORT"",
  ""confidence"": 62,
  ""long_score"": 28,
  ""short_score"": 72,
  ""preferred_direction"": ""SHORT"",
  ""entry_zone_low"": 60900,
  ""entry_zone_high"": 61000,
  ""limit_price"": 60950,
  ""expected_mfe"": 120,
  ""expected_mae"": 80,
  ""reversal_probability"": 43,
  ""exit_style"": ""AGGRESSIVE"",
  ""reasons_for_trade"": [
    ""MTF agreement is BEAR_ALIGNED (15m RANGING, 1h/4h BEARISH) favoring continuation"",
    ""Trend health state is BEAR with bear_score=5 > bull_score=4, intact bearish momentum"",
    ""EMA stack shows price below EMA9 and EMA21, EMA21 below EMA200 (bearish alignment)"",
    ""ADX at 16.23 is below 25, but trend strength score is -2 and mean reversion risk is flagged - not a strong trend, but bearish bias persists"",
    ""Orderflow shows negative delta (-5.26) and negative velocity, supporting short-side pressure"",
    ""Micro structure shows lower high not confirmed, higher low detected - but structure bias is BEARISH_STRUCTURE and liquidity sweep low occurred, suggesting potential for further downside"",
    ""Regime is COMPRESSION with recent EXPANSION cycles - short entry near micro resistance (60980) aligns with bearish continuation in compression"",
    ""Funding rate positive (0.01769% per 8h) favors shorts, consistent with bearish sentiment""
  ],
  ""reasons_against_trade"": [
    ""Price is near micro support (60748) - short entry near support carries bounce risk and reduced expectancy"",
    ""ADX below 25 indicates non-trending conditions, increasing risk of false breakouts or reversals"",
    ""Reversal risk score is 43 (moderate), and higher low detected could signal potential bottoming"",
    ""Volume ratio is very low (0.088), suggesting lack of conviction in current move"",
    ""Edge score (2.0) is below threshold (3.0), indicating weak telemetry for high-confidence trade""
  ],
  ""bull_score"": 3,
  ""bear_score"": 7
}
```

Direction: SHORT  
Win probability: 62%  
Long score: 28  
Short score: 72  
Bull score: 3/10  
Bear score: 7/10  
Decision: APPROVE  
Reason: Bearish alignment across MTF, trend health, and EMA stack supports short continuation. Price near micro resistance (60980) offers a logical entry zone. Negative delta and velocity confirm selling pressure. However, low ADX and proximity to support warrant caution - entry should be aggressive with tight stop above 61000.",60849.18,60776.64,MAKER,TAKER,0.032877,17.18,575.859,2.39,2.38,0.0,0.0,-0.0,-0.0,11.93,85.232483,PROFIT_LOCK_LADDER,-5.265872,0.016338,-2.3e-05,0.113276,False,True,"{'price': 60832.0, 'ret_1m': 0.0, 'ret_5m': -0.0005257623554153522, 'ema9': 60868.005515011086, 'ema21': 60854.95273729726, 'ema200': 62188.92066548903, 'dist_to_support': 0.028057660382320552, 'dist_to_resistance': 0.04031953187922221, 'volume': 0.0004704699999999999, 'volume_ratio': 0.016338491209937148, 'delta': -5.265871655000295, 'velocity': -2.3009366613808108e-05, 'imbalance': 0.1132761609127422, 'candle_range': 22.2, 'body_ratio': 0.6356224148522285, 'wick_ratio': 0.2643775851477715}",2.0,"{'early_fail_enabled': True, 'invert_signal': False, 'ai_enabled': True, 'edge_threshold': 3.0, 'edge_threshold_max': None, 'edge_range_preset': 'min_only', 'ai_threshold': 44.0, 'leverage': 100, 'pullback_threshold': 0.001}","{'ema9': 60868.005515011086, 'ema21': 60854.95273729726, 'ema200': 62188.92066548903, 'ema_spread': 0.000214, 'ema9_slope_pct': -0.0616, 'ema21_slope_pct': -0.0162, 'ema9_above_ema21': True, 'ema21_above_ema200': False}",MOMENTUM_SHORT,2.0,2.0,False,True,INV_False_EF_True,SHORT,12,8,SCENARIO_C_EARLY_12_v2_frozen,40.0,10.0,-12.0,2.0,8.0,300,1,2,-32.0,False,False,True,False,480,3,5.0,False,5,0.75,"[[12, 8], [15, 10], [25, 18], [40, 28], [60, 45], [80, 60], [100, 75], [150, 120]]","{""trail_ladder"": [[12, 8], [15, 10], [25, 18], [40, 28], [60, 45], [80, 60], [100, 75], [150, 120]], ""ladder_first_trigger_pct"": 12, ""ladder_first_lock_pct"": 8, ""exit_profile_id"": ""SCENARIO_C_EARLY_12_v2_frozen"", ""peak_never_loser_min_peak"": 40.0, ""peak_never_loser_floor"": 10.0, ""thesis_fast_exit_unreal_pct"": -12.0, ""thesis_mfe_protect_pct"": 2.0, ""thesis_exit_if_above_unreal_pct"": 8.0, ""thesis_min_age_sec"": 300, ""thesis_score_flip_margin"": 1, ""thesis_early_decay_delta"": 2, ""early_fail_pct_threshold"": -32.0, ""type_a_first_candle_enabled"": false, ""type_a_early_fail_enabled"": false, ""scenario_c_exit_profile"": true, ""type_a_stall_enabled"": false, ""type_a_stall_min_age_sec"": 480, ""type_a_stall_min_candles"": 3, ""type_a_stall_max_mfe_pct"": 5.0, ""trend_weakening_enabled"": false, ""spread_penalty_threshold"": 5, ""spread_penalty_margin_mult"": 0.75}",2026-06-25T03:14:03.498177+00:00,2026-06-25 13:14:03 AEST,2026-06-25 13:14:03 AEST
2026-06-25T03:26:51.152819+00:00,cont-a5157e0324d3,SHORT,60857.62,60858.0,5.240858,-0.04,20.0,4,-0.01,-0.01,0.0,0.0,-0.0,-0.0,THESIS_INVALIDATED,100,0.0,62,44.0,True,SIM_LIMIT,AI_DIRECT_LIMIT,,,,,0,BEAR,SR,60-70,SPAWN,0,0,MIXED,BEAR_ALIGNED,15.53,-2,3,7,0.01995,bitfinex,tBTCF0:USTF0,v10.7-fresh-scope-relay-audit-2026-06-25,BITFINEX_ZERO,v10.7-fresh-scope-relay-audit-2026-06-25,CONTINUOUS,Continuous AI Research,APPROVE,60837.0,0.040576,0.027818,FREE_RANGE,6.5e-05,0.657711,24.8,5.240859,-2.302095,8.810729,140.277,140.277,140.277,0-5m,AI_DIRECT,AI_DIRECT_CHASE,2,,20.62,0.0,0.0,0.0,False,0.0,0.0,-0.004306,2.1e-05,0.011607,4.341304,-8.749773,0.0,0.165175,60837.0,60847.844412,60846.419844,62174.881423,2.3e-05,FREE_RANGE,SHORT_PREFERRED,0.040576,0.027818,BEAR,3.0,44.0,0.0,100,1.5,True,True,APPROVE,62,"```json
{
  ""direction"": ""SHORT"",
  ""confidence"": 62,
  ""long_score"": 25,
  ""short_score"": 70,
  ""preferred_direction"": ""SHORT"",
  ""entry_zone_low"": 60850,
  ""entry_zone_high"": 60950,
  ""limit_price"": 60900,
  ""expected_mfe"": 120,
  ""expected_mae"": 80,
  ""reversal_probability"": 37,
  ""exit_style"": ""AGGRESSIVE"",
  ""reasons_for_trade"": [
    ""MTF agreement is BEAR_ALIGNED (15m ranging, 1h/4h bearish) - strong bearish context"",
    ""Trend health state is BEAR with bear_score 5 vs bull_score 4 - bearish intact"",
    ""EMA alignment shows price below EMA9, EMA21, and EMA200 - bearish stack (though EMA9 above EMA21, overall bearish)"",
    ""ADX at 15.53 (<25) indicates weak trend, but mean reversion risk is true - favoring short on bounces"",
    ""Funding rate positive (0.0192% per 8h) - shorts receive funding, favoring short positioning"",
    ""Delta is negative (-8.73) and imbalance is positive (0.165) - selling pressure present"",
    ""Liquidity sweep low detected - potential for further downside after sweep"",
    ""Micro structure bias is BEARISH_STRUCTURE with lower highs likely"",
    ""Price near micro resistance (60980) and recent high (63292) - short from resistance zone"",
    ""Volume ratio elevated (3.27) - increased activity supporting move""
  ],
  ""reasons_against_trade"": [
    ""ADX below 25 suggests non-trending conditions - risk of mean reversion or chop"",
    ""Higher low detected (HL in swing labels) - potential for bullish reversal if structure shifts"",
    ""Reversal risk score 37 - moderate risk of bounce from support levels"",
    ""Price near micro support (60748) - short entry near support may have reduced expectancy"",
    ""EMA9 above EMA21 - short-term bullish cross could slow downside"",
    ""Edge score (1.5) below threshold (3.0) - weak edge signal""
  ],
  ""bull_score"": 3,
  ""bear_score"": 7
}
```",60857.62,60858.0,MAKER,TAKER,0.032875,20.62,140.277,-0.01,-0.01,0.0,0.0,-0.0,-0.0,-0.04,314.451584,THESIS_INVALIDATED,-8.749773,4.341304,2.1e-05,0.165175,False,True,"{'price': 60837.0, 'ret_1m': 6.575378495224631e-05, 'ret_5m': 0.0003288554187151619, 'ema9': 60847.84441200887, 'ema21': 60846.419843823795, 'ema200': 62174.88142259788, 'dist_to_support': 0.027817966592134685, 'dist_to_resistance': 0.040576088386163355, 'volume': 0.011607132000000001, 'volume_ratio': 4.341303676659066, 'delta': -8.749772851000213, 'velocity': 2.1375467473688358e-05, 'imbalance': 0.16517481447742333, 'candle_range': 24.8, 'body_ratio': 0.6091805337519622, 'wick_ratio': 0.29081946624803773}",1.5,"{'early_fail_enabled': True, 'invert_signal': False, 'ai_enabled': True, 'edge_threshold': 3.0, 'edge_threshold_max': None, 'edge_range_preset': 'min_only', 'ai_threshold': 44.0, 'leverage': 100, 'pullback_threshold': 0.001}","{'ema9': 60847.84441200887, 'ema21': 60846.419843823795, 'ema200': 62174.88142259788, 'ema_spread': 2.3e-05, 'ema9_slope_pct': -0.0515, 'ema21_slope_pct': -0.0167, 'ema9_above_ema21': True, 'ema21_above_ema200': False}",WEAK_SETUP,1.5,1.5,False,True,INV_False_EF_True,SHORT,12,8,SCENARIO_C_EARLY_12_v2_frozen,40.0,10.0,-12.0,2.0,8.0,300,1,2,-32.0,False,False,True,False,480,3,5.0,False,5,0.75,"[[12, 8], [15, 10], [25, 18], [40, 28], [60, 45], [80, 60], [100, 75], [150, 120]]","{""trail_ladder"": [[12, 8], [15, 10], [25, 18], [40, 28], [60, 45], [80, 60], [100, 75], [150, 120]], ""ladder_first_trigger_pct"": 12, ""ladder_first_lock_pct"": 8, ""exit_profile_id"": ""SCENARIO_C_EARLY_12_v2_frozen"", ""peak_never_loser_min_peak"": 40.0, ""peak_never_loser_floor"": 10.0, ""thesis_fast_exit_unreal_pct"": -12.0, ""thesis_mfe_protect_pct"": 2.0, ""thesis_exit_if_above_unreal_pct"": 8.0, ""thesis_min_age_sec"": 300, ""thesis_score_flip_margin"": 1, ""thesis_early_decay_delta"": 2, ""early_fail_pct_threshold"": -32.0, ""type_a_first_candle_enabled"": false, ""type_a_early_fail_enabled"": false, ""scenario_c_exit_profile"": true, ""type_a_stall_enabled"": false, ""type_a_stall_min_age_sec"": 480, ""type_a_stall_min_candles"": 3, ""type_a_stall_max_mfe_pct"": 5.0, ""trend_weakening_enabled"": false, ""spread_penalty_threshold"": 5, ""spread_penalty_margin_mult"": 0.75}",2026-06-25T03:26:51.152819+00:00,2026-06-25 13:26:51 AEST,2026-06-25 13:26:51 AEST
2026-06-25T03:34:20.694971+00:00,c604c-7a160b545dbd,SHORT,60821.21,60836.0,5.008794,-2.41,20.0,4,-0.48,-0.49,0.0,0.0,-0.0,-0.0,THESIS_INVALIDATED,100,0.08,62,44.0,True,SIM_LIMIT,AI_DIRECT_LIMIT,,,,,0,BEAR,SR,60-70,SPAWN,0,0,MIXED,BEAR_ALIGNED,15.53,-2,3,7,0.02059,bitfinex,tBTCF0:USTF0,v10.7-fresh-scope-relay-audit-2026-06-25,BITFINEX_ZERO,v10.7-fresh-scope-relay-audit-2026-06-25,COMBO_604_SP4_CHASE_3PLUS,AI60-65 · Spread4 · Chase 3+,APPROVE,60837.0,0.040576,0.027818,FREE_RANGE,-1.4e-05,0.657711,24.8,5.008794,-10.652534,1.185442,602.017,602.017,602.017,5-15m,AI_DIRECT,AI_DIRECT_CHASE,3,,15.79,0.1575,0.0985,0.256,False,0.0,0.0,-0.004254,2.1e-05,0.011607,4.341304,-8.749773,0.0,0.165175,60837.0,60847.844412,60846.419844,62174.881423,2.3e-05,FREE_RANGE,SHORT_PREFERRED,0.040576,0.027818,BEAR,3.0,44.0,0.0,100,1.5,True,True,APPROVE,62,"```json
{
  ""direction"": ""SHORT"",
  ""confidence"": 62,
  ""long_score"": 25,
  ""short_score"": 70,
  ""preferred_direction"": ""SHORT"",
  ""entry_zone_low"": 60850,
  ""entry_zone_high"": 60950,
  ""limit_price"": 60900,
  ""expected_mfe"": 120,
  ""expected_mae"": 80,
  ""reversal_probability"": 37,
  ""exit_style"": ""AGGRESSIVE"",
  ""reasons_for_trade"": [
    ""MTF agreement is BEAR_ALIGNED (15m ranging, 1h/4h bearish) - strong bearish context"",
    ""Trend health state is BEAR with bear_score 5 vs bull_score 4 - bearish intact"",
    ""EMA alignment shows price below EMA9, EMA21, and EMA200 - bearish stack (though EMA9 above EMA21, overall bearish)"",
    ""ADX at 15.53 (<25) indicates weak trend, but mean reversion risk is true - favoring short on bounces"",
    ""Funding rate positive (0.0192% per 8h) - shorts receive funding, favoring short positioning"",
    ""Delta is negative (-8.73) and imbalance is positive (0.165) - selling pressure present"",
    ""Liquidity sweep low detected - potential for further downside after sweep"",
    ""Micro structure bias is BEARISH_STRUCTURE with lower highs likely"",
    ""Price near micro resistance (60980) and recent high (63292) - short from resistance zone"",
    ""Volume ratio elevated (3.27) - increased activity supporting move""
  ],
  ""reasons_against_trade"": [
    ""ADX below 25 suggests non-trending conditions - risk of mean reversion or chop"",
    ""Higher low detected (HL in swing labels) - potential for bullish reversal if structure shifts"",
    ""Reversal risk score 37 - moderate risk of bounce from support levels"",
    ""Price near micro support (60748) - short entry near support may have reduced expectancy"",
    ""EMA9 above EMA21 - short-term bullish cross could slow downside"",
    ""Edge score (1.5) below threshold (3.0) - weak edge signal""
  ],
  ""bull_score"": 3,
  ""bear_score"": 7
}
```",60821.21,60836.0,MAKER,TAKER,0.032875,15.79,602.017,-0.48,-0.49,0.0,0.0,-0.0,-0.0,-2.41,300.527707,THESIS_INVALIDATED,-8.749773,4.341304,2.1e-05,0.165175,False,True,"{'price': 60837.0, 'ret_1m': 6.575378495224631e-05, 'ret_5m': 0.0003288554187151619, 'ema9': 60847.84441200887, 'ema21': 60846.419843823795, 'ema200': 62174.88142259788, 'dist_to_support': 0.027817966592134685, 'dist_to_resistance': 0.040576088386163355, 'volume': 0.011607132000000001, 'volume_ratio': 4.341303676659066, 'delta': -8.749772851000213, 'velocity': 2.1375467473688358e-05, 'imbalance': 0.16517481447742333, 'candle_range': 24.8, 'body_ratio': 0.6091805337519622, 'wick_ratio': 0.29081946624803773}",1.5,"{'early_fail_enabled': True, 'invert_signal': False, 'ai_enabled': True, 'edge_threshold': 3.0, 'edge_threshold_max': None, 'edge_range_preset': 'min_only', 'ai_threshold': 44.0, 'leverage': 100, 'pullback_threshold': 0.001}","{'ema9': 60847.84441200887, 'ema21': 60846.419843823795, 'ema200': 62174.88142259788, 'ema_spread': 2.3e-05, 'ema9_slope_pct': -0.0515, 'ema21_slope_pct': -0.0167, 'ema9_above_ema21': True, 'ema21_above_ema200': False}",WEAK_SETUP,1.5,1.5,False,True,INV_False_EF_True,SHORT,12,8,SCENARIO_C_EARLY_12_v2_frozen,40.0,10.0,-12.0,2.0,8.0,300,1,2,-32.0,False,False,True,False,480,3,5.0,False,5,0.75,"[[12, 8], [15, 10], [25, 18], [40, 28], [60, 45], [80, 60], [100, 75], [150, 120]]","{""trail_ladder"": [[12, 8], [15, 10], [25, 18], [40, 28], [60, 45], [80, 60], [100, 75], [150, 120]], ""ladder_first_trigger_pct"": 12, ""ladder_first_lock_pct"": 8, ""exit_profile_id"": ""SCENARIO_C_EARLY_12_v2_frozen"", ""peak_never_loser_min_peak"": 40.0, ""peak_never_loser_floor"": 10.0, ""thesis_fast_exit_unreal_pct"": -12.0, ""thesis_mfe_protect_pct"": 2.0, ""thesis_exit_if_above_unreal_pct"": 8.0, ""thesis_min_age_sec"": 300, ""thesis_score_flip_margin"": 1, ""thesis_early_decay_delta"": 2, ""early_fail_pct_threshold"": -32.0, ""type_a_first_candle_enabled"": false, ""type_a_early_fail_enabled"": false, ""scenario_c_exit_profile"": true, ""type_a_stall_enabled"": false, ""type_a_stall_min_age_sec"": 480, ""type_a_stall_min_candles"": 3, ""type_a_stall_max_mfe_pct"": 5.0, ""trend_weakening_enabled"": false, ""spread_penalty_threshold"": 5, ""spread_penalty_margin_mult"": 0.75}",2026-06-25T03:34:20.694971+00:00,2026-06-25 13:34:20 AEST,2026-06-25 13:34:20 AEST
2026-06-25T03:50:38.046656+00:00,cont-a7dc60484780,SHORT,60791.06,60832.97,5.00512,-6.87,20.0,4,-1.37,-1.38,0.0,0.0,-0.0,-0.0,THESIS_INVALIDATED,100,0.23,62,44.0,True,SIM_LIMIT,AI_DIRECT_LIMIT,,,,,0,BEAR,SR,60-70,SPAWN,0,0,MIXED,BEAR_ALIGNED,14.8,-2,3,7,0.02206,bitfinex,tBTCF0:USTF0,v10.7-fresh-scope-relay-audit-2026-06-25,BITFINEX_ZERO,v10.7-fresh-scope-relay-audit-2026-06-25,CONTINUOUS,Continuous AI Research,APPROVE,60825.0,0.040559,0.027834,FREE_RANGE,-4.2e-05,1.0,23.9,5.005121,-9.531007,0.667861,601.851,601.851,601.851,5-15m,AI_DIRECT,AI_DIRECT_CHASE,5,,33.94,0.0967,0.0319,0.1286,False,0.0,0.0,-0.004561,-4.9e-05,0.007327,0.046209,-8.730167,0.0,0.161701,60825.0,60848.27553,60846.94366,62162.542664,2.2e-05,FREE_RANGE,SHORT_PREFERRED,0.040559,0.027834,BEAR,3.0,44.0,0.0,100,2.3,True,True,APPROVE,62,"```json
{
  ""direction"": ""SHORT"",
  ""confidence"": 62,
  ""long_score"": 30,
  ""short_score"": 68,
  ""preferred_direction"": ""SHORT"",
  ""entry_zone_low"": 60900,
  ""entry_zone_high"": 61000,
  ""limit_price"": 60950,
  ""expected_mfe"": 120,
  ""expected_mae"": 80,
  ""reversal_probability"": 51,
  ""exit_style"": ""AGGRESSIVE"",
  ""reasons_for_trade"": [
    ""Multi-timeframe agreement is BEAR_ALIGNED (15m RANGING, 1h BEARISH, 4h BEARISH) - strong bearish consensus"",
    ""Trend health state is BEAR with bear_score (5) > bull_score (4) and no weakening signals"",
    ""EMA stack shows price below both EMA9 and EMA21, and well below EMA200 (2.15% gap) - bearish alignment"",
    ""ADX at 14.8 is below 25, but trend strength score is -2 and mean reversion risk is flagged - favors continuation over reversal"",
    ""Orderflow shows negative delta (-8.73) and negative velocity, supporting bearish momentum"",
    ""Market regime is COMPRESSION (783 sec) - often precedes expansion; bearish bias favors downside breakout"",
    ""Liquidity sweep low already occurred - potential for further downside if support breaks"",
    ""Funding rate positive (0.02069% per 8h) - longs paying shorts, consistent with bearish sentiment""
  ],
  ""reasons_against_trade"": [
    ""Price is near micro support (60748) and only 2.78% above major support - bounce risk is elevated"",
    ""Reversal risk score is 51 (moderate) - not negligible, especially near support"",
    ""Volume ratio is very low (0.046) - lack of conviction could lead to choppy price action"",
    ""Edge score (2.3) is below threshold (3.0) - signal quality is suboptimal"",
    ""Higher low detected on micro structure - could indicate short-term buying pressure"",
    ""ADX below 25 suggests no strong trending environment - potential for false breakouts""
  ],
  ""bull_score"": 3,
  ""bear_score"": 7
}
```

Direction: SHORT
Win probability: 62
Long score: 30
Short score: 68
Bull score: 3
Bear score: 7
Decision: APPROVE
Reason: Bearish alignment across MTF, trend health, and orderflow outweighs bounce risk near support. Short entry above current price (pullback to micro resistance zone) with aggressive exit to capture quick downside.",60791.06,60832.97,MAKER,TAKER,0.032881,33.94,601.851,-1.37,-1.38,0.0,0.0,-0.0,-0.0,-6.87,300.307293,THESIS_INVALIDATED,-8.730167,0.046209,-4.9e-05,0.161701,False,True,"{'price': 60825.0, 'ret_1m': -0.0001479435841798994, 'ret_5m': -0.0007721119726639506, 'ema9': 60848.2755296071, 'ema21': 60846.943659675126, 'ema200': 62162.54266402641, 'dist_to_support': 0.027833949856144676, 'dist_to_resistance': 0.040558980682285244, 'volume': 0.007326807000000002, 'volume_ratio': 0.04620907038034595, 'delta': -8.730167019000223, 'velocity': -4.929469606176147e-05, 'imbalance': 0.16170053728212266, 'candle_range': 23.9, 'body_ratio': 0.6091805337519622, 'wick_ratio': 0.2908194662480376}",2.3,"{'early_fail_enabled': True, 'invert_signal': False, 'ai_enabled': True, 'edge_threshold': 3.0, 'edge_threshold_max': None, 'edge_range_preset': 'min_only', 'ai_threshold': 44.0, 'leverage': 100, 'pullback_threshold': 0.001}","{'ema9': 60848.2755296071, 'ema21': 60846.943659675126, 'ema200': 62162.54266402641, 'ema_spread': 2.2e-05, 'ema9_slope_pct': -0.0353, 'ema21_slope_pct': -0.0122, 'ema9_above_ema21': True, 'ema21_above_ema200': False}",MOMENTUM_SHORT,2.3,2.3,False,True,INV_False_EF_True,SHORT,12,8,SCENARIO_C_EARLY_12_v2_frozen,40.0,10.0,-12.0,2.0,8.0,300,1,2,-32.0,False,False,True,False,480,3,5.0,False,5,0.75,"[[12, 8], [15, 10], [25, 18], [40, 28], [60, 45], [80, 60], [100, 75], [150, 120]]","{""trail_ladder"": [[12, 8], [15, 10], [25, 18], [40, 28], [60, 45], [80, 60], [100, 75], [150, 120]], ""ladder_first_trigger_pct"": 12, ""ladder_first_lock_pct"": 8, ""exit_profile_id"": ""SCENARIO_C_EARLY_12_v2_frozen"", ""peak_never_loser_min_peak"": 40.0, ""peak_never_loser_floor"": 10.0, ""thesis_fast_exit_unreal_pct"": -12.0, ""thesis_mfe_protect_pct"": 2.0, ""thesis_exit_if_above_unreal_pct"": 8.0, ""thesis_min_age_sec"": 300, ""thesis_score_flip_margin"": 1, ""thesis_early_decay_delta"": 2, ""early_fail_pct_threshold"": -32.0, ""type_a_first_candle_enabled"": false, ""type_a_early_fail_enabled"": false, ""scenario_c_exit_profile"": true, ""type_a_stall_enabled"": false, ""type_a_stall_min_age_sec"": 480, ""type_a_stall_min_candles"": 3, ""type_a_stall_max_mfe_pct"": 5.0, ""trend_weakening_enabled"": false, ""spread_penalty_threshold"": 5, ""spread_penalty_margin_mult"": 0.75}",2026-06-25T03:50:38.046656+00:00,2026-06-25 13:50:38 AEST,2026-06-25 13:50:38 AEST
2026-06-25T03:50:39.395141+00:00,c604c-bd5895a872b8,SHORT,60791.06,60832.0,5.00408,-6.71,20.0,4,-1.34,-1.35,0.0,0.0,-0.0,-0.0,THESIS_INVALIDATED,100,0.22,62,44.0,True,SIM_LIMIT,AI_DIRECT_LIMIT,,,,,0,BEAR,SR,60-70,SPAWN,0,0,MIXED,BEAR_ALIGNED,14.8,-2,3,7,0.02206,bitfinex,tBTCF0:USTF0,v10.7-fresh-scope-relay-audit-2026-06-25,BITFINEX_ZERO,v10.7-fresh-scope-relay-audit-2026-06-25,COMBO_604_SP4_CHASE_3PLUS,AI60-65 · Spread4 · Chase 3+,APPROVE,60825.0,0.040559,0.027834,FREE_RANGE,-4.2e-05,1.0,23.9,5.004081,-9.531007,0.667861,601.656,601.656,601.656,5-15m,AI_DIRECT,AI_DIRECT_CHASE,5,,33.94,0.0967,0.0,0.0967,False,0.0,0.0,-0.00456,-4.9e-05,0.007327,0.046209,-8.730167,0.0,0.161701,60825.0,60848.27553,60846.94366,62162.542664,2.2e-05,FREE_RANGE,SHORT_PREFERRED,0.040559,0.027834,BEAR,3.0,44.0,0.0,100,2.3,True,True,APPROVE,62,"```json
{
  ""direction"": ""SHORT"",
  ""confidence"": 62,
  ""long_score"": 30,
  ""short_score"": 68,
  ""preferred_direction"": ""SHORT"",
  ""entry_zone_low"": 60900,
  ""entry_zone_high"": 61000,
  ""limit_price"": 60950,
  ""expected_mfe"": 120,
  ""expected_mae"": 80,
  ""reversal_probability"": 51,
  ""exit_style"": ""AGGRESSIVE"",
  ""reasons_for_trade"": [
    ""Multi-timeframe agreement is BEAR_ALIGNED (15m RANGING, 1h BEARISH, 4h BEARISH) - strong bearish consensus"",
    ""Trend health state is BEAR with bear_score (5) > bull_score (4) and no weakening signals"",
    ""EMA stack shows price below both EMA9 and EMA21, and well below EMA200 (2.15% gap) - bearish alignment"",
    ""ADX at 14.8 is below 25, but trend strength score is -2 and mean reversion risk is flagged - favors continuation over reversal"",
    ""Orderflow shows negative delta (-8.73) and negative velocity, supporting bearish momentum"",
    ""Market regime is COMPRESSION (783 sec) - often precedes expansion; bearish bias favors downside breakout"",
    ""Liquidity sweep low already occurred - potential for further downside if support breaks"",
    ""Funding rate positive (0.02069% per 8h) - longs paying shorts, consistent with bearish sentiment""
  ],
  ""reasons_against_trade"": [
    ""Price is near micro support (60748) and only 2.78% above major support - bounce risk is elevated"",
    ""Reversal risk score is 51 (moderate) - not negligible, especially near support"",
    ""Volume ratio is very low (0.046) - lack of conviction could lead to choppy price action"",
    ""Edge score (2.3) is below threshold (3.0) - signal quality is suboptimal"",
    ""Higher low detected on micro structure - could indicate short-term buying pressure"",
    ""ADX below 25 suggests no strong trending environment - potential for false breakouts""
  ],
  ""bull_score"": 3,
  ""bear_score"": 7
}
```

Direction: SHORT
Win probability: 62
Long score: 30
Short score: 68
Bull score: 3
Bear score: 7
Decision: APPROVE
Reason: Bearish alignment across MTF, trend health, and orderflow outweighs bounce risk near support. Short entry above current price (pullback to micro resistance zone) with aggressive exit to capture quick downside.",60791.06,60832.0,MAKER,TAKER,0.032881,33.94,601.656,-1.34,-1.35,0.0,0.0,-0.0,-0.0,-6.71,300.244924,THESIS_INVALIDATED,-8.730167,0.046209,-4.9e-05,0.161701,False,True,"{'price': 60825.0, 'ret_1m': -0.0001479435841798994, 'ret_5m': -0.0007721119726639506, 'ema9': 60848.2755296071, 'ema21': 60846.943659675126, 'ema200': 62162.54266402641, 'dist_to_support': 0.027833949856144676, 'dist_to_resistance': 0.040558980682285244, 'volume': 0.007326807000000002, 'volume_ratio': 0.04620907038034595, 'delta': -8.730167019000223, 'velocity': -4.929469606176147e-05, 'imbalance': 0.16170053728212266, 'candle_range': 23.9, 'body_ratio': 0.6091805337519622, 'wick_ratio': 0.2908194662480376}",2.3,"{'early_fail_enabled': True, 'invert_signal': False, 'ai_enabled': True, 'edge_threshold': 3.0, 'edge_threshold_max': None, 'edge_range_preset': 'min_only', 'ai_threshold': 44.0, 'leverage': 100, 'pullback_threshold': 0.001}","{'ema9': 60848.2755296071, 'ema21': 60846.943659675126, 'ema200': 62162.54266402641, 'ema_spread': 2.2e-05, 'ema9_slope_pct': -0.0353, 'ema21_slope_pct': -0.0122, 'ema9_above_ema21': True, 'ema21_above_ema200': False}",MOMENTUM_SHORT,2.3,2.3,False,True,INV_False_EF_True,SHORT,12,8,SCENARIO_C_EARLY_12_v2_frozen,40.0,10.0,-12.0,2.0,8.0,300,1,2,-32.0,False,False,True,False,480,3,5.0,False,5,0.75,"[[12, 8], [15, 10], [25, 18], [40, 28], [60, 45], [80, 60], [100, 75], [150, 120]]","{""trail_ladder"": [[12, 8], [15, 10], [25, 18], [40, 28], [60, 45], [80, 60], [100, 75], [150, 120]], ""ladder_first_trigger_pct"": 12, ""ladder_first_lock_pct"": 8, ""exit_profile_id"": ""SCENARIO_C_EARLY_12_v2_frozen"", ""peak_never_loser_min_peak"": 40.0, ""peak_never_loser_floor"": 10.0, ""thesis_fast_exit_unreal_pct"": -12.0, ""thesis_mfe_protect_pct"": 2.0, ""thesis_exit_if_above_unreal_pct"": 8.0, ""thesis_min_age_sec"": 300, ""thesis_score_flip_margin"": 1, ""thesis_early_decay_delta"": 2, ""early_fail_pct_threshold"": -32.0, ""type_a_first_candle_enabled"": false, ""type_a_early_fail_enabled"": false, ""scenario_c_exit_profile"": true, ""type_a_stall_enabled"": false, ""type_a_stall_min_age_sec"": 480, ""type_a_stall_min_candles"": 3, ""type_a_stall_max_mfe_pct"": 5.0, ""trend_weakening_enabled"": false, ""spread_penalty_threshold"": 5, ""spread_penalty_margin_mult"": 0.75}",2026-06-25T03:50:39.395141+00:00,2026-06-25 13:50:39 AEST,2026-06-25 13:50:39 AEST
2026-06-25T03:59:42.370315+00:00,cont-9850a247ad5e,SHORT,60890.0,60930.0,5.003603,-6.55,20.0,4,-1.31,-1.31,0.0,0.0,-0.0,-0.0,THESIS_INVALIDATED,100,0.22,62,44.0,True,SIM_LIMIT,AI_DIRECT_LIMIT,,,,,0,BEAR,SR,60-70,SPAWN,0,0,MIXED,BEAR_ALIGNED,14.13,-2,3,7,0.02286,bitfinex,tBTCF0:USTF0,v10.7-fresh-scope-relay-audit-2026-06-25,BITFINEX_ZERO,v10.7-fresh-scope-relay-audit-2026-06-25,CONTINUOUS,Continuous AI Research,APPROVE,60830.0,0.040456,0.02793,FREE_RANGE,0.00011,0.493121,19.0,5.003604,-9.032682,1.313845,165.168,165.168,165.168,0-5m,AI_DIRECT,AI_DIRECT_CHASE,1,,60.0,0.0,0.0,0.0,False,0.0,0.0,-0.004733,1e-05,0.003333,0.947223,-8.765856,0.0,0.158787,60831.0,60838.340424,60842.221509,62150.047364,-6.4e-05,FREE_RANGE,SHORT_PREFERRED,0.040456,0.02793,BEAR,3.0,44.0,0.0,100,2.9,True,True,APPROVE,62,"```json
{
  ""direction"": ""SHORT"",
  ""confidence"": 62,
  ""long_score"": 28,
  ""short_score"": 72,
  ""preferred_direction"": ""SHORT"",
  ""entry_zone_low"": 60850,
  ""entry_zone_high"": 60980,
  ""limit_price"": 60915,
  ""expected_mfe"": 180,
  ""expected_mae"": 120,
  ""reversal_probability"": 45,
  ""exit_style"": ""AGGRESSIVE"",
  ""reasons_for_trade"": [
    ""MTF agreement is BEAR_ALIGNED across 15m/1h/4h"",
    ""EMA stack is bearish (price below all EMAs, EMA9 below EMA21, EMA21 below EMA200)"",
    ""Trend health state is BEAR with bear_score 5 vs bull_score 4"",
    ""Market structure shows LH/LL sequence active, last swing high at 60980"",
    ""ADX at 14.13 is below 25, but trend strength score is -2 (bearish) and mean reversion risk is noted"",
    ""Funding rate positive (0.022% per 8h) favors shorts, longs paying"",
    ""Liquidity sweep low detected, suggesting potential further downside"",
    ""Edge score 2.9 is just below threshold, but bearish context supports continuation""
  ],
  ""reasons_against_trade"": [
    ""Price is near micro support at 60721 (0.18% away), increasing bounce risk"",
    ""Reversal risk score is 45, indicating moderate reversal probability"",
    ""Higher low detected on micro structure, suggesting possible short-term buying"",
    ""Volume ratio below 1.0 (0.947), indicating below-average participation"",
    ""ADX below 25 suggests non-trending conditions, reducing continuation conviction"",
    ""Candle range is small (19 points), indicating low volatility""
  ],
  ""bull_score"": 3,
  ""bear_score"": 7
}
```",60890.0,60930.0,MAKER,TAKER,0.032879,60.0,165.168,-1.31,-1.31,0.0,0.0,-0.0,-0.0,-6.55,300.21628,THESIS_INVALIDATED,-8.765856,0.947223,1e-05,0.158787,False,True,"{'price': 60831.0, 'ret_1m': -9.862419251442379e-05, 'ret_5m': -9.862419251442379e-05, 'ema9': 60838.34042368567, 'ema21': 60842.22150879881, 'ema200': 62150.04736442017, 'dist_to_support': 0.02792983840476073, 'dist_to_resistance': 0.04045634627081587, 'volume': 0.003333025, 'volume_ratio': 0.9472231554731263, 'delta': -8.765855681000238, 'velocity': 9.876936634268773e-06, 'imbalance': 0.1587868207348428, 'candle_range': 19.0, 'body_ratio': 0.558160125588697, 'wick_ratio': 0.24183987441130297}",2.9,"{'early_fail_enabled': True, 'invert_signal': False, 'ai_enabled': True, 'edge_threshold': 3.0, 'edge_threshold_max': None, 'edge_range_preset': 'min_only', 'ai_threshold': 44.0, 'leverage': 100, 'pullback_threshold': 0.001}","{'ema9': 60838.34042368567, 'ema21': 60842.22150879881, 'ema200': 62150.04736442017, 'ema_spread': -6.4e-05, 'ema9_slope_pct': -0.0303, 'ema21_slope_pct': -0.0126, 'ema9_above_ema21': False, 'ema21_above_ema200': False}",WEAK_SETUP,2.9,2.9,False,True,INV_False_EF_True,SHORT,12,8,SCENARIO_C_EARLY_12_v2_frozen,40.0,10.0,-12.0,2.0,8.0,300,1,2,-32.0,False,False,True,False,480,3,5.0,False,5,0.75,"[[12, 8], [15, 10], [25, 18], [40, 28], [60, 45], [80, 60], [100, 75], [150, 120]]","{""trail_ladder"": [[12, 8], [15, 10], [25, 18], [40, 28], [60, 45], [80, 60], [100, 75], [150, 120]], ""ladder_first_trigger_pct"": 12, ""ladder_first_lock_pct"": 8, ""exit_profile_id"": ""SCENARIO_C_EARLY_12_v2_frozen"", ""peak_never_loser_min_peak"": 40.0, ""peak_never_loser_floor"": 10.0, ""thesis_fast_exit_unreal_pct"": -12.0, ""thesis_mfe_protect_pct"": 2.0, ""thesis_exit_if_above_unreal_pct"": 8.0, ""thesis_min_age_sec"": 300, ""thesis_score_flip_margin"": 1, ""thesis_early_decay_delta"": 2, ""early_fail_pct_threshold"": -32.0, ""type_a_first_candle_enabled"": false, ""type_a_early_fail_enabled"": false, ""scenario_c_exit_profile"": true, ""type_a_stall_enabled"": false, ""type_a_stall_min_age_sec"": 480, ""type_a_stall_min_candles"": 3, ""type_a_stall_max_mfe_pct"": 5.0, ""trend_weakening_enabled"": false, ""spread_penalty_threshold"": 5, ""spread_penalty_margin_mult"": 0.75}",2026-06-25T03:59:42.370315+00:00,2026-06-25 13:59:42 AEST,2026-06-25 13:59:42 AEST
2026-06-25T03:59:45.031574+00:00,c604c-0c5e29e41a6e,SHORT,60877.81,60918.0,5.04084,-6.58,20.0,4,-1.32,-1.32,0.0,0.0,-0.0,-0.0,THESIS_INVALIDATED,100,0.22,62,44.0,True,SIM_LIMIT,AI_DIRECT_LIMIT,,,,,0,BEAR,SR,60-70,SPAWN,0,0,MIXED,BEAR_ALIGNED,14.13,-2,3,7,0.02294,bitfinex,tBTCF0:USTF0,v10.7-fresh-scope-relay-audit-2026-06-25,BITFINEX_ZERO,v10.7-fresh-scope-relay-audit-2026-06-25,COMBO_604_SP4_CHASE_3PLUS,AI60-65 · Spread4 · Chase 3+,APPROVE,60830.0,0.040473,0.027914,FREE_RANGE,0.00011,0.328914,19.0,5.040841,-11.036862,0.0,163.45,163.45,163.45,0-5m,AI_DIRECT,AI_DIRECT_CHASE,2,,47.81,0.0,0.0,0.0,False,0.0,0.0,-0.004767,4.1e-05,0.004577,0.990508,-8.771813,0.0,0.158872,60830.0,60838.340424,60842.221509,62150.047364,-6.4e-05,FREE_RANGE,SHORT_PREFERRED,0.040473,0.027914,BEAR,3.0,44.0,0.0,100,2.9,True,True,APPROVE,62,"```json
{
  ""direction"": ""SHORT"",
  ""confidence"": 62,
  ""long_score"": 28,
  ""short_score"": 72,
  ""preferred_direction"": ""SHORT"",
  ""entry_zone_low"": 60850,
  ""entry_zone_high"": 60980,
  ""limit_price"": 60915,
  ""expected_mfe"": 180,
  ""expected_mae"": 120,
  ""reversal_probability"": 45,
  ""exit_style"": ""AGGRESSIVE"",
  ""reasons_for_trade"": [
    ""MTF agreement is BEAR_ALIGNED across 15m/1h/4h"",
    ""EMA stack is bearish (price below all EMAs, EMA9 below EMA21, EMA21 below EMA200)"",
    ""Trend health state is BEAR with bear_score 5 vs bull_score 4"",
    ""Market structure shows LH/LL sequence active, last swing high at 60980"",
    ""ADX at 14.13 is below 25, but trend strength score is -2 (bearish) and mean reversion risk is noted"",
    ""Funding rate positive (0.022% per 8h) favors shorts, longs paying"",
    ""Liquidity sweep low detected, suggesting potential further downside"",
    ""Edge score 2.9 is just below threshold, but bearish context supports continuation""
  ],
  ""reasons_against_trade"": [
    ""Price is near micro support at 60721 (0.18% away), increasing bounce risk"",
    ""Reversal risk score is 45, indicating moderate reversal probability"",
    ""Higher low detected on micro structure, suggesting possible short-term buying"",
    ""Volume ratio below 1.0 (0.947), indicating below-average participation"",
    ""ADX below 25 suggests non-trending conditions, reducing continuation conviction"",
    ""Candle range is small (19 points), indicating low volatility""
  ],
  ""bull_score"": 3,
  ""bear_score"": 7
}
```",60877.81,60918.0,MAKER,TAKER,0.032879,47.81,163.45,-1.32,-1.32,0.0,0.0,-0.0,-0.0,-6.58,302.4505,THESIS_INVALIDATED,-8.771813,0.990508,4.1e-05,0.158872,False,True,"{'price': 60830.0, 'ret_1m': 0.0, 'ret_5m': 0.00013153135378645884, 'ema9': 60838.34042368567, 'ema21': 60842.22150879881, 'ema200': 62150.04736442017, 'dist_to_support': 0.02791385829360513, 'dist_to_resistance': 0.04047345060003288, 'volume': 0.0045769470000000005, 'volume_ratio': 0.9905077250346649, 'delta': -8.771813212000238, 'velocity': 4.111425456919718e-05, 'imbalance': 0.15887179399645304, 'candle_range': 19.0, 'body_ratio': 0.558160125588697, 'wick_ratio': 0.24183987441130297}",2.4,"{'early_fail_enabled': True, 'invert_signal': False, 'ai_enabled': True, 'edge_threshold': 3.0, 'edge_threshold_max': None, 'edge_range_preset': 'min_only', 'ai_threshold': 44.0, 'leverage': 100, 'pullback_threshold': 0.001}","{'ema9': 60838.34042368567, 'ema21': 60842.22150879881, 'ema200': 62150.04736442017, 'ema_spread': -6.4e-05, 'ema9_slope_pct': -0.0303, 'ema21_slope_pct': -0.0126, 'ema9_above_ema21': False, 'ema21_above_ema200': False}",WEAK_SETUP,2.4,2.4,False,True,INV_False_EF_True,SHORT,12,8,SCENARIO_C_EARLY_12_v2_frozen,40.0,10.0,-12.0,2.0,8.0,300,1,2,-32.0,False,False,True,False,480,3,5.0,False,5,0.75,"[[12, 8], [15, 10], [25, 18], [40, 28], [60, 45], [80, 60], [100, 75], [150, 120]]","{""trail_ladder"": [[12, 8], [15, 10], [25, 18], [40, 28], [60, 45], [80, 60], [100, 75], [150, 120]], ""ladder_first_trigger_pct"": 12, ""ladder_first_lock_pct"": 8, ""exit_profile_id"": ""SCENARIO_C_EARLY_12_v2_frozen"", ""peak_never_loser_min_peak"": 40.0, ""peak_never_loser_floor"": 10.0, ""thesis_fast_exit_unreal_pct"": -12.0, ""thesis_mfe_protect_pct"": 2.0, ""thesis_exit_if_above_unreal_pct"": 8.0, ""thesis_min_age_sec"": 300, ""thesis_score_flip_margin"": 1, ""thesis_early_decay_delta"": 2, ""early_fail_pct_threshold"": -32.0, ""type_a_first_candle_enabled"": false, ""type_a_early_fail_enabled"": false, ""scenario_c_exit_profile"": true, ""type_a_stall_enabled"": false, ""type_a_stall_min_age_sec"": 480, ""type_a_stall_min_candles"": 3, ""type_a_stall_max_mfe_pct"": 5.0, ""trend_weakening_enabled"": false, ""spread_penalty_threshold"": 5, ""spread_penalty_margin_mult"": 0.75}",2026-06-25T03:59:45.031574+00:00,2026-06-25 13:59:45 AEST,2026-06-25 13:59:45 AEST
2026-06-25T04:28:51.131690+00:00,cont-579164bb01a2,SHORT,60932.44,60924.0,5.000756,1.41,20.0,4,0.28,0.28,0.0,0.0,-0.01,-0.01,THESIS_INVALIDATED,100,0.05,62,44.0,True,SIM_LIMIT,AI_DIRECT_LIMIT,,,,,0,BEAR,SR,60-70,SPAWN,0,0,MIXED,BEAR_ALIGNED,14.0,-2,3,7,0.02559,bitfinex,tBTCF0:USTF0,v10.7-fresh-scope-relay-audit-2026-06-25,BITFINEX_ZERO,v10.7-fresh-scope-relay-audit-2026-06-25,CONTINUOUS,Continuous AI Research,APPROVE,60852.0,0.040097,0.028265,FREE_RANGE,0.000216,0.427357,19.9,5.000757,-3.374229,3.026303,185.589,185.589,185.589,0-5m,AI_DIRECT,AI_DIRECT_CHASE,2,,80.44,0.0,0.0,0.0,False,0.0,0.0,-0.005294,3.9e-05,0.014891,3.465993,-8.401095,0.0,0.145361,60852.0,60853.561871,60849.899068,62126.704897,6e-05,FREE_RANGE,SHORT_PREFERRED,0.040097,0.028265,BEAR,3.0,44.0,0.0,100,1.5,True,True,APPROVE,62,"```json
{
  ""direction"": ""SHORT"",
  ""confidence"": 62,
  ""long_score"": 30,
  ""short_score"": 72,
  ""preferred_direction"": ""SHORT"",
  ""entry_zone_low"": 60950,
  ""entry_zone_high"": 61050,
  ""limit_price"": 61000,
  ""expected_mfe"": 180,
  ""expected_mae"": 120,
  ""reversal_probability"": 53,
  ""exit_style"": ""AGGRESSIVE"",
  ""reasons_for_trade"": [
    ""Multi-timeframe agreement is BEAR_ALIGNED (15m ranging, 1h/4h bearish)"",
    ""Trend health state is BEAR with bear_score (5) > bull_score (4)"",
    ""EMA200 far above price (-2.05%) confirming bearish macro context"",
    ""ADX at 14 (non-trending) but bearish structure intact; mean reversion risk noted"",
    ""Orderflow shows negative delta (-8.4) and imbalance favors shorts (0.145)"",
    ""Liquidity sweep low occurred, suggesting potential continuation lower after retest"",
    ""Funding rate positive (0.0248% per 8h) favors shorts, longs paying"",
    ""Price near micro resistance (60980) with rejections noted, offering short entry on bounce""
  ],
  ""reasons_against_trade"": [
    ""ADX below 25 indicates weak trend strength, risk of range-bound chop"",
    ""Price near micro support (60721) and support zone (59132) - bounce risk elevated"",
    ""Reversal risk score at 53 (moderate) suggests potential for mean reversion"",
    ""Volume ratio elevated (3.47) could indicate exhaustion or climax, not pure continuation"",
    ""Higher low detected (HL) in recent swings - micro structure shows some bullish resilience"",
    ""Entry near resistance but within free range - no strong breakout confirmation""
  ],
  ""bull_score"": 3,
  ""bear_score"": 7
}
```",60932.44,60924.0,MAKER,TAKER,0.032867,80.44,185.589,0.28,0.28,0.0,0.0,-0.01,-0.01,1.41,300.045451,THESIS_INVALIDATED,-8.401095,3.465993,3.9e-05,0.145361,False,True,"{'price': 60852.0, 'ret_1m': 0.0, 'ret_5m': 0.00021367872581732112, 'ema9': 60853.56187115884, 'ema21': 60849.899068119914, 'ema200': 62126.70489741578, 'dist_to_support': 0.028265299414974035, 'dist_to_resistance': 0.040097285216591075, 'volume': 0.014890667000000002, 'volume_ratio': 3.465992500856053, 'delta': -8.401095469000065, 'velocity': 3.94527570346513e-05, 'imbalance': 0.1453612533125565, 'candle_range': 19.9, 'body_ratio': 0.45816012558869695, 'wick_ratio': 0.24183987441130297}",1.5,"{'early_fail_enabled': True, 'invert_signal': False, 'ai_enabled': True, 'edge_threshold': 3.0, 'edge_threshold_max': None, 'edge_range_preset': 'min_only', 'ai_threshold': 44.0, 'leverage': 100, 'pullback_threshold': 0.001}","{'ema9': 60853.56187115884, 'ema21': 60849.899068119914, 'ema200': 62126.70489741578, 'ema_spread': 6e-05, 'ema9_slope_pct': 0.0195, 'ema21_slope_pct': 0.0098, 'ema9_above_ema21': True, 'ema21_above_ema200': False}",WEAK_SETUP,1.5,1.5,False,True,INV_False_EF_True,SHORT,12,8,SCENARIO_C_EARLY_12_v2_frozen,40.0,10.0,-12.0,2.0,8.0,300,1,2,-32.0,False,False,True,False,480,3,5.0,False,5,0.75,"[[12, 8], [15, 10], [25, 18], [40, 28], [60, 45], [80, 60], [100, 75], [150, 120]]","{""trail_ladder"": [[12, 8], [15, 10], [25, 18], [40, 28], [60, 45], [80, 60], [100, 75], [150, 120]], ""ladder_first_trigger_pct"": 12, ""ladder_first_lock_pct"": 8, ""exit_profile_id"": ""SCENARIO_C_EARLY_12_v2_frozen"", ""peak_never_loser_min_peak"": 40.0, ""peak_never_loser_floor"": 10.0, ""thesis_fast_exit_unreal_pct"": -12.0, ""thesis_mfe_protect_pct"": 2.0, ""thesis_exit_if_above_unreal_pct"": 8.0, ""thesis_min_age_sec"": 300, ""thesis_score_flip_margin"": 1, ""thesis_early_decay_delta"": 2, ""early_fail_pct_threshold"": -32.0, ""type_a_first_candle_enabled"": false, ""type_a_early_fail_enabled"": false, ""scenario_c_exit_profile"": true, ""type_a_stall_enabled"": false, ""type_a_stall_min_age_sec"": 480, ""type_a_stall_min_candles"": 3, ""type_a_stall_max_mfe_pct"": 5.0, ""trend_weakening_enabled"": false, ""spread_penalty_threshold"": 5, ""spread_penalty_margin_mult"": 0.75}",2026-06-25T04:28:51.131690+00:00,2026-06-25 14:28:51 AEST,2026-06-25 14:28:51 AEST
2026-06-25T04:28:53.000476+00:00,c604c-d5bc5c4d842f,SHORT,60935.25,60936.0,5.024513,-0.1,20.0,4,-0.02,-0.02,0.0,0.0,-0.01,-0.01,THESIS_INVALIDATED,100,0.0,62,44.0,True,SIM_LIMIT,AI_DIRECT_LIMIT,,,,,0,BEAR,SR,60-70,SPAWN,0,0,MIXED,BEAR_ALIGNED,14.0,-2,3,7,0.02559,bitfinex,tBTCF0:USTF0,v10.7-fresh-scope-relay-audit-2026-06-25,BITFINEX_ZERO,v10.7-fresh-scope-relay-audit-2026-06-25,COMBO_604_SP4_CHASE_3PLUS,AI60-65 · Spread4 · Chase 3+,APPROVE,60852.0,0.040097,0.028265,FREE_RANGE,0.000216,0.427357,19.9,5.024514,-2.912928,3.487308,183.911,183.911,183.911,0-5m,AI_DIRECT,AI_DIRECT_CHASE,2,,83.25,0.0,0.0,0.0,False,0.0,0.0,-0.00532,3.9e-05,0.014891,3.465993,-8.401095,0.0,0.145361,60852.0,60853.561871,60849.899068,62126.704897,6e-05,FREE_RANGE,SHORT_PREFERRED,0.040097,0.028265,BEAR,3.0,44.0,0.0,100,1.5,True,True,APPROVE,62,"```json
{
  ""direction"": ""SHORT"",
  ""confidence"": 62,
  ""long_score"": 30,
  ""short_score"": 72,
  ""preferred_direction"": ""SHORT"",
  ""entry_zone_low"": 60950,
  ""entry_zone_high"": 61050,
  ""limit_price"": 61000,
  ""expected_mfe"": 180,
  ""expected_mae"": 120,
  ""reversal_probability"": 53,
  ""exit_style"": ""AGGRESSIVE"",
  ""reasons_for_trade"": [
    ""Multi-timeframe agreement is BEAR_ALIGNED (15m ranging, 1h/4h bearish)"",
    ""Trend health state is BEAR with bear_score (5) > bull_score (4)"",
    ""EMA200 far above price (-2.05%) confirming bearish macro context"",
    ""ADX at 14 (non-trending) but bearish structure intact; mean reversion risk noted"",
    ""Orderflow shows negative delta (-8.4) and imbalance favors shorts (0.145)"",
    ""Liquidity sweep low occurred, suggesting potential continuation lower after retest"",
    ""Funding rate positive (0.0248% per 8h) favors shorts, longs paying"",
    ""Price near micro resistance (60980) with rejections noted, offering short entry on bounce""
  ],
  ""reasons_against_trade"": [
    ""ADX below 25 indicates weak trend strength, risk of range-bound chop"",
    ""Price near micro support (60721) and support zone (59132) - bounce risk elevated"",
    ""Reversal risk score at 53 (moderate) suggests potential for mean reversion"",
    ""Volume ratio elevated (3.47) could indicate exhaustion or climax, not pure continuation"",
    ""Higher low detected (HL) in recent swings - micro structure shows some bullish resilience"",
    ""Entry near resistance but within free range - no strong breakout confirmation""
  ],
  ""bull_score"": 3,
  ""bear_score"": 7
}
```",60935.25,60936.0,MAKER,TAKER,0.032867,83.25,183.911,-0.02,-0.02,0.0,0.0,-0.01,-0.01,-0.1,301.470864,THESIS_INVALIDATED,-8.401095,3.465993,3.9e-05,0.145361,False,True,"{'price': 60852.0, 'ret_1m': 0.0, 'ret_5m': 0.00021367872581732112, 'ema9': 60853.56187115884, 'ema21': 60849.899068119914, 'ema200': 62126.70489741578, 'dist_to_support': 0.028265299414974035, 'dist_to_resistance': 0.040097285216591075, 'volume': 0.014890667000000002, 'volume_ratio': 3.465992500856053, 'delta': -8.401095469000065, 'velocity': 3.94527570346513e-05, 'imbalance': 0.1453612533125565, 'candle_range': 19.9, 'body_ratio': 0.45816012558869695, 'wick_ratio': 0.24183987441130297}",1.5,"{'early_fail_enabled': True, 'invert_signal': False, 'ai_enabled': True, 'edge_threshold': 3.0, 'edge_threshold_max': None, 'edge_range_preset': 'min_only', 'ai_threshold': 44.0, 'leverage': 100, 'pullback_threshold': 0.001}","{'ema9': 60853.56187115884, 'ema21': 60849.899068119914, 'ema200': 62126.70489741578, 'ema_spread': 6e-05, 'ema9_slope_pct': 0.0195, 'ema21_slope_pct': 0.0098, 'ema9_above_ema21': True, 'ema21_above_ema200': False}",WEAK_SETUP,1.5,1.5,False,True,INV_False_EF_True,SHORT,12,8,SCENARIO_C_EARLY_12_v2_frozen,40.0,10.0,-12.0,2.0,8.0,300,1,2,-32.0,False,False,True,False,480,3,5.0,False,5,0.75,"[[12, 8], [15, 10], [25, 18], [40, 28], [60, 45], [80, 60], [100, 75], [150, 120]]","{""trail_ladder"": [[12, 8], [15, 10], [25, 18], [40, 28], [60, 45], [80, 60], [100, 75], [150, 120]], ""ladder_first_trigger_pct"": 12, ""ladder_first_lock_pct"": 8, ""exit_profile_id"": ""SCENARIO_C_EARLY_12_v2_frozen"", ""peak_never_loser_min_peak"": 40.0, ""peak_never_loser_floor"": 10.0, ""thesis_fast_exit_unreal_pct"": -12.0, ""thesis_mfe_protect_pct"": 2.0, ""thesis_exit_if_above_unreal_pct"": 8.0, ""thesis_min_age_sec"": 300, ""thesis_score_flip_margin"": 1, ""thesis_early_decay_delta"": 2, ""early_fail_pct_threshold"": -32.0, ""type_a_first_candle_enabled"": false, ""type_a_early_fail_enabled"": false, ""scenario_c_exit_profile"": true, ""type_a_stall_enabled"": false, ""type_a_stall_min_age_sec"": 480, ""type_a_stall_min_candles"": 3, ""type_a_stall_max_mfe_pct"": 5.0, ""trend_weakening_enabled"": false, ""spread_penalty_threshold"": 5, ""spread_penalty_margin_mult"": 0.75}",2026-06-25T04:28:53.000476+00:00,2026-06-25 14:28:53 AEST,2026-06-25 14:28:53 AEST
2026-06-25T11:00:10.686242+00:00,c604c-f16f400639cc,SHORT,61398.24,61338.24,2.080818,9.78,20.0,4,1.96,1.95,0.0,0.0,-0.0,-0.0,PROFIT_LOCK_LADDER,100,0.33,62,44.0,True,SIM_LIMIT,AI_DIRECT_LIMIT,,,,,0,BEAR,SR,60-70,SPAWN,0,0,MIXED,BEAR_ALIGNED,35.61,-1,3,7,0.01675,bitfinex,tBTCF0:USTF0,v10.7-fresh-scope-relay-audit-2026-06-25,BITFINEX_ZERO,v10.7-fresh-scope-relay-audit-2026-06-25,COMBO_604_SP4_CHASE_3PLUS,AI60-65 · Spread4 · Chase 3+,APPROVE,61377.0,0.0311,0.036671,FREE_RANGE,-0.000102,0.195532,125.9,2.080819,0.0,17.62917,412.251,412.251,412.251,5-15m,AI_DIRECT,AI_DIRECT_CHASE,6,,21.24,0.0,0.4316,0.4316,False,0.0,0.0,-0.001447,7e-06,0.015188,0.089887,0.055893,0.0,0.21763,61377.0,61606.456306,61607.205454,62064.283531,-1.2e-05,FREE_RANGE,SHORT_PREFERRED,0.0311,0.036671,BEAR,3.0,44.0,0.0,100,3.2,True,True,APPROVE,62,"```json
{
  ""direction"": ""SHORT"",
  ""confidence"": 62,
  ""long_score"": 25,
  ""short_score"": 75,
  ""preferred_direction"": ""SHORT"",
  ""entry_zone_low"": 61450,
  ""entry_zone_high"": 61600,
  ""limit_price"": 61525,
  ""expected_mfe"": 180,
  ""expected_mae"": 120,
  ""reversal_probability"": 71,
  ""exit_style"": ""AGGRESSIVE"",
  ""reasons_for_trade"": [
    ""MTF agreement is BEAR_ALIGNED with 15m BEARISH and 4h BEARISH"",
    ""EMA stack is bearish (price below all EMAs, ema9 below ema21, ema21 below ema200)"",
    ""ADX at 35.61 indicates strong trending market favoring continuation"",
    ""Trend health state is BEAR with bear_score 6 vs bull_score 3"",
    ""Regime is BEAR and structure bias is MIXED but leaning bearish"",
    ""Funding rate positive (0.01585% per 8h) favors shorts as longs pay"",
    ""Price is in FREE_RANGE with no immediate support/resistance reversal trigger"",
    ""Higher low detected but no lower high - structure not confirmed for reversal""
  ],
  ""reasons_against_trade"": [
    ""Reversal risk score is high at 71, suggesting potential bounce"",
    ""Distance to support is 3.67% - short entry near support zone may have reduced expectancy"",
    ""Volume ratio is very low (0.084) indicating lack of conviction"",
    ""Micro structure shows near micro support (61642) with possible rejection"",
    ""Higher low detected could be early sign of bullish structure forming""
  ],
  ""bull_score"": 3,
  ""bear_score"": 7
}
```

**Direction:** SHORT  
**Win probability:** 62%  
**Long score:** 25  
**Short score:** 75  
**Bull score:** 3  
**Bear score:** 7  
**Decision:** APPROVE  

**Reason:** The trend hierarchy strongly favors bearish continuation: BEAR_ALIGNED multi-timeframe agreement, bearish EMA stack, ADX > 25 indicating trending conditions, and bearish trend health (bear_score 6 vs bull_score 3). The short case scores significantly higher (75 vs 25) with a gap of 50 points, well above the +5 threshold for approval. While the reversal risk score is elevated (71) and price is near micro support (61642), these are not sufficient to override the dominant bearish trend without confirmed reversal structure (no lower high, no structure shift). The positive funding rate further supports short positioning. Entry is set slightly above current price (pullback to 61525) to avoid chasing, with aggressive exit given the proximity to support and high reversal risk.",61398.24,61338.24,MAKER,TAKER,0.032585,21.24,412.251,1.96,1.95,0.0,0.0,-0.0,-0.0,9.78,124.849179,PROFIT_LOCK_LADDER,0.055893,0.089887,7e-06,0.21763,False,True,"{'price': 61377.0, 'ret_1m': 0.0, 'ret_5m': 9.776604585227551e-05, 'ema9': 61606.45630580568, 'ema21': 61607.205453612856, 'ema200': 62064.28353073997, 'dist_to_support': 0.036671391101770846, 'dist_to_resistance': 0.031099815909942492, 'volume': 0.015187522000000004, 'volume_ratio': 0.08988655834801347, 'delta': 0.055892602, 'velocity': 6.52357501782426e-06, 'imbalance': 0.21763038541551655, 'candle_range': 125.9, 'body_ratio': 0.5061590965680047, 'wick_ratio': 0.4938409034319953}",3.2,"{'early_fail_enabled': True, 'invert_signal': False, 'ai_enabled': True, 'edge_threshold': 3.0, 'edge_threshold_max': None, 'edge_range_preset': 'min_only', 'ai_threshold': 44.0, 'leverage': 100, 'pullback_threshold': 0.001}","{'ema9': 61606.45630580568, 'ema21': 61607.205453612856, 'ema200': 62064.28353073997, 'ema_spread': -1.2e-05, 'ema9_slope_pct': -0.2508, 'ema21_slope_pct': -0.082, 'ema9_above_ema21': False, 'ema21_above_ema200': False}",MOMENTUM_LONG,3.2,3.2,False,True,INV_False_EF_True,SHORT,12,8,SCENARIO_C_EARLY_12_v2_frozen,40.0,10.0,-12.0,2.0,8.0,300,1,2,-32.0,False,False,True,False,480,3,5.0,False,5,0.75,"[[12, 8], [15, 10], [25, 18], [40, 28], [60, 45], [80, 60], [100, 75], [150, 120]]","{""trail_ladder"": [[12, 8], [15, 10], [25, 18], [40, 28], [60, 45], [80, 60], [100, 75], [150, 120]], ""ladder_first_trigger_pct"": 12, ""ladder_first_lock_pct"": 8, ""exit_profile_id"": ""SCENARIO_C_EARLY_12_v2_frozen"", ""peak_never_loser_min_peak"": 40.0, ""peak_never_loser_floor"": 10.0, ""thesis_fast_exit_unreal_pct"": -12.0, ""thesis_mfe_protect_pct"": 2.0, ""thesis_exit_if_above_unreal_pct"": 8.0, ""thesis_min_age_sec"": 300, ""thesis_score_flip_margin"": 1, ""thesis_early_decay_delta"": 2, ""early_fail_pct_threshold"": -32.0, ""type_a_first_candle_enabled"": false, ""type_a_early_fail_enabled"": false, ""scenario_c_exit_profile"": true, ""type_a_stall_enabled"": false, ""type_a_stall_min_age_sec"": 480, ""type_a_stall_min_candles"": 3, ""type_a_stall_max_mfe_pct"": 5.0, ""trend_weakening_enabled"": false, ""spread_penalty_threshold"": 5, ""spread_penalty_margin_mult"": 0.75}",2026-06-25T11:00:10.686242+00:00,2026-06-25 21:00:10 AEST,2026-06-25 21:00:10 AEST
2026-06-25T11:00:33.022940+00:00,cont-d105012190a1,SHORT,61402.48,61353.84,4.439639,7.94,20.0,4,1.59,1.58,0.0,0.0,-0.0,-0.0,PROFIT_LOCK_LADDER,100,0.26,62,44.0,True,SIM_LIMIT,AI_DIRECT_LIMIT,,,,,0,BEAR,SR,60-70,SPAWN,0,0,MIXED,BEAR_ALIGNED,35.61,-1,3,7,0.01686,bitfinex,tBTCF0:USTF0,v10.7-fresh-scope-relay-audit-2026-06-25,BITFINEX_ZERO,v10.7-fresh-scope-relay-audit-2026-06-25,CONTINUOUS,Continuous AI Research,APPROVE,61377.0,0.0311,0.036671,FREE_RANGE,-0.000102,0.195532,125.9,4.43964,0.0,18.318478,307.215,307.215,307.215,5-15m,AI_DIRECT,AI_DIRECT_CHASE,5,,25.48,0.0,0.0925,0.0925,False,0.0,0.0,-0.003074,7e-06,0.015188,0.089887,0.055893,0.0,0.21763,61377.0,61606.456306,61607.205454,62064.283531,-1.2e-05,FREE_RANGE,SHORT_PREFERRED,0.0311,0.036671,BEAR,3.0,44.0,0.0,100,3.2,True,True,APPROVE,62,"```json
{
  ""direction"": ""SHORT"",
  ""confidence"": 62,
  ""long_score"": 25,
  ""short_score"": 75,
  ""preferred_direction"": ""SHORT"",
  ""entry_zone_low"": 61450,
  ""entry_zone_high"": 61600,
  ""limit_price"": 61525,
  ""expected_mfe"": 180,
  ""expected_mae"": 120,
  ""reversal_probability"": 71,
  ""exit_style"": ""AGGRESSIVE"",
  ""reasons_for_trade"": [
    ""MTF agreement is BEAR_ALIGNED with 15m BEARISH and 4h BEARISH"",
    ""EMA stack is bearish (price below all EMAs, ema9 below ema21, ema21 below ema200)"",
    ""ADX at 35.61 indicates strong trending market favoring continuation"",
    ""Trend health state is BEAR with bear_score 6 vs bull_score 3"",
    ""Regime is BEAR and structure bias is MIXED but leaning bearish"",
    ""Funding rate positive (0.01585% per 8h) favors shorts as longs pay"",
    ""Price is in FREE_RANGE with no immediate support/resistance reversal trigger"",
    ""Higher low detected but no lower high - structure not confirmed for reversal""
  ],
  ""reasons_against_trade"": [
    ""Reversal risk score is high at 71, suggesting potential bounce"",
    ""Distance to support is 3.67% - short entry near support zone may have reduced expectancy"",
    ""Volume ratio is very low (0.084) indicating lack of conviction"",
    ""Micro structure shows near micro support (61642) with possible rejection"",
    ""Higher low detected could be early sign of bullish structure forming""
  ],
  ""bull_score"": 3,
  ""bear_score"": 7
}
```

**Direction:** SHORT  
**Win probability:** 62%  
**Long score:** 25  
**Short score:** 75  
**Bull score:** 3  
**Bear score:** 7  
**Decision:** APPROVE  

**Reason:** The trend hierarchy strongly favors bearish continuation: BEAR_ALIGNED multi-timeframe agreement, bearish EMA stack, ADX > 25 indicating trending conditions, and bearish trend health (bear_score 6 vs bull_score 3). The short case scores significantly higher (75 vs 25) with a gap of 50 points, well above the +5 threshold for approval. While the reversal risk score is elevated (71) and price is near micro support (61642), these are not sufficient to override the dominant bearish trend without confirmed reversal structure (no lower high, no structure shift). The positive funding rate further supports short positioning. Entry is set slightly above current price (pullback to 61525) to avoid chasing, with aggressive exit given the proximity to support and high reversal risk.",61402.48,61353.84,MAKER,TAKER,0.032585,25.48,307.215,1.59,1.58,0.0,0.0,-0.0,-0.0,7.94,266.378466,PROFIT_LOCK_LADDER,0.055893,0.089887,7e-06,0.21763,False,True,"{'price': 61377.0, 'ret_1m': 0.0, 'ret_5m': 9.776604585227551e-05, 'ema9': 61606.45630580568, 'ema21': 61607.205453612856, 'ema200': 62064.28353073997, 'dist_to_support': 0.036671391101770846, 'dist_to_resistance': 0.031099815909942492, 'volume': 0.015187522000000004, 'volume_ratio': 0.08988655834801347, 'delta': 0.055892602, 'velocity': 6.52357501782426e-06, 'imbalance': 0.21763038541551655, 'candle_range': 125.9, 'body_ratio': 0.5061590965680047, 'wick_ratio': 0.4938409034319953}",3.2,"{'early_fail_enabled': True, 'invert_signal': False, 'ai_enabled': True, 'edge_threshold': 3.0, 'edge_threshold_max': None, 'edge_range_preset': 'min_only', 'ai_threshold': 44.0, 'leverage': 100, 'pullback_threshold': 0.001}","{'ema9': 61606.45630580568, 'ema21': 61607.205453612856, 'ema200': 62064.28353073997, 'ema_spread': -1.2e-05, 'ema9_slope_pct': -0.2508, 'ema21_slope_pct': -0.082, 'ema9_above_ema21': False, 'ema21_above_ema200': False}",MOMENTUM_LONG,3.2,3.2,False,True,INV_False_EF_True,SHORT,12,8,SCENARIO_C_EARLY_12_v2_frozen,40.0,10.0,-12.0,2.0,8.0,300,1,2,-32.0,False,False,True,False,480,3,5.0,False,5,0.75,"[[12, 8], [15, 10], [25, 18], [40, 28], [60, 45], [80, 60], [100, 75], [150, 120]]","{""trail_ladder"": [[12, 8], [15, 10], [25, 18], [40, 28], [60, 45], [80, 60], [100, 75], [150, 120]], ""ladder_first_trigger_pct"": 12, ""ladder_first_lock_pct"": 8, ""exit_profile_id"": ""SCENARIO_C_EARLY_12_v2_frozen"", ""peak_never_loser_min_peak"": 40.0, ""peak_never_loser_floor"": 10.0, ""thesis_fast_exit_unreal_pct"": -12.0, ""thesis_mfe_protect_pct"": 2.0, ""thesis_exit_if_above_unreal_pct"": 8.0, ""thesis_min_age_sec"": 300, ""thesis_score_flip_margin"": 1, ""thesis_early_decay_delta"": 2, ""early_fail_pct_threshold"": -32.0, ""type_a_first_candle_enabled"": false, ""type_a_early_fail_enabled"": false, ""scenario_c_exit_profile"": true, ""type_a_stall_enabled"": false, ""type_a_stall_min_age_sec"": 480, ""type_a_stall_min_candles"": 3, ""type_a_stall_max_mfe_pct"": 5.0, ""trend_weakening_enabled"": false, ""spread_penalty_threshold"": 5, ""spread_penalty_margin_mult"": 0.75}",2026-06-25T11:00:33.022940+00:00,2026-06-25 21:00:33 AEST,2026-06-25 21:00:33 AEST
2026-06-25T11:02:52.186501+00:00,cont-dc68b980fd71,SHORT,61358.62,61312.37,0.355518,7.54,20.0,4,1.51,1.51,0.0,0.0,-0.0,-0.0,PROFIT_LOCK_LADDER,100,0.25,62,44.0,True,SIM_LIMIT,AI_DIRECT_LIMIT,,,,,0,BEAR,SR,60-70,SPAWN,0,0,MIXED,BEAR_ALIGNED,34.97,-1,3,7,0.01707,bitfinex,tBTCF0:USTF0,v10.7-fresh-scope-relay-audit-2026-06-25,BITFINEX_ZERO,v10.7-fresh-scope-relay-audit-2026-06-25,CONTINUOUS,Continuous AI Research,APPROVE,61313.0,0.031991,0.035839,FREE_RANGE,-0.000621,0.782958,113.0,0.355519,0.0,12.487243,92.766,92.766,92.766,0-5m,AI_DIRECT,AI_DIRECT_CHASE,2,,45.62,0.0,0.534,0.534,False,0.0,0.0,-0.000253,8e-06,0.001,0.808916,-0.067179,0.0,0.033765,61330.0,61542.205045,61577.376859,62055.093127,-0.000571,FREE_RANGE,SHORT_PREFERRED,0.031991,0.035839,BEAR,3.0,44.0,0.0,100,2.2,True,True,APPROVE,62,"```json
{
  ""direction"": ""SHORT"",
  ""confidence"": 62,
  ""long_score"": 25,
  ""short_score"": 72,
  ""preferred_direction"": ""SHORT"",
  ""entry_zone_low"": 61350,
  ""entry_zone_high"": 61450,
  ""limit_price"": 61400,
  ""expected_mfe"": 180,
  ""expected_mae"": 120,
  ""reversal_probability"": 30,
  ""exit_style"": ""AGGRESSIVE"",
  ""reasons_for_trade"": [
    ""MTF agreement is BEAR_ALIGNED (15m BEARISH, 4h BEARISH) with no bullish TF"",
    ""EMA stack is bearish (price below all EMAs, EMA9 below EMA21, EMA21 below EMA200)"",
    ""ADX at 34.97 (>25) confirms trending bear market, favoring continuation"",
    ""Trend health state is BEAR with bear_score 6 vs bull_score 3"",
    ""Orderflow shows negative delta (-0.067) and imbalance (0.034) supporting bearish pressure"",
    ""Funding rate positive (0.01686% per 8h) favors shorts, consistent with bear trend"",
    ""Micro structure shows price near micro resistance (61810) with no lower high yet, suggesting potential rejection""
  ],
  ""reasons_against_trade"": [
    ""Price is near micro support (61642) and within free range, increasing bounce risk"",
    ""Higher low detected (HL) could indicate early reversal attempt"",
    ""Volume ratio below 1 (0.81) suggests weak participation, may reduce conviction"",
    ""Reversal risk score is 45, indicating moderate reversal probability"",
    ""Edge score (2.2) below threshold (3.0), suggesting limited edge on this setup""
  ],
  ""bull_score"": 3,
  ""bear_score"": 7
}
```",61358.62,61312.37,MAKER,TAKER,0.03262,45.62,92.766,1.51,1.51,0.0,0.0,-0.0,-0.0,7.54,21.331183,PROFIT_LOCK_LADDER,-0.067179,0.808916,8e-06,0.033765,False,True,"{'price': 61330.0, 'ret_1m': 0.0, 'ret_5m': 0.0003914788112093433, 'ema9': 61542.20504464455, 'ema21': 61577.37685865078, 'ema200': 62055.09312678084, 'dist_to_support': 0.03583890428827654, 'dist_to_resistance': 0.03199086906897114, 'volume': 0.0010000000000000002, 'volume_ratio': 0.80891619789973, 'delta': -0.06717932999999982, 'velocity': 8.153388073963079e-06, 'imbalance': 0.03376493089343226, 'candle_range': 113.0, 'body_ratio': 0.5265039241542115, 'wick_ratio': 0.4734960758457884}",2.2,"{'early_fail_enabled': True, 'invert_signal': False, 'ai_enabled': True, 'edge_threshold': 3.0, 'edge_threshold_max': None, 'edge_range_preset': 'min_only', 'ai_threshold': 44.0, 'leverage': 100, 'pullback_threshold': 0.001}","{'ema9': 61542.20504464455, 'ema21': 61577.37685865078, 'ema200': 62055.09312678084, 'ema_spread': -0.000571, 'ema9_slope_pct': -0.3063, 'ema21_slope_pct': -0.1235, 'ema9_above_ema21': False, 'ema21_above_ema200': False}",WEAK_SETUP,2.2,2.2,False,True,INV_False_EF_True,SHORT,12,8,SCENARIO_C_EARLY_12_v2_frozen,40.0,10.0,-12.0,2.0,8.0,300,1,2,-32.0,False,False,True,False,480,3,5.0,False,5,0.75,"[[12, 8], [15, 10], [25, 18], [40, 28], [60, 45], [80, 60], [100, 75], [150, 120]]","{""trail_ladder"": [[12, 8], [15, 10], [25, 18], [40, 28], [60, 45], [80, 60], [100, 75], [150, 120]], ""ladder_first_trigger_pct"": 12, ""ladder_first_lock_pct"": 8, ""exit_profile_id"": ""SCENARIO_C_EARLY_12_v2_frozen"", ""peak_never_loser_min_peak"": 40.0, ""peak_never_loser_floor"": 10.0, ""thesis_fast_exit_unreal_pct"": -12.0, ""thesis_mfe_protect_pct"": 2.0, ""thesis_exit_if_above_unreal_pct"": 8.0, ""thesis_min_age_sec"": 300, ""thesis_score_flip_margin"": 1, ""thesis_early_decay_delta"": 2, ""early_fail_pct_threshold"": -32.0, ""type_a_first_candle_enabled"": false, ""type_a_early_fail_enabled"": false, ""scenario_c_exit_profile"": true, ""type_a_stall_enabled"": false, ""type_a_stall_min_age_sec"": 480, ""type_a_stall_min_candles"": 3, ""type_a_stall_max_mfe_pct"": 5.0, ""trend_weakening_enabled"": false, ""spread_penalty_threshold"": 5, ""spread_penalty_margin_mult"": 0.75}",2026-06-25T11:02:52.186501+00:00,2026-06-25 21:02:52 AEST,2026-06-25 21:02:52 AEST
2026-06-25T11:02:52.231488+00:00,c604c-b92651f4601b,SHORT,61361.44,61312.37,0.348813,8.0,20.0,4,1.6,1.6,0.0,0.0,-0.0,-0.0,PROFIT_LOCK_LADDER,100,0.27,62,44.0,True,SIM_LIMIT,AI_DIRECT_LIMIT,,,,,0,BEAR,SR,60-70,SPAWN,0,0,MIXED,BEAR_ALIGNED,34.97,-1,3,7,0.01707,bitfinex,tBTCF0:USTF0,v10.7-fresh-scope-relay-audit-2026-06-25,BITFINEX_ZERO,v10.7-fresh-scope-relay-audit-2026-06-25,COMBO_604_SP4_CHASE_3PLUS,AI60-65 · Spread4 · Chase 3+,APPROVE,61313.0,0.032277,0.035572,FREE_RANGE,-0.000621,0.293533,113.0,0.348814,0.0,12.946241,90.732,90.732,90.732,0-5m,AI_DIRECT,AI_DIRECT_CHASE,2,,48.44,0.0,0.534,0.534,False,0.0,0.0,-0.000248,-1.6e-05,0.001,0.83877,-0.065779,0.0,0.033027,61313.0,61542.205045,61577.376859,62055.093127,-0.000571,FREE_RANGE,SHORT_PREFERRED,0.032277,0.035572,BEAR,3.0,44.0,0.0,100,2.2,True,True,APPROVE,62,"```json
{
  ""direction"": ""SHORT"",
  ""confidence"": 62,
  ""long_score"": 25,
  ""short_score"": 72,
  ""preferred_direction"": ""SHORT"",
  ""entry_zone_low"": 61350,
  ""entry_zone_high"": 61450,
  ""limit_price"": 61400,
  ""expected_mfe"": 180,
  ""expected_mae"": 120,
  ""reversal_probability"": 30,
  ""exit_style"": ""AGGRESSIVE"",
  ""reasons_for_trade"": [
    ""MTF agreement is BEAR_ALIGNED (15m BEARISH, 4h BEARISH) with no bullish TF"",
    ""EMA stack is bearish (price below all EMAs, EMA9 below EMA21, EMA21 below EMA200)"",
    ""ADX at 34.97 (>25) confirms trending bear market, favoring continuation"",
    ""Trend health state is BEAR with bear_score 6 vs bull_score 3"",
    ""Orderflow shows negative delta (-0.067) and imbalance (0.034) supporting bearish pressure"",
    ""Funding rate positive (0.01686% per 8h) favors shorts, consistent with bear trend"",
    ""Micro structure shows price near micro resistance (61810) with no lower high yet, suggesting potential rejection""
  ],
  ""reasons_against_trade"": [
    ""Price is near micro support (61642) and within free range, increasing bounce risk"",
    ""Higher low detected (HL) could indicate early reversal attempt"",
    ""Volume ratio below 1 (0.81) suggests weak participation, may reduce conviction"",
    ""Reversal risk score is 45, indicating moderate reversal probability"",
    ""Edge score (2.2) below threshold (3.0), suggesting limited edge on this setup""
  ],
  ""bull_score"": 3,
  ""bear_score"": 7
}
```",61361.44,61312.37,MAKER,TAKER,0.03262,48.44,90.732,1.6,1.6,0.0,0.0,-0.0,-0.0,8.0,20.928862,PROFIT_LOCK_LADDER,-0.065779,0.83877,-1.6e-05,0.033027,False,True,"{'price': 61313.0, 'ret_1m': 0.0, 'ret_5m': -0.00014676625028537882, 'ema9': 61542.20504464455, 'ema21': 61577.37685865078, 'ema200': 62055.09312678084, 'dist_to_support': 0.03557157535922235, 'dist_to_resistance': 0.03227700487661671, 'volume': 0.0010000000000000002, 'volume_ratio': 0.8387699606281381, 'delta': -0.06577932999999977, 'velocity': -1.6304197013866828e-05, 'imbalance': 0.03302749176845271, 'candle_range': 113.0, 'body_ratio': 0.5265039241542115, 'wick_ratio': 0.4734960758457884}",2.2,"{'early_fail_enabled': True, 'invert_signal': False, 'ai_enabled': True, 'edge_threshold': 3.0, 'edge_threshold_max': None, 'edge_range_preset': 'min_only', 'ai_threshold': 44.0, 'leverage': 100, 'pullback_threshold': 0.001}","{'ema9': 61542.20504464455, 'ema21': 61577.37685865078, 'ema200': 62055.09312678084, 'ema_spread': -0.000571, 'ema9_slope_pct': -0.3063, 'ema21_slope_pct': -0.1235, 'ema9_above_ema21': False, 'ema21_above_ema200': False}",MOMENTUM_SHORT,2.2,2.2,False,True,INV_False_EF_True,SHORT,12,8,SCENARIO_C_EARLY_12_v2_frozen,40.0,10.0,-12.0,2.0,8.0,300,1,2,-32.0,False,False,True,False,480,3,5.0,False,5,0.75,"[[12, 8], [15, 10], [25, 18], [40, 28], [60, 45], [80, 60], [100, 75], [150, 120]]","{""trail_ladder"": [[12, 8], [15, 10], [25, 18], [40, 28], [60, 45], [80, 60], [100, 75], [150, 120]], ""ladder_first_trigger_pct"": 12, ""ladder_first_lock_pct"": 8, ""exit_profile_id"": ""SCENARIO_C_EARLY_12_v2_frozen"", ""peak_never_loser_min_peak"": 40.0, ""peak_never_loser_floor"": 10.0, ""thesis_fast_exit_unreal_pct"": -12.0, ""thesis_mfe_protect_pct"": 2.0, ""thesis_exit_if_above_unreal_pct"": 8.0, ""thesis_min_age_sec"": 300, ""thesis_score_flip_margin"": 1, ""thesis_early_decay_delta"": 2, ""early_fail_pct_threshold"": -32.0, ""type_a_first_candle_enabled"": false, ""type_a_early_fail_enabled"": false, ""scenario_c_exit_profile"": true, ""type_a_stall_enabled"": false, ""type_a_stall_min_age_sec"": 480, ""type_a_stall_min_candles"": 3, ""type_a_stall_max_mfe_pct"": 5.0, ""trend_weakening_enabled"": false, ""spread_penalty_threshold"": 5, ""spread_penalty_margin_mult"": 0.75}",2026-06-25T11:02:52.231488+00:00,2026-06-25 21:02:52 AEST,2026-06-25 21:02:52 AEST
2026-06-25T11:12:00.874990+00:00,cont-d96454144762,SHORT,61229.71,61180.22,3.716313,8.1,20.0,4,1.62,1.62,0.0,0.0,-0.0,-0.0,PROFIT_LOCK_LADDER,100,0.27,62,44.0,True,SIM_LIMIT,AI_DIRECT_LIMIT,,,,,0,BEAR,SR,60-70,SPAWN,0,0,MIXED,BEAR_ALIGNED,35.14,-1,3,7,0.01786,bitfinex,tBTCF0:USTF0,v10.7-fresh-scope-relay-audit-2026-06-25,BITFINEX_ZERO,v10.7-fresh-scope-relay-audit-2026-06-25,CONTINUOUS,Continuous AI Research,APPROVE,61228.0,0.033862,0.034091,FREE_RANGE,-0.000979,0.653381,113.0,3.716314,0.0,21.18416,244.903,244.903,244.903,0-5m,AI_DIRECT,AI_DIRECT_CHASE,5,,1.71,0.0,0.04,0.04,False,0.0,0.0,-0.002744,3.3e-05,0.00101,0.348569,-0.241762,0.0,0.089945,61228.0,61528.605045,61571.19504,62054.41651,-0.000692,FREE_RANGE,SHORT_PREFERRED,0.033862,0.034091,BEAR,3.0,44.0,0.0,100,2.2,True,True,APPROVE,62,"```json
{
  ""direction"": ""SHORT"",
  ""confidence"": 62,
  ""long_score"": 28,
  ""short_score"": 72,
  ""preferred_direction"": ""SHORT"",
  ""entry_zone_low"": 61350,
  ""entry_zone_high"": 61500,
  ""limit_price"": 61425,
  ""expected_mfe"": 180,
  ""expected_mae"": 120,
  ""reversal_probability"": 38,
  ""exit_style"": ""AGGRESSIVE"",
  ""reasons_for_trade"": [
    ""MTF agreement is BEAR_ALIGNED (15m BEARISH, 4h BEARISH, 1h RANGING) - strong bearish confluence"",
    ""EMA stack is bearish (price below all EMAs, ema9 below ema21, ema21 below ema200, stack_bear=true)"",
    ""Trend health state is BEAR with bear_score=6 vs bull_score=3, intact bearish trend"",
    ""ADX=35.14 (>25) confirms trending conditions, favoring continuation"",
    ""Market structure shows LH/LL sequence active, last swing high at 61810, last swing low at 61642 - bearish micro structure"",
    ""Funding rate positive (0.01716% per 8h) favors shorts, longs paying shorts"",
    ""Edge score (2.2) below threshold (3.0) but bearish trend hierarchy overrides - continuation bias intact"",
    ""Volume ratio low (0.15) suggests lack of buying pressure to reverse downtrend""
  ],
  ""reasons_against_trade"": [
    ""Price near micro support (61642) - bounce risk if support holds"",
    ""Reversal risk score elevated (63) - higher probability of mean reversion in short term"",
    ""Higher low detected (HL in swing labels) - potential for structure shift to bullish"",
    ""Distance to support (3.4%) is slightly larger than distance to resistance (3.4%) - symmetric SR zone"",
    ""Candle range narrow (113) with wick ratio 0.47 - indecision, not strong bearish momentum"",
    ""Delta negative (-0.246) but imbalance positive (0.092) - mixed orderflow signals""
  ],
  ""bull_score"": 3,
  ""bear_score"": 7
}
```",61229.71,61180.22,MAKER,TAKER,0.032665,1.71,244.903,1.62,1.62,0.0,0.0,-0.0,-0.0,8.1,222.978872,PROFIT_LOCK_LADDER,-0.241762,0.348569,3.3e-05,0.089945,False,True,"{'price': 61228.0, 'ret_1m': 0.00013067624959163673, 'ret_5m': 0.00017968864857800936, 'ema9': 61528.60504464455, 'ema21': 61571.19504046896, 'ema200': 62054.41650986542, 'dist_to_support': 0.03409072346820432, 'dist_to_resistance': 0.0338620362959212, 'volume': 0.00101, 'volume_ratio': 0.3485693459193823, 'delta': -0.24176158999999814, 'velocity': 3.2672958688517476e-05, 'imbalance': 0.08994519209400528, 'candle_range': 113.0, 'body_ratio': 0.5265039241542115, 'wick_ratio': 0.4734960758457884}",2.2,"{'early_fail_enabled': True, 'invert_signal': False, 'ai_enabled': True, 'edge_threshold': 3.0, 'edge_threshold_max': None, 'edge_range_preset': 'min_only', 'ai_threshold': 44.0, 'leverage': 100, 'pullback_threshold': 0.001}","{'ema9': 61528.60504464455, 'ema21': 61571.19504046896, 'ema200': 62054.41650986542, 'ema_spread': -0.000692, 'ema9_slope_pct': -0.3283, 'ema21_slope_pct': -0.1335, 'ema9_above_ema21': False, 'ema21_above_ema200': False}",WEAK_SETUP,2.2,2.2,False,True,INV_False_EF_True,SHORT,12,8,SCENARIO_C_EARLY_12_v2_frozen,40.0,10.0,-12.0,2.0,8.0,300,1,2,-32.0,False,False,True,False,480,3,5.0,False,5,0.75,"[[12, 8], [15, 10], [25, 18], [40, 28], [60, 45], [80, 60], [100, 75], [150, 120]]","{""trail_ladder"": [[12, 8], [15, 10], [25, 18], [40, 28], [60, 45], [80, 60], [100, 75], [150, 120]], ""ladder_first_trigger_pct"": 12, ""ladder_first_lock_pct"": 8, ""exit_profile_id"": ""SCENARIO_C_EARLY_12_v2_frozen"", ""peak_never_loser_min_peak"": 40.0, ""peak_never_loser_floor"": 10.0, ""thesis_fast_exit_unreal_pct"": -12.0, ""thesis_mfe_protect_pct"": 2.0, ""thesis_exit_if_above_unreal_pct"": 8.0, ""thesis_min_age_sec"": 300, ""thesis_score_flip_margin"": 1, ""thesis_early_decay_delta"": 2, ""early_fail_pct_threshold"": -32.0, ""type_a_first_candle_enabled"": false, ""type_a_early_fail_enabled"": false, ""scenario_c_exit_profile"": true, ""type_a_stall_enabled"": false, ""type_a_stall_min_age_sec"": 480, ""type_a_stall_min_candles"": 3, ""type_a_stall_max_mfe_pct"": 5.0, ""trend_weakening_enabled"": false, ""spread_penalty_threshold"": 5, ""spread_penalty_margin_mult"": 0.75}",2026-06-25T11:12:00.874990+00:00,2026-06-25 21:12:00 AEST,2026-06-25 21:12:00 AEST
2026-06-25T11:12:02.447589+00:00,c604c-580897806b0a,SHORT,61231.93,61180.22,3.712699,8.46,20.0,4,1.69,1.69,0.0,0.0,-0.0,-0.0,PROFIT_LOCK_LADDER,100,0.28,62,44.0,True,SIM_LIMIT,AI_DIRECT_LIMIT,,,,,0,BEAR,SR,60-70,SPAWN,0,0,MIXED,BEAR_ALIGNED,35.14,-1,3,7,0.01786,bitfinex,tBTCF0:USTF0,v10.7-fresh-scope-relay-audit-2026-06-25,BITFINEX_ZERO,v10.7-fresh-scope-relay-audit-2026-06-25,COMBO_604_SP4_CHASE_3PLUS,AI60-65 · Spread4 · Chase 3+,APPROVE,61228.0,0.033862,0.034091,FREE_RANGE,-0.000979,0.653381,113.0,3.7127,0.0,21.545948,244.133,244.133,244.133,0-5m,AI_DIRECT,AI_DIRECT_CHASE,5,,3.93,0.0,0.04,0.04,False,0.0,0.0,-0.002741,3.3e-05,0.00101,0.348569,-0.241762,0.0,0.089945,61228.0,61528.605045,61571.19504,62054.41651,-0.000692,FREE_RANGE,SHORT_PREFERRED,0.033862,0.034091,BEAR,3.0,44.0,0.0,100,2.2,True,True,APPROVE,62,"```json
{
  ""direction"": ""SHORT"",
  ""confidence"": 62,
  ""long_score"": 28,
  ""short_score"": 72,
  ""preferred_direction"": ""SHORT"",
  ""entry_zone_low"": 61350,
  ""entry_zone_high"": 61500,
  ""limit_price"": 61425,
  ""expected_mfe"": 180,
  ""expected_mae"": 120,
  ""reversal_probability"": 38,
  ""exit_style"": ""AGGRESSIVE"",
  ""reasons_for_trade"": [
    ""MTF agreement is BEAR_ALIGNED (15m BEARISH, 4h BEARISH, 1h RANGING) - strong bearish confluence"",
    ""EMA stack is bearish (price below all EMAs, ema9 below ema21, ema21 below ema200, stack_bear=true)"",
    ""Trend health state is BEAR with bear_score=6 vs bull_score=3, intact bearish trend"",
    ""ADX=35.14 (>25) confirms trending conditions, favoring continuation"",
    ""Market structure shows LH/LL sequence active, last swing high at 61810, last swing low at 61642 - bearish micro structure"",
    ""Funding rate positive (0.01716% per 8h) favors shorts, longs paying shorts"",
    ""Edge score (2.2) below threshold (3.0) but bearish trend hierarchy overrides - continuation bias intact"",
    ""Volume ratio low (0.15) suggests lack of buying pressure to reverse downtrend""
  ],
  ""reasons_against_trade"": [
    ""Price near micro support (61642) - bounce risk if support holds"",
    ""Reversal risk score elevated (63) - higher probability of mean reversion in short term"",
    ""Higher low detected (HL in swing labels) - potential for structure shift to bullish"",
    ""Distance to support (3.4%) is slightly larger than distance to resistance (3.4%) - symmetric SR zone"",
    ""Candle range narrow (113) with wick ratio 0.47 - indecision, not strong bearish momentum"",
    ""Delta negative (-0.246) but imbalance positive (0.092) - mixed orderflow signals""
  ],
  ""bull_score"": 3,
  ""bear_score"": 7
}
```",61231.93,61180.22,MAKER,TAKER,0.032665,3.93,244.133,1.69,1.69,0.0,0.0,-0.0,-0.0,8.46,222.762056,PROFIT_LOCK_LADDER,-0.241762,0.348569,3.3e-05,0.089945,False,True,"{'price': 61228.0, 'ret_1m': 0.00013067624959163673, 'ret_5m': 0.00017968864857800936, 'ema9': 61528.60504464455, 'ema21': 61571.19504046896, 'ema200': 62054.41650986542, 'dist_to_support': 0.03409072346820432, 'dist_to_resistance': 0.0338620362959212, 'volume': 0.00101, 'volume_ratio': 0.3485693459193823, 'delta': -0.24176158999999814, 'velocity': 3.2672958688517476e-05, 'imbalance': 0.08994519209400528, 'candle_range': 113.0, 'body_ratio': 0.5265039241542115, 'wick_ratio': 0.4734960758457884}",2.2,"{'early_fail_enabled': True, 'invert_signal': False, 'ai_enabled': True, 'edge_threshold': 3.0, 'edge_threshold_max': None, 'edge_range_preset': 'min_only', 'ai_threshold': 44.0, 'leverage': 100, 'pullback_threshold': 0.001}","{'ema9': 61528.60504464455, 'ema21': 61571.19504046896, 'ema200': 62054.41650986542, 'ema_spread': -0.000692, 'ema9_slope_pct': -0.3283, 'ema21_slope_pct': -0.1335, 'ema9_above_ema21': False, 'ema21_above_ema200': False}",WEAK_SETUP,2.2,2.2,False,True,INV_False_EF_True,SHORT,12,8,SCENARIO_C_EARLY_12_v2_frozen,40.0,10.0,-12.0,2.0,8.0,300,1,2,-32.0,False,False,True,False,480,3,5.0,False,5,0.75,"[[12, 8], [15, 10], [25, 18], [40, 28], [60, 45], [80, 60], [100, 75], [150, 120]]","{""trail_ladder"": [[12, 8], [15, 10], [25, 18], [40, 28], [60, 45], [80, 60], [100, 75], [150, 120]], ""ladder_first_trigger_pct"": 12, ""ladder_first_lock_pct"": 8, ""exit_profile_id"": ""SCENARIO_C_EARLY_12_v2_frozen"", ""peak_never_loser_min_peak"": 40.0, ""peak_never_loser_floor"": 10.0, ""thesis_fast_exit_unreal_pct"": -12.0, ""thesis_mfe_protect_pct"": 2.0, ""thesis_exit_if_above_unreal_pct"": 8.0, ""thesis_min_age_sec"": 300, ""thesis_score_flip_margin"": 1, ""thesis_early_decay_delta"": 2, ""early_fail_pct_threshold"": -32.0, ""type_a_first_candle_enabled"": false, ""type_a_early_fail_enabled"": false, ""scenario_c_exit_profile"": true, ""type_a_stall_enabled"": false, ""type_a_stall_min_age_sec"": 480, ""type_a_stall_min_candles"": 3, ""type_a_stall_max_mfe_pct"": 5.0, ""trend_weakening_enabled"": false, ""spread_penalty_threshold"": 5, ""spread_penalty_margin_mult"": 0.75}",2026-06-25T11:12:02.447589+00:00,2026-06-25 21:12:02 AEST,2026-06-25 21:12:02 AEST
2026-06-25T11:14:35.013071+00:00,c604c-05f9068085fe,SHORT,61239.18,61315.58,0.432693,-12.47,20.0,4,-2.49,-2.5,0.0,0.0,-0.0,-0.0,THESIS_FAST_CUT,100,0.42,62,44.0,True,SIM_LIMIT,AI_DIRECT_LIMIT,,,,,0,BEAR,SR,60-70,SPAWN,0,0,MIXED,BEAR_ALIGNED,35.98,-1,3,7,0.01817,bitfinex,tBTCF0:USTF0,v10.7-fresh-scope-relay-audit-2026-06-25,BITFINEX_ZERO,v10.7-fresh-scope-relay-audit-2026-06-25,COMBO_604_SP4_CHASE_3PLUS,AI60-65 · Spread4 · Chase 3+,APPROVE,61186.0,0.035469,0.032589,FREE_RANGE,-0.000717,1.0,113.0,0.432694,-12.475673,1.172452,111.951,111.951,111.951,0-5m,AI_DIRECT,AI_DIRECT,0,,53.18,0.0,0.2478,0.2478,False,0.0,0.0,-0.000326,7.2e-05,0.010621,0.093101,0.155437,0.0,0.045596,61178.0,61496.205045,61556.467768,62052.80457,-0.000979,FREE_RANGE,SHORT_PREFERRED,0.035469,0.032589,BEAR,3.0,44.0,0.0,100,2.2,True,True,APPROVE,62,"```json
{
  ""direction"": ""SHORT"",
  ""confidence"": 62,
  ""long_score"": 28,
  ""short_score"": 72,
  ""preferred_direction"": ""SHORT"",
  ""entry_zone_low"": 61100,
  ""entry_zone_high"": 61200,
  ""limit_price"": 61150,
  ""expected_mfe"": 180,
  ""expected_mae"": 120,
  ""reversal_probability"": 53,
  ""exit_style"": ""AGGRESSIVE"",
  ""reasons_for_trade"": [
    ""MTF agreement is BEAR_ALIGNED with 15m and 4h bearish, 1h ranging"",
    ""EMA stack is bearish (price below all EMAs, EMA9 below EMA21 below EMA200)"",
    ""ADX at 35.98 indicates strong trending conditions favoring continuation"",
    ""Trend health state is BEAR with bear_score 6 vs bull_score 3"",
    ""Funding rate positive (0.01777% per 8h) favors shorts"",
    ""Price is in FREE_RANGE with no immediate SR barrier to stop a move lower"",
    ""Regime is TRENDING bearish with recent compression break likely resolving lower""
  ],
  ""reasons_against_trade"": [
    ""Higher low detected on micro structure suggests potential bounce risk"",
    ""Reversal probability at 53% indicates non-trivial chance of mean reversion"",
    ""Price is relatively close to support (3.26% away) - short entry near support has reduced expectancy"",
    ""Volume ratio elevated (1.37) could indicate exhaustion buying before a reversal"",
    ""Edge score (2.2) below threshold (3.0) suggests weaker signal quality""
  ],
  ""bull_score"": 3,
  ""bear_score"": 7
}
```",61239.18,61315.58,MAKER,TAKER,0.032687,53.18,111.951,-2.49,-2.5,0.0,0.0,-0.0,-0.0,-12.47,25.961715,THESIS_FAST_CUT,0.155437,0.093101,7.2e-05,0.045596,False,True,"{'price': 61178.0, 'ret_1m': 0.0, 'ret_5m': 0.001276595744680851, 'ema9': 61496.20504464455, 'ema21': 61556.46776774169, 'ema200': 62052.80456956691, 'dist_to_support': 0.03258949021660886, 'dist_to_resistance': 0.03546888292651004, 'volume': 0.010621432, 'volume_ratio': 0.09310084389211729, 'delta': 0.15543740800000225, 'velocity': 7.196063106632224e-05, 'imbalance': 0.04559580024428535, 'candle_range': 113.0, 'body_ratio': 0.5265039241542115, 'wick_ratio': 0.4734960758457884}",2.2,"{'early_fail_enabled': True, 'invert_signal': False, 'ai_enabled': True, 'edge_threshold': 3.0, 'edge_threshold_max': None, 'edge_range_preset': 'min_only', 'ai_threshold': 44.0, 'leverage': 100, 'pullback_threshold': 0.001}","{'ema9': 61496.20504464455, 'ema21': 61556.46776774169, 'ema200': 62052.80456956691, 'ema_spread': -0.000979, 'ema9_slope_pct': -0.3808, 'ema21_slope_pct': -0.1574, 'ema9_above_ema21': False, 'ema21_above_ema200': False}",MOMENTUM_LONG,2.2,2.2,False,True,INV_False_EF_True,SHORT,12,8,SCENARIO_C_EARLY_12_v2_frozen,40.0,10.0,-12.0,2.0,8.0,300,1,2,-32.0,False,False,True,False,480,3,5.0,False,5,0.75,"[[12, 8], [15, 10], [25, 18], [40, 28], [60, 45], [80, 60], [100, 75], [150, 120]]","{""trail_ladder"": [[12, 8], [15, 10], [25, 18], [40, 28], [60, 45], [80, 60], [100, 75], [150, 120]], ""ladder_first_trigger_pct"": 12, ""ladder_first_lock_pct"": 8, ""exit_profile_id"": ""SCENARIO_C_EARLY_12_v2_frozen"", ""peak_never_loser_min_peak"": 40.0, ""peak_never_loser_floor"": 10.0, ""thesis_fast_exit_unreal_pct"": -12.0, ""thesis_mfe_protect_pct"": 2.0, ""thesis_exit_if_above_unreal_pct"": 8.0, ""thesis_min_age_sec"": 300, ""thesis_score_flip_margin"": 1, ""thesis_early_decay_delta"": 2, ""early_fail_pct_threshold"": -32.0, ""type_a_first_candle_enabled"": false, ""type_a_early_fail_enabled"": false, ""scenario_c_exit_profile"": true, ""type_a_stall_enabled"": false, ""type_a_stall_min_age_sec"": 480, ""type_a_stall_min_candles"": 3, ""type_a_stall_max_mfe_pct"": 5.0, ""trend_weakening_enabled"": false, ""spread_penalty_threshold"": 5, ""spread_penalty_margin_mult"": 0.75}",2026-06-25T11:14:35.013071+00:00,2026-06-25 21:14:35 AEST,2026-06-25 21:14:35 AEST
2026-06-25T11:19:54.980992+00:00,cont-deba8c248f8c,SHORT,61431.96,61387.07,0.834462,7.31,20.0,4,1.46,1.46,0.0,0.0,-0.0,-0.0,PROFIT_LOCK_LADDER,100,0.24,62,44.0,True,SIM_LIMIT,AI_DIRECT_LIMIT,,,,,0,BEAR,SR,60-70,SPAWN,0,0,MIXED,BEAR_ALIGNED,35.98,-1,3,7,0.0187,bitfinex,tBTCF0:USTF0,v10.7-fresh-scope-relay-audit-2026-06-25,BITFINEX_ZERO,v10.7-fresh-scope-relay-audit-2026-06-25,CONTINUOUS,Continuous AI Research,APPROVE,61427.0,0.033339,0.03458,FREE_RANGE,-0.000762,1.0,0.0,0.834463,0.0,13.016026,213.25,213.25,213.25,0-5m,AI_DIRECT,AI_DIRECT_CHASE,4,,4.96,0.0,0.23,0.23,False,0.0,0.0,-0.000647,0.000423,0.035188,6.488311,0.324878,0.035188,0.09094,61442.0,61525.805045,61569.922313,62054.277206,-0.000717,FREE_RANGE,SHORT_PREFERRED,0.033339,0.03458,BEAR,3.0,44.0,0.0,100,1.6,True,True,APPROVE,62,"```json
{
  ""direction"": ""SHORT"",
  ""confidence"": 62,
  ""long_score"": 25,
  ""short_score"": 72,
  ""preferred_direction"": ""SHORT"",
  ""entry_zone_low"": 61350,
  ""entry_zone_high"": 61450,
  ""limit_price"": 61400,
  ""expected_mfe"": 180,
  ""expected_mae"": 120,
  ""reversal_probability"": 71,
  ""exit_style"": ""AGGRESSIVE"",
  ""reasons_for_trade"": [
    ""MTF agreement is BEAR_ALIGNED with 15m and 4h bearish, 1h ranging"",
    ""EMA stack is bearish (price below all EMAs, EMA9 below EMA21, EMA21 below EMA200)"",
    ""ADX at 35.98 indicates strong trending conditions favoring continuation"",
    ""Trend health state is BEAR with bear_score 6 vs bull_score 3"",
    ""Regime label is BEAR, trend_health_state is BEAR, last 3 regimes all BEAR"",
    ""Funding rate positive (0.01817% per 8h) favors shorts, longs paying"",
    ""Price is below micro resistance (61810) and below recent swing high (61810), structure is LEAN_BEAR"",
    ""Volume ratio is low (0.118) suggesting lack of buying conviction on bounces""
  ],
  ""reasons_against_trade"": [
    ""Reversal risk score is elevated at 71, indicating potential for mean reversion"",
    ""Price is near micro support (61642) and relatively close to recent low (59132) - bounce risk exists"",
    ""Higher low detected suggests some buying pressure at lower levels"",
    ""Market regime tracker shows recent compression/transition cycles, not pure trending"",
    ""Edge score (1.6) is below threshold (3.0), indicating weak edge signal"",
    ""Candle range is narrow (113) with balanced wick/body, suggesting indecision""
  ],
  ""bull_score"": 3,
  ""bear_score"": 7
}
```

**Direction:** SHORT  
**Win probability:** 62%  
**Long score:** 25  
**Short score:** 72  
**Bull score:** 3/10  
**Bear score:** 7/10  
**Decision:** APPROVE  

**Reason:** The trend hierarchy strongly favors bearish continuation: BEAR_ALIGNED multi-timeframe agreement, bearish EMA stack, ADX > 25 indicating trending conditions, and consistent BEAR regime across all timeframes. The short score (72) comfortably exceeds the long score (25) by more than the required 5-point threshold. While the reversal probability is elevated (71%), this reflects mean reversion risk in a compressed market rather than a confirmed trend reversal - the structure shows no lower high or liquidity sweep to confirm a bearish breakdown, but the continuation bias remains intact. Entry is planned on a minor pullback to 61400 (above current price of 61281) to avoid chasing, with aggressive exit targeting the recent low zone near 61000-61200. The low volume ratio and positive funding further support the short thesis.",61431.96,61387.07,MAKER,TAKER,0.032559,4.96,213.25,1.46,1.46,0.0,0.0,-0.0,-0.0,7.31,50.067797,PROFIT_LOCK_LADDER,0.324878,6.488311,0.000423,0.09094,False,True,"{'velocity': 0.0004233424514784421, 'volume': 0.03518839, 'volume_ratio': 6.48831089941913, 'delta': 0.32487815000000064, 'imbalance': 0.0909401020452405, 'delta_change': 0.03518839000000007}",1.6,"{'early_fail_enabled': True, 'invert_signal': False, 'ai_enabled': True, 'edge_threshold': 3.0, 'edge_threshold_max': None, 'edge_range_preset': 'min_only', 'ai_threshold': 44.0, 'leverage': 100, 'pullback_threshold': 0.001}","{'ema9': 61525.80504464455, 'ema21': 61569.922313196235, 'ema200': 62054.27720638283, 'ema_spread': -0.000717, 'ema9_slope_pct': -0.3328, 'ema21_slope_pct': -0.1355, 'ema9_above_ema21': False, 'ema21_above_ema200': False}",MOMENTUM_LONG,1.6,1.6,False,True,INV_False_EF_True,SHORT,12,8,SCENARIO_C_EARLY_12_v2_frozen,40.0,10.0,-12.0,2.0,8.0,300,1,2,-32.0,False,False,True,False,480,3,5.0,False,5,0.75,"[[12, 8], [15, 10], [25, 18], [40, 28], [60, 45], [80, 60], [100, 75], [150, 120]]","{""trail_ladder"": [[12, 8], [15, 10], [25, 18], [40, 28], [60, 45], [80, 60], [100, 75], [150, 120]], ""ladder_first_trigger_pct"": 12, ""ladder_first_lock_pct"": 8, ""exit_profile_id"": ""SCENARIO_C_EARLY_12_v2_frozen"", ""peak_never_loser_min_peak"": 40.0, ""peak_never_loser_floor"": 10.0, ""thesis_fast_exit_unreal_pct"": -12.0, ""thesis_mfe_protect_pct"": 2.0, ""thesis_exit_if_above_unreal_pct"": 8.0, ""thesis_min_age_sec"": 300, ""thesis_score_flip_margin"": 1, ""thesis_early_decay_delta"": 2, ""early_fail_pct_threshold"": -32.0, ""type_a_first_candle_enabled"": false, ""type_a_early_fail_enabled"": false, ""scenario_c_exit_profile"": true, ""type_a_stall_enabled"": false, ""type_a_stall_min_age_sec"": 480, ""type_a_stall_min_candles"": 3, ""type_a_stall_max_mfe_pct"": 5.0, ""trend_weakening_enabled"": false, ""spread_penalty_threshold"": 5, ""spread_penalty_margin_mult"": 0.75}",2026-06-25T11:19:54.980992+00:00,2026-06-25 21:19:54 AEST,2026-06-25 21:19:54 AEST
2026-06-25T11:30:05.954926+00:00,cont-ebb7077d37b9,SHORT,61362.19,61307.0,7.018629,9.02,20.0,4,1.8,1.8,0.0,0.0,-0.01,-0.01,PROFIT_LOCK_LADDER,100,0.3,62,44.0,True,SIM_LIMIT,AI_DIRECT_LIMIT,,,,,0,BEAR,SR,60-70,SPAWN,0,0,MIXED,BEAR_ALIGNED,35.42,-1,3,7,0.01965,bitfinex,tBTCF0:USTF0,v10.7-fresh-scope-relay-audit-2026-06-25,BITFINEX_ZERO,v10.7-fresh-scope-relay-audit-2026-06-25,CONTINUOUS,Continuous AI Research,APPROVE,61368.0,0.031352,0.036436,FREE_RANGE,-0.000936,1.0,117.4,7.01863,0.0,15.186876,119.738,119.738,119.738,0-5m,AI_DIRECT,AI_DIRECT_CHASE,2,,5.81,0.0,0.0,0.0,False,0.0,0.0,-0.005641,-8.5e-05,0.018072,0.004159,1.625786,0.0,0.181773,61368.0,61528.684036,61568.499624,62048.243111,-0.000647,FREE_RANGE,SHORT_PREFERRED,0.031352,0.036436,BEAR,3.0,44.0,0.0,100,3.2,True,True,APPROVE,62,"```json
{
  ""direction"": ""SHORT"",
  ""confidence"": 62,
  ""long_score"": 28,
  ""short_score"": 72,
  ""preferred_direction"": ""SHORT"",
  ""entry_zone_low"": 61350,
  ""entry_zone_high"": 61450,
  ""limit_price"": 61400,
  ""expected_mfe"": 180,
  ""expected_mae"": 120,
  ""reversal_probability"": 35,
  ""exit_style"": ""AGGRESSIVE"",
  ""reasons_for_trade"": [
    ""MTF agreement is BEAR_ALIGNED with 15m and 4h bearish, 1h ranging"",
    ""EMA stack is bearish (price below all EMAs, EMA9 below EMA21, EMA21 below EMA200)"",
    ""ADX at 35.42 (>25) confirms trending bearish conditions favoring continuation"",
    ""Trend health state is BEAR with bear_score (5) > bull_score (4)"",
    ""Regime is BEAR and sr_bias is SHORT_PREFERRED"",
    ""Velocity is negative (-0.0085%) and EMA slope is declining"",
    ""Market structure shows recent LLs and no HH/HL sequence for bulls"",
    ""Funding rate positive (0.0188% per 8h) favors shorts, longs paying""
  ],
  ""reasons_against_trade"": [
    ""Price is near micro support (61642) and within 0.45% of it, increasing bounce risk"",
    ""Reversal risk score is 51 (moderate), with a higher low detected recently"",
    ""Volume ratio is very low (0.004), suggesting lack of conviction in current move"",
    ""Delta is positive (1.63) indicating some buying pressure on recent candles"",
    ""Market regime tracker shows COMPRESSION, which can precede sharp reversals""
  ],
  ""bull_score"": 3,
  ""bear_score"": 7
}
```

**Direction:** SHORT  
**Win probability:** 62%  
**Long score:** 28  
**Short score:** 72  
**Bull score:** 3/10  
**Bear score:** 7/10  
**Decision:** APPROVE  
**Reason:** Strong bearish alignment across MTF, EMA stack, ADX, and trend health outweighs proximity to support. The positive funding and negative velocity reinforce short continuation. However, the near-support location and moderate reversal risk prevent a STRONG_APPROVE. Entry is set slightly above current price (pullback to 61400) to avoid chasing into support. Exit style AGGRESSIVE to capture quick continuation before potential support bounce.",61362.19,61307.0,MAKER,TAKER,0.03259,5.81,119.738,1.8,1.8,0.0,0.0,-0.01,-0.01,9.02,421.11783,PROFIT_LOCK_LADDER,1.625786,0.004159,-8.5e-05,0.181773,False,True,"{'price': 61368.0, 'ret_1m': -0.0004397752259956023, 'ret_5m': -0.00042349415252304786, 'ema9': 61528.68403571565, 'ema21': 61568.499623561875, 'ema200': 62048.243110571515, 'dist_to_support': 0.036435927519228264, 'dist_to_resistance': 0.031351844609568504, 'volume': 0.018071543000000002, 'volume_ratio': 0.004159275522653745, 'delta': 1.6257864059999982, 'velocity': -8.4675710554243e-05, 'imbalance': 0.18177307912889246, 'candle_range': 117.4, 'body_ratio': 0.5383919405420573, 'wick_ratio': 0.4616080594579427}",3.2,"{'early_fail_enabled': True, 'invert_signal': False, 'ai_enabled': True, 'edge_threshold': 3.0, 'edge_threshold_max': None, 'edge_range_preset': 'min_only', 'ai_threshold': 44.0, 'leverage': 100, 'pullback_threshold': 0.001}","{'ema9': 61528.68403571565, 'ema21': 61568.499623561875, 'ema200': 62048.243110571515, 'ema_spread': -0.000647, 'ema9_slope_pct': -0.2289, 'ema21_slope_pct': -0.104, 'ema9_above_ema21': False, 'ema21_above_ema200': False}",WEAK_SETUP,3.2,3.2,False,True,INV_False_EF_True,SHORT,12,8,SCENARIO_C_EARLY_12_v2_frozen,40.0,10.0,-12.0,2.0,8.0,300,1,2,-32.0,False,False,True,False,480,3,5.0,False,5,0.75,"[[12, 8], [15, 10], [25, 18], [40, 28], [60, 45], [80, 60], [100, 75], [150, 120]]","{""trail_ladder"": [[12, 8], [15, 10], [25, 18], [40, 28], [60, 45], [80, 60], [100, 75], [150, 120]], ""ladder_first_trigger_pct"": 12, ""ladder_first_lock_pct"": 8, ""exit_profile_id"": ""SCENARIO_C_EARLY_12_v2_frozen"", ""peak_never_loser_min_peak"": 40.0, ""peak_never_loser_floor"": 10.0, ""thesis_fast_exit_unreal_pct"": -12.0, ""thesis_mfe_protect_pct"": 2.0, ""thesis_exit_if_above_unreal_pct"": 8.0, ""thesis_min_age_sec"": 300, ""thesis_score_flip_margin"": 1, ""thesis_early_decay_delta"": 2, ""early_fail_pct_threshold"": -32.0, ""type_a_first_candle_enabled"": false, ""type_a_early_fail_enabled"": false, ""scenario_c_exit_profile"": true, ""type_a_stall_enabled"": false, ""type_a_stall_min_age_sec"": 480, ""type_a_stall_min_candles"": 3, ""type_a_stall_max_mfe_pct"": 5.0, ""trend_weakening_enabled"": false, ""spread_penalty_threshold"": 5, ""spread_penalty_margin_mult"": 0.75}",2026-06-25T11:30:05.954926+00:00,2026-06-25 21:30:05 AEST,2026-06-25 21:30:05 AEST
2026-06-25T11:30:43.454024+00:00,c604c-43231513d0b9,SHORT,61433.16,61341.0,10.309897,15.04,20.0,4,3.01,3.0,0.0,0.0,-0.01,-0.01,PROFIT_LOCK_LADDER,100,0.5,62,44.0,True,SIM_LIMIT,AI_DIRECT_LIMIT,,,,,0,BEAR,SR,60-70,SPAWN,0,0,MIXED,BEAR_ALIGNED,35.98,-1,3,7,0.01965,bitfinex,tBTCF0:USTF0,v10.7-fresh-scope-relay-audit-2026-06-25,BITFINEX_ZERO,v10.7-fresh-scope-relay-audit-2026-06-25,COMBO_604_SP4_CHASE_3PLUS,AI60-65 · Spread4 · Chase 3+,APPROVE,61414.0,0.033339,0.03458,FREE_RANGE,-0.000936,1.0,0.0,10.309898,0.0,26.721725,252.641,252.641,252.641,0-5m,AI_DIRECT,AI_DIRECT_CHASE,3,,19.16,0.0,0.0,0.0,False,0.0,0.0,-0.008248,-0.000277,0.16279,17.113709,0.115349,-0.16279,0.030484,61422.0,61525.805045,61569.922313,62054.277206,-0.000717,FREE_RANGE,SHORT_PREFERRED,0.033339,0.03458,BEAR,3.0,44.0,0.0,100,1.6,True,True,APPROVE,62,"```json
{
  ""direction"": ""SHORT"",
  ""confidence"": 62,
  ""long_score"": 25,
  ""short_score"": 72,
  ""preferred_direction"": ""SHORT"",
  ""entry_zone_low"": 61350,
  ""entry_zone_high"": 61450,
  ""limit_price"": 61400,
  ""expected_mfe"": 180,
  ""expected_mae"": 120,
  ""reversal_probability"": 71,
  ""exit_style"": ""AGGRESSIVE"",
  ""reasons_for_trade"": [
    ""MTF agreement is BEAR_ALIGNED with 15m and 4h bearish, 1h ranging"",
    ""EMA stack is bearish (price below all EMAs, EMA9 below EMA21, EMA21 below EMA200)"",
    ""ADX at 35.98 indicates strong trending conditions favoring continuation"",
    ""Trend health state is BEAR with bear_score 6 vs bull_score 3"",
    ""Regime label is BEAR, trend_health_state is BEAR, last 3 regimes all BEAR"",
    ""Funding rate positive (0.01817% per 8h) favors shorts, longs paying"",
    ""Price is below micro resistance (61810) and below recent swing high (61810), structure is LEAN_BEAR"",
    ""Volume ratio is low (0.118) suggesting lack of buying conviction on bounces""
  ],
  ""reasons_against_trade"": [
    ""Reversal risk score is elevated at 71, indicating potential for mean reversion"",
    ""Price is near micro support (61642) and relatively close to recent low (59132) - bounce risk exists"",
    ""Higher low detected suggests some buying pressure at lower levels"",
    ""Market regime tracker shows recent compression/transition cycles, not pure trending"",
    ""Edge score (1.6) is below threshold (3.0), indicating weak edge signal"",
    ""Candle range is narrow (113) with balanced wick/body, suggesting indecision""
  ],
  ""bull_score"": 3,
  ""bear_score"": 7
}
```

**Direction:** SHORT  
**Win probability:** 62%  
**Long score:** 25  
**Short score:** 72  
**Bull score:** 3/10  
**Bear score:** 7/10  
**Decision:** APPROVE  

**Reason:** The trend hierarchy strongly favors bearish continuation: BEAR_ALIGNED multi-timeframe agreement, bearish EMA stack, ADX > 25 indicating trending conditions, and consistent BEAR regime across all timeframes. The short score (72) comfortably exceeds the long score (25) by more than the required 5-point threshold. While the reversal probability is elevated (71%), this reflects mean reversion risk in a compressed market rather than a confirmed trend reversal - the structure shows no lower high or liquidity sweep to confirm a bearish breakdown, but the continuation bias remains intact. Entry is planned on a minor pullback to 61400 (above current price of 61281) to avoid chasing, with aggressive exit targeting the recent low zone near 61000-61200. The low volume ratio and positive funding further support the short thesis.",61433.16,61341.0,MAKER,TAKER,0.032566,19.16,252.641,3.01,3.0,0.0,0.0,-0.01,-0.01,15.04,618.593904,PROFIT_LOCK_LADDER,0.115349,17.113709,-0.000277,0.030484,False,True,"{'velocity': -0.00027669721186868276, 'volume': 0.16278956, 'volume_ratio': 17.113708987357054, 'delta': 0.11534891000000069, 'imbalance': 0.03048425353708124, 'delta_change': -0.16278956}",2.2,"{'early_fail_enabled': True, 'invert_signal': False, 'ai_enabled': True, 'edge_threshold': 3.0, 'edge_threshold_max': None, 'edge_range_preset': 'min_only', 'ai_threshold': 44.0, 'leverage': 100, 'pullback_threshold': 0.001}","{'ema9': 61525.80504464455, 'ema21': 61569.922313196235, 'ema200': 62054.27720638283, 'ema_spread': -0.000717, 'ema9_slope_pct': -0.3328, 'ema21_slope_pct': -0.1355, 'ema9_above_ema21': False, 'ema21_above_ema200': False}",WEAK_SETUP,2.2,2.2,False,True,INV_False_EF_True,SHORT,12,8,SCENARIO_C_EARLY_12_v2_frozen,40.0,10.0,-12.0,2.0,8.0,300,1,2,-32.0,False,False,True,False,480,3,5.0,False,5,0.75,"[[12, 8], [15, 10], [25, 18], [40, 28], [60, 45], [80, 60], [100, 75], [150, 120]]","{""trail_ladder"": [[12, 8], [15, 10], [25, 18], [40, 28], [60, 45], [80, 60], [100, 75], [150, 120]], ""ladder_first_trigger_pct"": 12, ""ladder_first_lock_pct"": 8, ""exit_profile_id"": ""SCENARIO_C_EARLY_12_v2_frozen"", ""peak_never_loser_min_peak"": 40.0, ""peak_never_loser_floor"": 10.0, ""thesis_fast_exit_unreal_pct"": -12.0, ""thesis_mfe_protect_pct"": 2.0, ""thesis_exit_if_above_unreal_pct"": 8.0, ""thesis_min_age_sec"": 300, ""thesis_score_flip_margin"": 1, ""thesis_early_decay_delta"": 2, ""early_fail_pct_threshold"": -32.0, ""type_a_first_candle_enabled"": false, ""type_a_early_fail_enabled"": false, ""scenario_c_exit_profile"": true, ""type_a_stall_enabled"": false, ""type_a_stall_min_age_sec"": 480, ""type_a_stall_min_candles"": 3, ""type_a_stall_max_mfe_pct"": 5.0, ""trend_weakening_enabled"": false, ""spread_penalty_threshold"": 5, ""spread_penalty_margin_mult"": 0.75}",2026-06-25T11:30:43.454024+00:00,2026-06-25 21:30:43 AEST,2026-06-25 21:30:43 AEST
2026-06-25T11:50:37.911070+00:00,c65c-d2a3e5d56a66,SHORT,61407.7,61320.07,7.261416,14.3,15.0,6,2.15,2.14,0.0,0.0,-0.0,-0.0,PROFIT_LOCK_LADDER,100,0.48,68,44.0,True,SIM_LIMIT,AI_DIRECT_LIMIT,,,,,0,BEAR,SR,60-70,SPAWN,-3,-3,BEARISH_STRUCTURE,BEAR_ALIGNED,34.92,-4,2,8,0.02156,bitfinex,tBTCF0:USTF0,v10.7-fresh-scope-relay-audit-2026-06-25,BITFINEX_ZERO,v10.7-fresh-scope-relay-audit-2026-06-25,COMBO_65_SP5_CHASE_3PLUS,AI65+ · Spread5+ · Chase 3+,APPROVE,61349.0,0.031873,0.035949,FREE_RANGE,-0.001505,0.619518,104.2,7.261417,0.0,35.614426,291.139,291.139,291.139,0-5m,AI_DIRECT,AI_DIRECT_CHASE,5,,58.7,0.0,0.2463,0.2463,False,0.0,0.0,-0.004821,3.3e-05,0.008948,0.045996,0.312415,0.0,0.023327,61357.0,61451.867229,61528.297178,62037.763478,-0.001242,FREE_RANGE,SHORT_PREFERRED,0.031873,0.035949,BEAR,3.0,44.0,0.0,100,2.4,True,True,APPROVE,68,"```json
{
  ""direction"": ""SHORT"",
  ""confidence"": 68,
  ""long_score"": 20,
  ""short_score"": 78,
  ""preferred_direction"": ""SHORT"",
  ""entry_zone_low"": 61450,
  ""entry_zone_high"": 61650,
  ""limit_price"": 61550,
  ""expected_mfe"": 180,
  ""expected_mae"": 120,
  ""reversal_probability"": 29,
  ""exit_style"": ""AGGRESSIVE"",
  ""reasons_for_trade"": [
    ""BEAR_ALIGNED multi-timeframe agreement (15m bearish, 4h bearish, 1h ranging)"",
    ""Bearish market structure with structure_score -3 and BEARISH_STRUCTURE bias"",
    ""Bearish EMA stack (price below all EMAs, EMA9 below EMA21, EMA21 below EMA200)"",
    ""ADX 34.92 (>25) confirms trending conditions favoring continuation"",
    ""Trend health state BEAR with bear_score 10 vs bull_score 3"",
    ""Market structure shift is BEAR_CONTINUATION"",
    ""Funding rate positive (0.02033% per 8h) favoring shorts"",
    ""Price in COMPRESSION regime near micro resistance (61810) with low volume ratio (0.09)""
  ],
  ""reasons_against_trade"": [
    ""Price near micro support (61094) with only 0.45% distance, increasing bounce risk"",
    ""Reversal risk score elevated at 71, suggesting potential mean reversion"",
    ""Higher low detected (HL) could indicate weakening bear momentum"",
    ""Volume ratio very low (0.09) may indicate lack of conviction"",
    ""Edge score (2.4) below threshold (3.0) suggesting weak edge telemetry""
  ],
  ""bull_score"": 2,
  ""bear_score"": 8
}
```",61407.7,61320.07,MAKER,TAKER,0.02445,58.7,291.139,2.15,2.14,0.0,0.0,-0.0,-0.0,14.3,435.685083,PROFIT_LOCK_LADDER,0.312415,0.045996,3.3e-05,0.023327,False,True,"{'price': 61357.0, 'ret_1m': 0.0, 'ret_5m': 0.00030975904007303793, 'ema9': 61451.867228572526, 'ema21': 61528.29717843919, 'ema200': 62037.76347822216, 'dist_to_support': 0.03594893783523811, 'dist_to_resistance': 0.031873094543261, 'volume': 0.008947867000000002, 'volume_ratio': 0.04599617113992539, 'delta': 0.31241473300000094, 'velocity': 3.262555285478591e-05, 'imbalance': 0.023327039511672032, 'candle_range': 104.2, 'body_ratio': 0.5849839561214146, 'wick_ratio': 0.4150160438785854}",3.0,"{'early_fail_enabled': True, 'invert_signal': False, 'ai_enabled': True, 'edge_threshold': 3.0, 'edge_threshold_max': None, 'edge_range_preset': 'min_only', 'ai_threshold': 44.0, 'leverage': 100, 'pullback_threshold': 0.001}","{'ema9': 61451.867228572526, 'ema21': 61528.29717843919, 'ema200': 62037.76347822216, 'ema_spread': -0.001242, 'ema9_slope_pct': -0.2328, 'ema21_slope_pct': -0.1198, 'ema9_above_ema21': False, 'ema21_above_ema200': False}",MOMENTUM_LONG,3.0,3.0,False,True,INV_False_EF_True,SHORT,12,8,SCENARIO_C_EARLY_12_v2_frozen,40.0,10.0,-12.0,2.0,8.0,300,1,2,-32.0,False,False,True,False,480,3,5.0,False,5,0.75,"[[12, 8], [15, 10], [25, 18], [40, 28], [60, 45], [80, 60], [100, 75], [150, 120]]","{""trail_ladder"": [[12, 8], [15, 10], [25, 18], [40, 28], [60, 45], [80, 60], [100, 75], [150, 120]], ""ladder_first_trigger_pct"": 12, ""ladder_first_lock_pct"": 8, ""exit_profile_id"": ""SCENARIO_C_EARLY_12_v2_frozen"", ""peak_never_loser_min_peak"": 40.0, ""peak_never_loser_floor"": 10.0, ""thesis_fast_exit_unreal_pct"": -12.0, ""thesis_mfe_protect_pct"": 2.0, ""thesis_exit_if_above_unreal_pct"": 8.0, ""thesis_min_age_sec"": 300, ""thesis_score_flip_margin"": 1, ""thesis_early_decay_delta"": 2, ""early_fail_pct_threshold"": -32.0, ""type_a_first_candle_enabled"": false, ""type_a_early_fail_enabled"": false, ""scenario_c_exit_profile"": true, ""type_a_stall_enabled"": false, ""type_a_stall_min_age_sec"": 480, ""type_a_stall_min_candles"": 3, ""type_a_stall_max_mfe_pct"": 5.0, ""trend_weakening_enabled"": false, ""spread_penalty_threshold"": 5, ""spread_penalty_margin_mult"": 0.75}",2026-06-25T11:50:37.911070+00:00,2026-06-25 21:50:37 AEST,2026-06-25 21:50:37 AEST
2026-06-25T11:50:38.034177+00:00,cont-d198951a0f4a,SHORT,61341.59,61320.56,17.394114,3.5,20.0,4,0.7,0.69,0.0,0.0,-0.01,-0.01,PROFIT_LOCK_LADDER,100,0.11,68,44.0,True,SIM_LIMIT,AI_DIRECT_LIMIT,,,,,0,BEAR,SR,60-70,SPAWN,0,0,MIXED,BEAR_ALIGNED,35.42,-1,3,7,0.02156,bitfinex,tBTCF0:USTF0,v10.7-fresh-scope-relay-audit-2026-06-25,BITFINEX_ZERO,v10.7-fresh-scope-relay-audit-2026-06-25,CONTINUOUS,Continuous AI Research,APPROVE,61313.0,0.032496,0.035367,FREE_RANGE,-0.001505,1.0,117.4,17.394115,-15.270227,24.875456,148.618,148.618,148.618,0-5m,AI_DIRECT,AI_DIRECT_CHASE,3,,28.59,0.0,0.3444,0.3444,False,0.0,0.0,-0.015043,1.6e-05,0.001783,0.010378,-0.086737,0.0,0.007189,61313.0,61496.084036,61553.681442,62046.62122,-0.000936,FREE_RANGE,SHORT_PREFERRED,0.032496,0.035367,BEAR,3.0,44.0,0.0,100,2.2,True,True,APPROVE,68,"```json
{
  ""direction"": ""SHORT"",
  ""confidence"": 68,
  ""long_score"": 25,
  ""short_score"": 75,
  ""preferred_direction"": ""SHORT"",
  ""entry_zone_low"": 61350,
  ""entry_zone_high"": 61450,
  ""limit_price"": 61400,
  ""expected_mfe"": 180,
  ""expected_mae"": 120,
  ""reversal_probability"": 30,
  ""exit_style"": ""AGGRESSIVE"",
  ""reasons_for_trade"": [
    ""MTF agreement is BEAR_ALIGNED (15m bearish, 4h bearish, 1h ranging) - strong bearish confluence"",
    ""EMA stack is bearish (price below all EMAs, ema9 below ema21, ema21 below ema200, stack_bear=true)"",
    ""ADX at 35.42 (>25) confirms trending bearish environment - favor continuation"",
    ""Trend health state is BEAR with bear_score 6 vs bull_score 3, intact bearish momentum"",
    ""Market structure shows LH/LL sequence active, last swing high/lower highs - bearish structure"",
    ""Orderflow delta is negative (-0.084) and imbalance slightly positive (0.007) - selling pressure dominant"",
    ""Funding rate positive (0.01965% per 8h) favors shorts, longs paying - bearish sentiment"",
    ""Regime is COMPRESSION after trending bear - potential breakdown continuation"",
    ""Edge score (2.2) below threshold (3.0) but not a directional override - bearish case stronger""
  ],
  ""reasons_against_trade"": [
    ""Price is near micro support (61642) and macro support zone (59132) - bounce risk if support holds"",
    ""Reversal risk score is 63 - moderate reversal probability from compression zone"",
    ""Higher low detected (HL) - micro structure shows some buying interest"",
    ""Volume ratio very low (0.04) - low participation could lead to false breakouts"",
    ""Candle range is narrow (117.4) with wick ratio 0.46 - indecision at current levels"",
    ""Distance to support (3.54%) is slightly larger than to resistance (3.25%) - room to fall but support not far""
  ],
  ""bull_score"": 3,
  ""bear_score"": 7
}
```",61341.59,61320.56,MAKER,TAKER,0.03262,28.59,148.618,0.7,0.69,0.0,0.0,-0.01,-0.01,3.5,1043.646926,PROFIT_LOCK_LADDER,-0.086737,0.010378,1.6e-05,0.007189,False,True,"{'price': 61313.0, 'ret_1m': 0.0, 'ret_5m': 0.0005058581638980451, 'ema9': 61496.08403571565, 'ema21': 61553.6814417437, 'ema200': 62046.62122002425, 'dist_to_support': 0.035367047308319736, 'dist_to_resistance': 0.032495921696574226, 'volume': 0.0017834880000000002, 'volume_ratio': 0.01037836716032206, 'delta': -0.08673682000000085, 'velocity': 1.63132932690397e-05, 'imbalance': 0.007189246502854696, 'candle_range': 117.4, 'body_ratio': 0.5383919405420573, 'wick_ratio': 0.4616080594579427}",2.2,"{'early_fail_enabled': True, 'invert_signal': False, 'ai_enabled': True, 'edge_threshold': 3.0, 'edge_threshold_max': None, 'edge_range_preset': 'min_only', 'ai_threshold': 44.0, 'leverage': 100, 'pullback_threshold': 0.001}","{'ema9': 61496.08403571565, 'ema21': 61553.6814417437, 'ema200': 62046.62122002425, 'ema_spread': -0.000936, 'ema9_slope_pct': -0.2817, 'ema21_slope_pct': -0.1281, 'ema9_above_ema21': False, 'ema21_above_ema200': False}",WEAK_SETUP,2.2,2.2,False,True,INV_False_EF_True,SHORT,12,8,SCENARIO_C_EARLY_12_v2_frozen,40.0,10.0,-12.0,2.0,8.0,300,1,2,-32.0,False,False,True,False,480,3,5.0,False,5,0.75,"[[12, 8], [15, 10], [25, 18], [40, 28], [60, 45], [80, 60], [100, 75], [150, 120]]","{""trail_ladder"": [[12, 8], [15, 10], [25, 18], [40, 28], [60, 45], [80, 60], [100, 75], [150, 120]], ""ladder_first_trigger_pct"": 12, ""ladder_first_lock_pct"": 8, ""exit_profile_id"": ""SCENARIO_C_EARLY_12_v2_frozen"", ""peak_never_loser_min_peak"": 40.0, ""peak_never_loser_floor"": 10.0, ""thesis_fast_exit_unreal_pct"": -12.0, ""thesis_mfe_protect_pct"": 2.0, ""thesis_exit_if_above_unreal_pct"": 8.0, ""thesis_min_age_sec"": 300, ""thesis_score_flip_margin"": 1, ""thesis_early_decay_delta"": 2, ""early_fail_pct_threshold"": -32.0, ""type_a_first_candle_enabled"": false, ""type_a_early_fail_enabled"": false, ""scenario_c_exit_profile"": true, ""type_a_stall_enabled"": false, ""type_a_stall_min_age_sec"": 480, ""type_a_stall_min_candles"": 3, ""type_a_stall_max_mfe_pct"": 5.0, ""trend_weakening_enabled"": false, ""spread_penalty_threshold"": 5, ""spread_penalty_margin_mult"": 0.75}",2026-06-25T11:50:38.034177+00:00,2026-06-25 21:50:38 AEST,2026-06-25 21:50:38 AEST
2026-06-25T11:50:38.273320+00:00,cont-3ca195ea9ad8,SHORT,61417.69,61320.08,8.27636,15.93,15.0,6,2.39,2.38,0.0,0.0,-0.01,-0.01,PROFIT_LOCK_LADDER,100,0.53,68,44.0,True,SIM_LIMIT,AI_DIRECT_LIMIT,,,,,0,BEAR,SR,60-70,SPAWN,-3,-3,BEARISH_STRUCTURE,BEAR_ALIGNED,34.92,-4,2,8,0.02156,bitfinex,tBTCF0:USTF0,v10.7-fresh-scope-relay-audit-2026-06-25,BITFINEX_ZERO,v10.7-fresh-scope-relay-audit-2026-06-25,CONTINUOUS,Continuous AI Research,APPROVE,61343.0,0.031873,0.035949,FREE_RANGE,-0.001505,1.0,104.2,8.276361,0.0,37.2352,246.175,246.175,246.175,0-5m,AI_DIRECT,AI_DIRECT_CHASE,4,,74.69,0.0,0.2464,0.2464,False,0.0,0.0,-0.005484,-2e-06,0.003625,0.027383,0.304867,0.0,0.022831,61336.0,61451.867229,61528.297178,62037.763478,-0.001242,FREE_RANGE,SHORT_PREFERRED,0.031873,0.035949,BEAR,3.0,44.0,0.0,100,2.4,True,True,APPROVE,68,"```json
{
  ""direction"": ""SHORT"",
  ""confidence"": 68,
  ""long_score"": 20,
  ""short_score"": 78,
  ""preferred_direction"": ""SHORT"",
  ""entry_zone_low"": 61450,
  ""entry_zone_high"": 61650,
  ""limit_price"": 61550,
  ""expected_mfe"": 180,
  ""expected_mae"": 120,
  ""reversal_probability"": 29,
  ""exit_style"": ""AGGRESSIVE"",
  ""reasons_for_trade"": [
    ""BEAR_ALIGNED multi-timeframe agreement (15m bearish, 4h bearish, 1h ranging)"",
    ""Bearish market structure with structure_score -3 and BEARISH_STRUCTURE bias"",
    ""Bearish EMA stack (price below all EMAs, EMA9 below EMA21, EMA21 below EMA200)"",
    ""ADX 34.92 (>25) confirms trending conditions favoring continuation"",
    ""Trend health state BEAR with bear_score 10 vs bull_score 3"",
    ""Market structure shift is BEAR_CONTINUATION"",
    ""Funding rate positive (0.02033% per 8h) favoring shorts"",
    ""Price in COMPRESSION regime near micro resistance (61810) with low volume ratio (0.09)""
  ],
  ""reasons_against_trade"": [
    ""Price near micro support (61094) with only 0.45% distance, increasing bounce risk"",
    ""Reversal risk score elevated at 71, suggesting potential mean reversion"",
    ""Higher low detected (HL) could indicate weakening bear momentum"",
    ""Volume ratio very low (0.09) may indicate lack of conviction"",
    ""Edge score (2.4) below threshold (3.0) suggesting weak edge telemetry""
  ],
  ""bull_score"": 2,
  ""bear_score"": 8
}
```",61417.69,61320.08,MAKER,TAKER,0.024453,74.69,246.175,2.39,2.38,0.0,0.0,-0.01,-0.01,15.93,496.58171,PROFIT_LOCK_LADDER,0.304867,0.027383,-2e-06,0.022831,False,True,"{'price': 61336.0, 'ret_1m': 0.0, 'ret_5m': 0.0006035987536501411, 'ema9': 61451.867228572526, 'ema21': 61528.29717843919, 'ema200': 62037.76347822216, 'dist_to_support': 0.03594893783523811, 'dist_to_resistance': 0.031873094543261, 'volume': 0.0036250800000000006, 'volume_ratio': 0.027383330143501368, 'delta': 0.3048666240000012, 'velocity': -1.60855427483249e-06, 'imbalance': 0.02283117333199765, 'candle_range': 104.2, 'body_ratio': 0.5849839561214146, 'wick_ratio': 0.4150160438785854}",3.0,"{'early_fail_enabled': True, 'invert_signal': False, 'ai_enabled': True, 'edge_threshold': 3.0, 'edge_threshold_max': None, 'edge_range_preset': 'min_only', 'ai_threshold': 44.0, 'leverage': 100, 'pullback_threshold': 0.001}","{'ema9': 61451.867228572526, 'ema21': 61528.29717843919, 'ema200': 62037.76347822216, 'ema_spread': -0.001242, 'ema9_slope_pct': -0.2328, 'ema21_slope_pct': -0.1198, 'ema9_above_ema21': False, 'ema21_above_ema200': False}",WEAK_SETUP,3.0,3.0,False,True,INV_False_EF_True,SHORT,12,8,SCENARIO_C_EARLY_12_v2_frozen,40.0,10.0,-12.0,2.0,8.0,300,1,2,-32.0,False,False,True,False,480,3,5.0,False,5,0.75,"[[12, 8], [15, 10], [25, 18], [40, 28], [60, 45], [80, 60], [100, 75], [150, 120]]","{""trail_ladder"": [[12, 8], [15, 10], [25, 18], [40, 28], [60, 45], [80, 60], [100, 75], [150, 120]], ""ladder_first_trigger_pct"": 12, ""ladder_first_lock_pct"": 8, ""exit_profile_id"": ""SCENARIO_C_EARLY_12_v2_frozen"", ""peak_never_loser_min_peak"": 40.0, ""peak_never_loser_floor"": 10.0, ""thesis_fast_exit_unreal_pct"": -12.0, ""thesis_mfe_protect_pct"": 2.0, ""thesis_exit_if_above_unreal_pct"": 8.0, ""thesis_min_age_sec"": 300, ""thesis_score_flip_margin"": 1, ""thesis_early_decay_delta"": 2, ""early_fail_pct_threshold"": -32.0, ""type_a_first_candle_enabled"": false, ""type_a_early_fail_enabled"": false, ""scenario_c_exit_profile"": true, ""type_a_stall_enabled"": false, ""type_a_stall_min_age_sec"": 480, ""type_a_stall_min_candles"": 3, ""type_a_stall_max_mfe_pct"": 5.0, ""trend_weakening_enabled"": false, ""spread_penalty_threshold"": 5, ""spread_penalty_margin_mult"": 0.75}",2026-06-25T11:50:38.273320+00:00,2026-06-25 21:50:38 AEST,2026-06-25 21:50:38 AEST
2026-06-25T11:54:34.952706+00:00,cont-a52f18456f8d,SHORT,61270.39,61218.0,0.501771,8.55,15.0,7,1.28,1.28,0.0,0.0,-0.0,-0.0,PROFIT_LOCK_LADDER,100,0.29,62,44.0,True,SIM_LIMIT,AI_DIRECT_LIMIT,,,,,0,BEAR,SR,60-70,SPAWN,-3,-3,BEARISH_STRUCTURE,BEAR_ALIGNED,34.84,-4,3,10,0.02198,bitfinex,tBTCF0:USTF0,v10.7-fresh-scope-relay-audit-2026-06-25,BITFINEX_ZERO,v10.7-fresh-scope-relay-audit-2026-06-25,CONTINUOUS,Continuous AI Research,APPROVE,61261.0,0.028713,0.034753,FREE_RANGE,-0.001482,0.244866,94.4,0.501771,0.0,14.426218,186.425,186.425,186.425,0-5m,AI_DIRECT,AI_DIRECT_CHASE,4,,9.39,0.0,0.0,0.0,False,0.0,0.0,-0.000344,-1.5e-05,0.013554,0.041514,-0.618966,0.0,0.040573,61261.0,61410.853783,61503.410658,62028.690502,-0.001505,FREE_RANGE,SHORT_PREFERRED,0.028713,0.034753,BEAR,3.0,44.0,0.0,100,3.1,True,True,APPROVE,62,"```json
{
  ""direction"": ""SHORT"",
  ""confidence"": 62,
  ""long_score"": 25,
  ""short_score"": 75,
  ""preferred_direction"": ""SHORT"",
  ""entry_zone_low"": 61261.0,
  ""entry_zone_high"": 61460.0,
  ""limit_price"": 61360.5,
  ""expected_mfe"": 180,
  ""expected_mae"": 120,
  ""reversal_probability"": 43,
  ""exit_style"": ""AGGRESSIVE"",
  ""reasons_for_trade"": [
    ""BEAR_ALIGNED multi-timeframe agreement (15m BEARISH, 4h BEARISH)"",
    ""Bearish EMA stack (price below all EMAs, EMA9 below EMA21 below EMA200)"",
    ""ADX 34.84 > 25 confirming trending bearish conditions"",
    ""Trend health state BEAR with bear_score 10 vs bull_score 3"",
    ""Market structure bias BEARISH with structure_score -3 and BEAR_CONTINUATION shift"",
    ""Negative delta (-0.62) and negative velocity supporting bearish orderflow"",
    ""Price near micro resistance (61460) with no liquidity sweep high, favoring rejection"",
    ""Funding rate positive (0.02156% per 8h) favoring shorts""
  ],
  ""reasons_against_trade"": [
    ""Price near micro support (61094) - short entry near support carries bounce risk"",
    ""Reversal risk score 43 - moderate reversal probability"",
    ""Volume ratio very low (0.0415) - low participation may reduce conviction"",
    ""Market regime currently COMPRESSION - could lead to sudden expansion in either direction"",
    ""Higher low detected - minor bullish micro structure signal""
  ],
  ""bull_score"": 3,
  ""bear_score"": 10
}
```",61270.39,61218.0,MAKER,TAKER,0.024485,9.39,186.425,1.28,1.28,0.0,0.0,-0.0,-0.0,8.55,30.106335,PROFIT_LOCK_LADDER,-0.618966,0.041514,-1.5e-05,0.040573,False,True,"{'price': 61261.0, 'ret_1m': 4.8973195337751806e-05, 'ret_5m': 0.0001142782512162471, 'ema9': 61410.85378285802, 'ema21': 61503.4106580806, 'ema200': 62028.6905018732, 'dist_to_support': 0.03475294232872464, 'dist_to_resistance': 0.028713210688692644, 'volume': 0.013553697, 'volume_ratio': 0.04151353660639671, 'delta': -0.6189656460000015, 'velocity': -1.4688654804905784e-05, 'imbalance': 0.04057315871180512, 'candle_range': 94.4, 'body_ratio': 0.6067315289369486, 'wick_ratio': 0.39326847106305135}",3.1,"{'early_fail_enabled': True, 'invert_signal': False, 'ai_enabled': True, 'edge_threshold': 3.0, 'edge_threshold_max': None, 'edge_range_preset': 'min_only', 'ai_threshold': 44.0, 'leverage': 100, 'pullback_threshold': 0.001}","{'ema9': 61410.85378285802, 'ema21': 61503.4106580806, 'ema200': 62028.6905018732, 'ema_spread': -0.001505, 'ema9_slope_pct': -0.2287, 'ema21_slope_pct': -0.127, 'ema9_above_ema21': False, 'ema21_above_ema200': False}",MOMENTUM_SHORT,3.1,3.1,False,True,INV_False_EF_True,SHORT,12,8,SCENARIO_C_EARLY_12_v2_frozen,40.0,10.0,-12.0,2.0,8.0,300,1,2,-32.0,False,False,True,False,480,3,5.0,False,5,0.75,"[[12, 8], [15, 10], [25, 18], [40, 28], [60, 45], [80, 60], [100, 75], [150, 120]]","{""trail_ladder"": [[12, 8], [15, 10], [25, 18], [40, 28], [60, 45], [80, 60], [100, 75], [150, 120]], ""ladder_first_trigger_pct"": 12, ""ladder_first_lock_pct"": 8, ""exit_profile_id"": ""SCENARIO_C_EARLY_12_v2_frozen"", ""peak_never_loser_min_peak"": 40.0, ""peak_never_loser_floor"": 10.0, ""thesis_fast_exit_unreal_pct"": -12.0, ""thesis_mfe_protect_pct"": 2.0, ""thesis_exit_if_above_unreal_pct"": 8.0, ""thesis_min_age_sec"": 300, ""thesis_score_flip_margin"": 1, ""thesis_early_decay_delta"": 2, ""early_fail_pct_threshold"": -32.0, ""type_a_first_candle_enabled"": false, ""type_a_early_fail_enabled"": false, ""scenario_c_exit_profile"": true, ""type_a_stall_enabled"": false, ""type_a_stall_min_age_sec"": 480, ""type_a_stall_min_candles"": 3, ""type_a_stall_max_mfe_pct"": 5.0, ""trend_weakening_enabled"": false, ""spread_penalty_threshold"": 5, ""spread_penalty_margin_mult"": 0.75}",2026-06-25T11:54:34.952706+00:00,2026-06-25 21:54:34 AEST,2026-06-25 21:54:34 AEST
2026-06-25T12:00:06.963691+00:00,c65c-4bf13797f457,SHORT,61299.0,61381.39,2.894409,-13.43,15.0,7,-2.01,-2.02,0.0,0.0,-0.0,-0.0,THESIS_FAST_CUT,100,0.45,68,44.0,True,SIM_LIMIT,AI_DIRECT_LIMIT,,,,,0,BEAR,SR,60-70,SPAWN,-3,-3,BEARISH_STRUCTURE,BEAR_ALIGNED,34.84,-4,3,10,0.02252,bitfinex,tBTCF0:USTF0,v10.7-fresh-scope-relay-audit-2026-06-25,BITFINEX_ZERO,v10.7-fresh-scope-relay-audit-2026-06-25,COMBO_65_SP5_CHASE_3PLUS,AI65+ · Spread5+ · Chase 3+,APPROVE,61201.0,0.029907,0.033633,FREE_RANGE,-0.001315,0.490308,94.4,2.89441,-13.440676,1.141944,181.909,181.909,181.909,0-5m,AI_DIRECT,AI_DIRECT_CHASE,2,,98.0,0.0,0.1075,0.1075,False,0.0,0.0,-0.002027,1.8e-05,0.000912,0.010537,7.780953,0.0,0.323479,61201.0,61422.853783,61508.865204,62029.287517,-0.001398,FREE_RANGE,SHORT_PREFERRED,0.029907,0.033633,BEAR,3.0,44.0,0.0,100,4.0,True,True,APPROVE,68,"```json
{
  ""direction"": ""SHORT"",
  ""confidence"": 68,
  ""long_score"": 18,
  ""short_score"": 82,
  ""preferred_direction"": ""SHORT"",
  ""entry_zone_low"": 61250,
  ""entry_zone_high"": 61460,
  ""limit_price"": 61355,
  ""expected_mfe"": 180,
  ""expected_mae"": 120,
  ""reversal_probability"": 51,
  ""exit_style"": ""AGGRESSIVE"",
  ""reasons_for_trade"": [
    ""BEAR_ALIGNED multi-timeframe agreement (15m bearish, 4h bearish)"",
    ""Bearish market structure with structure_score -3 and BEARISH_STRUCTURE bias"",
    ""Bearish EMA stack (price below all EMAs, EMA9 below EMA21, EMA21 below EMA200)"",
    ""ADX 34.84 > 25 indicating strong trending conditions favoring continuation"",
    ""Trend health state BEAR with bear_score 10 vs bull_score 3"",
    ""Market structure shift labeled BEAR_CONTINUATION"",
    ""Regime is COMPRESSION after prior TRENDING bear move, suggesting potential breakout lower"",
    ""Funding rate positive (0.02187% per 8h) favoring shorts"",
    ""Edge score 4.0 above threshold 3.0, supporting trade viability""
  ],
  ""reasons_against_trade"": [
    ""Price near micro support at 61094 (distance 0.16%) - bounce risk if support holds"",
    ""Reversal risk score 51 indicates moderate reversal probability"",
    ""Higher low detected (HL) could signal micro structure weakening"",
    ""Volume ratio very low (0.01) suggesting lack of conviction"",
    ""Compression regime may lead to false breakout or sideways grind""
  ],
  ""bull_score"": 3,
  ""bear_score"": 10
}
```

**Direction:** SHORT  
**Win probability:** 68%  
**Long score:** 18  
**Short score:** 82  
**Bull score:** 3  
**Bear score:** 10  
**Decision:** APPROVE  
**Reason:** Strong bearish alignment across all trend hierarchy layers (MTF, structure, EMA stack, ADX) with no valid reversal confirmation. Short entry near micro resistance (61460) with limit above current price. The proximity to support is a secondary concern - continuation bias dominates given ADX > 25 and bearish structure intact. Entry zone targets a pullback to the micro resistance zone for optimal risk/reward.",61299.0,61381.39,MAKER,TAKER,0.024509,98.0,181.909,-2.01,-2.02,0.0,0.0,-0.0,-0.0,-13.43,173.664642,THESIS_FAST_CUT,7.780953,0.010537,1.8e-05,0.323479,False,True,"{'price': 61201.0, 'ret_1m': -3.267813669264578e-05, 'ret_5m': 0.0002451541202235806, 'ema9': 61422.85378285802, 'ema21': 61508.86520353514, 'ema200': 62029.28751679858, 'dist_to_support': 0.033632946559895405, 'dist_to_resistance': 0.029906847524105246, 'volume': 0.0009116829999999999, 'volume_ratio': 0.010537192368170363, 'delta': 7.780953076000007, 'velocity': 1.7976900383275918e-05, 'imbalance': 0.3234793904871774, 'candle_range': 94.4, 'body_ratio': 0.6067315289369486, 'wick_ratio': 0.39326847106305135}",4.0,"{'early_fail_enabled': True, 'invert_signal': False, 'ai_enabled': True, 'edge_threshold': 3.0, 'edge_threshold_max': None, 'edge_range_preset': 'min_only', 'ai_threshold': 44.0, 'leverage': 100, 'pullback_threshold': 0.001}","{'ema9': 61422.85378285802, 'ema21': 61508.86520353514, 'ema200': 62029.28751679858, 'ema_spread': -0.001398, 'ema9_slope_pct': -0.2092, 'ema21_slope_pct': -0.1182, 'ema9_above_ema21': False, 'ema21_above_ema200': False}",MOMENTUM_LONG,4.0,4.0,False,True,INV_False_EF_True,SHORT,12,8,SCENARIO_C_EARLY_12_v2_frozen,40.0,10.0,-12.0,2.0,8.0,300,1,2,-32.0,False,False,True,False,480,3,5.0,False,5,0.75,"[[12, 8], [15, 10], [25, 18], [40, 28], [60, 45], [80, 60], [100, 75], [150, 120]]","{""trail_ladder"": [[12, 8], [15, 10], [25, 18], [40, 28], [60, 45], [80, 60], [100, 75], [150, 120]], ""ladder_first_trigger_pct"": 12, ""ladder_first_lock_pct"": 8, ""exit_profile_id"": ""SCENARIO_C_EARLY_12_v2_frozen"", ""peak_never_loser_min_peak"": 40.0, ""peak_never_loser_floor"": 10.0, ""thesis_fast_exit_unreal_pct"": -12.0, ""thesis_mfe_protect_pct"": 2.0, ""thesis_exit_if_above_unreal_pct"": 8.0, ""thesis_min_age_sec"": 300, ""thesis_score_flip_margin"": 1, ""thesis_early_decay_delta"": 2, ""early_fail_pct_threshold"": -32.0, ""type_a_first_candle_enabled"": false, ""type_a_early_fail_enabled"": false, ""scenario_c_exit_profile"": true, ""type_a_stall_enabled"": false, ""type_a_stall_min_age_sec"": 480, ""type_a_stall_min_candles"": 3, ""type_a_stall_max_mfe_pct"": 5.0, ""trend_weakening_enabled"": false, ""spread_penalty_threshold"": 5, ""spread_penalty_margin_mult"": 0.75}",2026-06-25T12:00:06.963691+00:00,2026-06-25 22:00:06 AEST,2026-06-25 22:00:06 AEST
2026-06-25T12:02:46.181079+00:00,cont-75fb19858e39,SHORT,61355.5,61290.0,2.637476,10.69,15.0,6,1.6,1.6,0.0,0.0,-0.0,-0.0,PROFIT_LOCK_LADDER,100,0.36,62,44.0,True,SIM_LIMIT,AI_DIRECT_LIMIT,,,,,0,BEAR,SR,60-70,SPAWN,-3,-3,BEARISH_STRUCTURE,BEAR_ALIGNED,34.88,-4,2,8,0.02271,bitfinex,tBTCF0:USTF0,v10.7-fresh-scope-relay-audit-2026-06-25,BITFINEX_ZERO,v10.7-fresh-scope-relay-audit-2026-06-25,CONTINUOUS,Continuous AI Research,APPROVE,61297.0,0.028277,0.035162,FREE_RANGE,-0.001482,0.587573,94.4,2.637477,-10.186536,16.542934,112.785,112.785,112.785,0-5m,AI_DIRECT,AI_DIRECT_CHASE,1,,58.5,0.0,0.0,0.0,False,0.0,0.0,-0.001866,4.1e-05,0.065626,0.008599,9.779687,0.0,0.35615,61297.0,61425.253783,61509.956113,62029.40692,-0.001377,FREE_RANGE,SHORT_PREFERRED,0.028277,0.035162,BEAR,3.0,44.0,0.0,100,3.0,True,True,APPROVE,62,"```json
{
  ""direction"": ""SHORT"",
  ""confidence"": 62,
  ""long_score"": 18,
  ""short_score"": 72,
  ""preferred_direction"": ""SHORT"",
  ""entry_zone_low"": 61300,
  ""entry_zone_high"": 61460,
  ""limit_price"": 61380,
  ""expected_mfe"": 180,
  ""expected_mae"": 120,
  ""reversal_probability"": 29,
  ""exit_style"": ""AGGRESSIVE"",
  ""reasons_for_trade"": [
    ""BEAR_ALIGNED multi-timeframe agreement (15m bearish, 4h bearish, 1h ranging but not bullish)"",
    ""Bearish EMA stack (price below EMA9, EMA21, EMA200; EMA9 below EMA21; EMA21 below EMA200)"",
    ""ADX 34.88 > 25 indicating strong trending conditions favoring continuation"",
    ""Trend health state BEAR with bear_score 10 vs bull_score 3, intact bearish momentum"",
    ""Market structure bias BEARISH_STRUCTURE with structure_score -3 and last swing sequence HL/LL"",
    ""Bearish regime label and compression regime likely resolving downward given prior trending bear phases"",
    ""Funding positive (0.02233% per 8h) favoring shorts, longs paying"",
    ""Price near micro resistance (61460) with distance_to_micro_resistance only 0.27%, providing short entry location""
  ],
  ""reasons_against_trade"": [
    ""Price near micro support (61094) at 0.33% distance, potential bounce risk if continuation fails"",
    ""Reversal risk score 71 indicates elevated reversal probability from compression"",
    ""Higher low detected (HL) could signal weakening bear momentum"",
    ""Volume ratio very low (0.0086) suggesting lack of aggressive selling participation"",
    ""Edge score exactly at threshold (3.0) with quality_score only 64.25, not strong conviction""
  ],
  ""bull_score"": 2,
  ""bear_score"": 8
}
```",61355.5,61290.0,MAKER,TAKER,0.024471,58.5,112.785,1.6,1.6,0.0,0.0,-0.0,-0.0,10.69,158.248698,PROFIT_LOCK_LADDER,9.779687,0.008599,4.1e-05,0.35615,False,True,"{'price': 61297.0, 'ret_1m': 0.0, 'ret_5m': 0.00029378641727464136, 'ema9': 61425.253782858024, 'ema21': 61509.95611262605, 'ema200': 62029.40691978365, 'dist_to_support': 0.03516243248976129, 'dist_to_resistance': 0.02827679605789156, 'volume': 0.065626088, 'volume_ratio': 0.00859939222554078, 'delta': 9.779686620000025, 'velocity': 4.080982183661909e-05, 'imbalance': 0.35615026572800756, 'candle_range': 94.4, 'body_ratio': 0.6067315289369486, 'wick_ratio': 0.39326847106305135}",3.0,"{'early_fail_enabled': True, 'invert_signal': False, 'ai_enabled': True, 'edge_threshold': 3.0, 'edge_threshold_max': None, 'edge_range_preset': 'min_only', 'ai_threshold': 44.0, 'leverage': 100, 'pullback_threshold': 0.001}","{'ema9': 61425.253782858024, 'ema21': 61509.95611262605, 'ema200': 62029.40691978365, 'ema_spread': -0.001377, 'ema9_slope_pct': -0.2053, 'ema21_slope_pct': -0.1164, 'ema9_above_ema21': False, 'ema21_above_ema200': False}",MOMENTUM_LONG,3.0,3.0,False,True,INV_False_EF_True,SHORT,12,8,SCENARIO_C_EARLY_12_v2_frozen,40.0,10.0,-12.0,2.0,8.0,300,1,2,-32.0,False,False,True,False,480,3,5.0,False,5,0.75,"[[12, 8], [15, 10], [25, 18], [40, 28], [60, 45], [80, 60], [100, 75], [150, 120]]","{""trail_ladder"": [[12, 8], [15, 10], [25, 18], [40, 28], [60, 45], [80, 60], [100, 75], [150, 120]], ""ladder_first_trigger_pct"": 12, ""ladder_first_lock_pct"": 8, ""exit_profile_id"": ""SCENARIO_C_EARLY_12_v2_frozen"", ""peak_never_loser_min_peak"": 40.0, ""peak_never_loser_floor"": 10.0, ""thesis_fast_exit_unreal_pct"": -12.0, ""thesis_mfe_protect_pct"": 2.0, ""thesis_exit_if_above_unreal_pct"": 8.0, ""thesis_min_age_sec"": 300, ""thesis_score_flip_margin"": 1, ""thesis_early_decay_delta"": 2, ""early_fail_pct_threshold"": -32.0, ""type_a_first_candle_enabled"": false, ""type_a_early_fail_enabled"": false, ""scenario_c_exit_profile"": true, ""type_a_stall_enabled"": false, ""type_a_stall_min_age_sec"": 480, ""type_a_stall_min_candles"": 3, ""type_a_stall_max_mfe_pct"": 5.0, ""trend_weakening_enabled"": false, ""spread_penalty_threshold"": 5, ""spread_penalty_margin_mult"": 0.75}",2026-06-25T12:02:46.181079+00:00,2026-06-25 22:02:46 AEST,2026-06-25 22:02:46 AEST
2026-06-25T12:13:38.492385+00:00,cont-d60817aaaa77,SHORT,61299.89,61243.0,5.677634,9.31,15.0,6,1.4,1.39,0.0,0.0,-0.0,-0.0,PROFIT_LOCK_LADDER,100,0.31,68,44.0,True,SIM_LIMIT,AI_DIRECT_LIMIT,,,,,0,BEAR,SR,60-70,SPAWN,-3,-3,BEARISH_STRUCTURE,BEAR_ALIGNED,34.14,-4,2,8,0.02381,bitfinex,tBTCF0:USTF0,v10.7-fresh-scope-relay-audit-2026-06-25,BITFINEX_ZERO,v10.7-fresh-scope-relay-audit-2026-06-25,CONTINUOUS,Continuous AI Research,APPROVE,61276.0,0.027156,0.034989,FREE_RANGE,-0.001532,1.0,95.3,5.677635,-1.323004,20.210477,181.79,181.79,181.79,0-5m,AI_DIRECT,AI_DIRECT_CHASE,3,,23.89,0.0,0.0,0.0,False,0.0,0.0,-0.004183,1.6e-05,0.000833,0.049152,9.873527,0.0,0.349679,61276.0,61402.723026,61492.431177,62021.199556,-0.001459,FREE_RANGE,SHORT_PREFERRED,0.027156,0.034989,BEAR,3.0,44.0,0.0,100,4.0,True,True,APPROVE,68,"```json
{
  ""direction"": ""SHORT"",
  ""confidence"": 68,
  ""long_score"": 18,
  ""short_score"": 82,
  ""preferred_direction"": ""SHORT"",
  ""entry_zone_low"": 61300,
  ""entry_zone_high"": 61460,
  ""limit_price"": 61380,
  ""expected_mfe"": 180,
  ""expected_mae"": 120,
  ""reversal_probability"": 29,
  ""exit_style"": ""AGGRESSIVE"",
  ""reasons_for_trade"": [
    ""BEAR_ALIGNED multi-timeframe agreement (15m bearish, 4h bearish)"",
    ""Bearish market structure with structure_score -3 and BEAR_CONTINUATION shift"",
    ""Bearish EMA stack (price below all EMAs, EMA9 below EMA21 below EMA200)"",
    ""ADX 34.14 > 25 indicating strong trending conditions favoring continuation"",
    ""Trend health state BEAR with bear_score 10 vs bull_score 3"",
    ""Funding rate positive (0.02293% per 8h) favoring shorts"",
    ""Price near micro resistance (61460) in bearish compression regime"",
    ""Volume ratio very low (0.049) suggesting lack of buying conviction on bounces""
  ],
  ""reasons_against_trade"": [
    ""Price near micro support (61094) - short entry near support carries bounce risk"",
    ""Reversal risk score elevated at 71, indicating potential for mean reversion"",
    ""Higher low detected suggests some buying interest at lower levels"",
    ""Compression regime could lead to sudden expansion in either direction"",
    ""Distance to support (3.5%) is larger than distance to resistance (2.7%)""
  ],
  ""bull_score"": 2,
  ""bear_score"": 8
}
```",61299.89,61243.0,MAKER,TAKER,0.024479,23.89,181.79,1.4,1.39,0.0,0.0,-0.0,-0.0,9.31,340.658115,PROFIT_LOCK_LADDER,9.873527,0.049152,1.6e-05,0.349679,False,True,"{'price': 61276.0, 'ret_1m': 0.0, 'ret_5m': -0.0005219547204280029, 'ema9': 61402.723026286425, 'ema21': 61492.43117676381, 'ema200': 62021.19955644942, 'dist_to_support': 0.03498922906194921, 'dist_to_resistance': 0.027155819570468046, 'volume': 0.0008325839999999999, 'volume_ratio': 0.04915214278790763, 'delta': 9.873526661000042, 'velocity': 1.6324104915210334e-05, 'imbalance': 0.34967946986592235, 'candle_range': 95.3, 'body_ratio': 0.6013710357715774, 'wick_ratio': 0.3986289642284226}",4.0,"{'early_fail_enabled': True, 'invert_signal': False, 'ai_enabled': True, 'edge_threshold': 3.0, 'edge_threshold_max': None, 'edge_range_preset': 'min_only', 'ai_threshold': 44.0, 'leverage': 100, 'pullback_threshold': 0.001}","{'ema9': 61402.723026286425, 'ema21': 61492.43117676381, 'ema200': 62021.19955644942, 'ema_spread': -0.001459, 'ema9_slope_pct': -0.1502, 'ema21_slope_pct': -0.0988, 'ema9_above_ema21': False, 'ema21_above_ema200': False}",MOMENTUM_LONG,4.0,4.0,False,True,INV_False_EF_True,SHORT,12,8,SCENARIO_C_EARLY_12_v2_frozen,40.0,10.0,-12.0,2.0,8.0,300,1,2,-32.0,False,False,True,False,480,3,5.0,False,5,0.75,"[[12, 8], [15, 10], [25, 18], [40, 28], [60, 45], [80, 60], [100, 75], [150, 120]]","{""trail_ladder"": [[12, 8], [15, 10], [25, 18], [40, 28], [60, 45], [80, 60], [100, 75], [150, 120]], ""ladder_first_trigger_pct"": 12, ""ladder_first_lock_pct"": 8, ""exit_profile_id"": ""SCENARIO_C_EARLY_12_v2_frozen"", ""peak_never_loser_min_peak"": 40.0, ""peak_never_loser_floor"": 10.0, ""thesis_fast_exit_unreal_pct"": -12.0, ""thesis_mfe_protect_pct"": 2.0, ""thesis_exit_if_above_unreal_pct"": 8.0, ""thesis_min_age_sec"": 300, ""thesis_score_flip_margin"": 1, ""thesis_early_decay_delta"": 2, ""early_fail_pct_threshold"": -32.0, ""type_a_first_candle_enabled"": false, ""type_a_early_fail_enabled"": false, ""scenario_c_exit_profile"": true, ""type_a_stall_enabled"": false, ""type_a_stall_min_age_sec"": 480, ""type_a_stall_min_candles"": 3, ""type_a_stall_max_mfe_pct"": 5.0, ""trend_weakening_enabled"": false, ""spread_penalty_threshold"": 5, ""spread_penalty_margin_mult"": 0.75}",2026-06-25T12:13:38.492385+00:00,2026-06-25 22:13:38 AEST,2026-06-25 22:13:38 AEST
2026-06-25T12:13:38.547568+00:00,c65c-ec72761d7d2d,SHORT,61302.0,61243.0,5.637146,9.65,15.0,6,1.45,1.44,0.0,0.0,-0.0,-0.0,PROFIT_LOCK_LADDER,100,0.32,68,44.0,True,SIM_LIMIT,AI_DIRECT_LIMIT,,,,,0,BEAR,SR,60-70,SPAWN,-3,-3,BEARISH_STRUCTURE,BEAR_ALIGNED,34.14,-4,2,8,0.02381,bitfinex,tBTCF0:USTF0,v10.7-fresh-scope-relay-audit-2026-06-25,BITFINEX_ZERO,v10.7-fresh-scope-relay-audit-2026-06-25,COMBO_65_SP5_CHASE_3PLUS,AI65+ · Spread5+ · Chase 3+,APPROVE,61276.0,0.027156,0.034989,FREE_RANGE,-0.001532,1.0,95.3,5.637147,-0.978761,20.553979,174.045,174.045,174.045,0-5m,AI_DIRECT,AI_DIRECT_CHASE,3,,26.0,0.0,0.0,0.0,False,0.0,0.0,-0.004153,1.6e-05,0.000833,0.049152,9.873527,0.0,0.349679,61276.0,61402.723026,61492.431177,62021.199556,-0.001459,FREE_RANGE,SHORT_PREFERRED,0.027156,0.034989,BEAR,3.0,44.0,0.0,100,4.0,True,True,APPROVE,68,"```json
{
  ""direction"": ""SHORT"",
  ""confidence"": 68,
  ""long_score"": 18,
  ""short_score"": 82,
  ""preferred_direction"": ""SHORT"",
  ""entry_zone_low"": 61300,
  ""entry_zone_high"": 61460,
  ""limit_price"": 61380,
  ""expected_mfe"": 180,
  ""expected_mae"": 120,
  ""reversal_probability"": 29,
  ""exit_style"": ""AGGRESSIVE"",
  ""reasons_for_trade"": [
    ""BEAR_ALIGNED multi-timeframe agreement (15m bearish, 4h bearish)"",
    ""Bearish market structure with structure_score -3 and BEAR_CONTINUATION shift"",
    ""Bearish EMA stack (price below all EMAs, EMA9 below EMA21 below EMA200)"",
    ""ADX 34.14 > 25 indicating strong trending conditions favoring continuation"",
    ""Trend health state BEAR with bear_score 10 vs bull_score 3"",
    ""Funding rate positive (0.02293% per 8h) favoring shorts"",
    ""Price near micro resistance (61460) in bearish compression regime"",
    ""Volume ratio very low (0.049) suggesting lack of buying conviction on bounces""
  ],
  ""reasons_against_trade"": [
    ""Price near micro support (61094) - short entry near support carries bounce risk"",
    ""Reversal risk score elevated at 71, indicating potential for mean reversion"",
    ""Higher low detected suggests some buying interest at lower levels"",
    ""Compression regime could lead to sudden expansion in either direction"",
    ""Distance to support (3.5%) is larger than distance to resistance (2.7%)""
  ],
  ""bull_score"": 2,
  ""bear_score"": 8
}
```",61302.0,61243.0,MAKER,TAKER,0.024479,26.0,174.045,1.45,1.44,0.0,0.0,-0.0,-0.0,9.65,338.228894,PROFIT_LOCK_LADDER,9.873527,0.049152,1.6e-05,0.349679,False,True,"{'price': 61276.0, 'ret_1m': 0.0, 'ret_5m': -0.0005219547204280029, 'ema9': 61402.723026286425, 'ema21': 61492.43117676381, 'ema200': 62021.19955644942, 'dist_to_support': 0.03498922906194921, 'dist_to_resistance': 0.027155819570468046, 'volume': 0.0008325839999999999, 'volume_ratio': 0.04915214278790763, 'delta': 9.873526661000042, 'velocity': 1.6324104915210334e-05, 'imbalance': 0.34967946986592235, 'candle_range': 95.3, 'body_ratio': 0.6013710357715774, 'wick_ratio': 0.3986289642284226}",4.0,"{'early_fail_enabled': True, 'invert_signal': False, 'ai_enabled': True, 'edge_threshold': 3.0, 'edge_threshold_max': None, 'edge_range_preset': 'min_only', 'ai_threshold': 44.0, 'leverage': 100, 'pullback_threshold': 0.001}","{'ema9': 61402.723026286425, 'ema21': 61492.43117676381, 'ema200': 62021.19955644942, 'ema_spread': -0.001459, 'ema9_slope_pct': -0.1502, 'ema21_slope_pct': -0.0988, 'ema9_above_ema21': False, 'ema21_above_ema200': False}",MOMENTUM_LONG,4.0,4.0,False,True,INV_False_EF_True,SHORT,12,8,SCENARIO_C_EARLY_12_v2_frozen,40.0,10.0,-12.0,2.0,8.0,300,1,2,-32.0,False,False,True,False,480,3,5.0,False,5,0.75,"[[12, 8], [15, 10], [25, 18], [40, 28], [60, 45], [80, 60], [100, 75], [150, 120]]","{""trail_ladder"": [[12, 8], [15, 10], [25, 18], [40, 28], [60, 45], [80, 60], [100, 75], [150, 120]], ""ladder_first_trigger_pct"": 12, ""ladder_first_lock_pct"": 8, ""exit_profile_id"": ""SCENARIO_C_EARLY_12_v2_frozen"", ""peak_never_loser_min_peak"": 40.0, ""peak_never_loser_floor"": 10.0, ""thesis_fast_exit_unreal_pct"": -12.0, ""thesis_mfe_protect_pct"": 2.0, ""thesis_exit_if_above_unreal_pct"": 8.0, ""thesis_min_age_sec"": 300, ""thesis_score_flip_margin"": 1, ""thesis_early_decay_delta"": 2, ""early_fail_pct_threshold"": -32.0, ""type_a_first_candle_enabled"": false, ""type_a_early_fail_enabled"": false, ""scenario_c_exit_profile"": true, ""type_a_stall_enabled"": false, ""type_a_stall_min_age_sec"": 480, ""type_a_stall_min_candles"": 3, ""type_a_stall_max_mfe_pct"": 5.0, ""trend_weakening_enabled"": false, ""spread_penalty_threshold"": 5, ""spread_penalty_margin_mult"": 0.75}",2026-06-25T12:13:38.547568+00:00,2026-06-25 22:13:38 AEST,2026-06-25 22:13:38 AEST
2026-06-25T12:21:04.031644+00:00,cont-1b30b3a6e290,SHORT,61261.97,61225.0,3.491233,6.05,15.0,7,0.91,0.91,0.0,0.0,-0.0,-0.0,PROFIT_LOCK_LADDER,100,0.2,62,44.0,True,SIM_LIMIT,AI_DIRECT_LIMIT,,,,,0,BEAR,SR,60-70,SPAWN,-3,-3,BEARISH_STRUCTURE,BEAR_ALIGNED,34.14,-4,3,10,0.02448,bitfinex,tBTCF0:USTF0,v10.7-fresh-scope-relay-audit-2026-06-25,BITFINEX_ZERO,v10.7-fresh-scope-relay-audit-2026-06-25,CONTINUOUS,Continuous AI Research,APPROVE,61234.0,0.02786,0.034327,FREE_RANGE,-0.001742,1.0,95.3,3.491234,0.0,13.217009,182.537,182.537,182.537,0-5m,AI_DIRECT,AI_DIRECT_CHASE,3,,27.97,0.0,0.0,0.0,False,0.0,0.0,-0.002658,4.4e-05,0.000386,0.052347,4.919468,0.0,0.135871,61234.0,61382.123026,61483.06754,62020.174681,-0.001642,FREE_RANGE,SHORT_PREFERRED,0.02786,0.034327,BEAR,3.0,44.0,0.0,100,3.0,True,True,APPROVE,62,"```json
{
  ""direction"": ""SHORT"",
  ""confidence"": 62,
  ""long_score"": 25,
  ""short_score"": 72,
  ""preferred_direction"": ""SHORT"",
  ""entry_zone_low"": 61250,
  ""entry_zone_high"": 61400,
  ""limit_price"": 61325,
  ""expected_mfe"": 0.0045,
  ""expected_mae"": 0.003,
  ""reversal_probability"": 29,
  ""exit_style"": ""AGGRESSIVE"",
  ""reasons_for_trade"": [
    ""MTF agreement is BEAR_ALIGNED (15m bear, 4h bear, 1h ranging) with bearish structure score -3"",
    ""EMA stack is bearish (price below all EMAs, ema9 below ema21, ema21 below ema200, bear stack true)"",
    ""ADX at 34.14 (>25) confirms trending conditions favoring continuation"",
    ""Trend health state is BEAR with bear_score 10 vs bull_score 3, intact bearish momentum"",
    ""Market structure shift is BEAR_CONTINUATION with lower highs and lower lows sequence active"",
    ""Funding rate positive (0.024% per 8h) favors shorts, longs paying shorts"",
    ""Price is in compression regime after prior trending moves, likely to resolve downward given bearish HTF context"",
    ""Micro structure shows price near micro resistance (61460) with rejections, lean bear bias""
  ],
  ""reasons_against_trade"": [
    ""Price is relatively close to micro support (61094) at 0.23% distance, increasing bounce risk"",
    ""Reversal risk score is elevated at 71, suggesting potential for mean reversion"",
    ""Volume ratio is very low (0.052), indicating lack of conviction in current move"",
    ""Higher low detected recently could signal weakening bear momentum"",
    ""Candle range is narrow (95.3) with wick ratio 0.4, suggesting indecision""
  ],
  ""bull_score"": 3,
  ""bear_score"": 10
}
```",61261.97,61225.0,MAKER,TAKER,0.024496,27.97,182.537,0.91,0.91,0.0,0.0,-0.0,-0.0,6.05,209.474112,PROFIT_LOCK_LADDER,4.919468,0.052347,4.4e-05,0.135871,False,True,"{'price': 61234.0, 'ret_1m': 0.0, 'ret_5m': 0.0009480842160324311, 'ema9': 61382.12302628643, 'ema21': 61483.06754040017, 'ema200': 62020.174680827535, 'dist_to_support': 0.03432733448737629, 'dist_to_resistance': 0.027860339027337755, 'volume': 0.000386288, 'volume_ratio': 0.05234718902217278, 'delta': 4.919467598000095, 'velocity': 4.4107797932320054e-05, 'imbalance': 0.13587057667363658, 'candle_range': 95.3, 'body_ratio': 0.6013710357715774, 'wick_ratio': 0.3986289642284226}",3.0,"{'early_fail_enabled': True, 'invert_signal': False, 'ai_enabled': True, 'edge_threshold': 3.0, 'edge_threshold_max': None, 'edge_range_preset': 'min_only', 'ai_threshold': 44.0, 'leverage': 100, 'pullback_threshold': 0.001}","{'ema9': 61382.12302628643, 'ema21': 61483.06754040017, 'ema200': 62020.174680827535, 'ema_spread': -0.001642, 'ema9_slope_pct': -0.1837, 'ema21_slope_pct': -0.114, 'ema9_above_ema21': False, 'ema21_above_ema200': False}",MOMENTUM_LONG,3.0,3.0,False,True,INV_False_EF_True,SHORT,12,8,SCENARIO_C_EARLY_12_v2_frozen,40.0,10.0,-12.0,2.0,8.0,300,1,2,-32.0,False,False,True,False,480,3,5.0,False,5,0.75,"[[12, 8], [15, 10], [25, 18], [40, 28], [60, 45], [80, 60], [100, 75], [150, 120]]","{""trail_ladder"": [[12, 8], [15, 10], [25, 18], [40, 28], [60, 45], [80, 60], [100, 75], [150, 120]], ""ladder_first_trigger_pct"": 12, ""ladder_first_lock_pct"": 8, ""exit_profile_id"": ""SCENARIO_C_EARLY_12_v2_frozen"", ""peak_never_loser_min_peak"": 40.0, ""peak_never_loser_floor"": 10.0, ""thesis_fast_exit_unreal_pct"": -12.0, ""thesis_mfe_protect_pct"": 2.0, ""thesis_exit_if_above_unreal_pct"": 8.0, ""thesis_min_age_sec"": 300, ""thesis_score_flip_margin"": 1, ""thesis_early_decay_delta"": 2, ""early_fail_pct_threshold"": -32.0, ""type_a_first_candle_enabled"": false, ""type_a_early_fail_enabled"": false, ""scenario_c_exit_profile"": true, ""type_a_stall_enabled"": false, ""type_a_stall_min_age_sec"": 480, ""type_a_stall_min_candles"": 3, ""type_a_stall_max_mfe_pct"": 5.0, ""trend_weakening_enabled"": false, ""spread_penalty_threshold"": 5, ""spread_penalty_margin_mult"": 0.75}",2026-06-25T12:21:04.031644+00:00,2026-06-25 22:21:04 AEST,2026-06-25 22:21:04 AEST
2026-06-25T12:27:35.411963+00:00,cont-29ad5457dec0,SHORT,61250.75,61191.0,3.311032,9.77,15.0,7,1.47,1.46,0.0,0.0,-0.0,-0.0,PROFIT_LOCK_LADDER,100,0.33,62,44.0,True,SIM_LIMIT,AI_DIRECT_LIMIT,,,,,0,BEAR,SR,60-70,SPAWN,-3,-3,BEARISH_STRUCTURE,BEAR_ALIGNED,33.45,-4,3,10,0.02515,bitfinex,tBTCF0:USTF0,v10.7-fresh-scope-relay-audit-2026-06-25,BITFINEX_ZERO,v10.7-fresh-scope-relay-audit-2026-06-25,CONTINUOUS,Continuous AI Research,APPROVE,61193.0,0.028535,0.033617,FREE_RANGE,-0.001684,0.130732,0.0,3.311033,-9.510088,20.530361,172.607,172.607,172.607,0-5m,AI_DIRECT,AI_DIRECT_CHASE,1,,57.75,0.0,0.1716,0.1716,False,0.0,0.0,-0.002589,-1.6e-05,0.000124,0.019604,4.688028,0.000124,0.127318,61193.0,61355.298421,61462.391979,62010.750502,-0.001742,FREE_RANGE,SHORT_PREFERRED,0.028535,0.033617,BEAR,3.0,44.0,0.0,100,3.4,True,True,APPROVE,62,"```json
{
  ""direction"": ""SHORT"",
  ""confidence"": 62,
  ""long_score"": 25,
  ""short_score"": 72,
  ""preferred_direction"": ""SHORT"",
  ""entry_zone_low"": 61200,
  ""entry_zone_high"": 61350,
  ""limit_price"": 61275,
  ""expected_mfe"": 180,
  ""expected_mae"": 80,
  ""reversal_probability"": 33,
  ""exit_style"": ""PATIENT"",
  ""reasons_for_trade"": [
    ""BEAR_ALIGNED multi-timeframe agreement (15m BEARISH, 4h BEARISH)"",
    ""Bearish market structure with structure_score -3 and BEARISH_STRUCTURE bias"",
    ""Bearish EMA stack (price below all EMAs, EMA9 below EMA21, EMA21 below EMA200)"",
    ""ADX 33.45 > 25 indicating strong trending conditions favoring continuation"",
    ""Trend health state BEAR with bear_score 10 vs bull_score 3"",
    ""Market structure shift labeled BEAR_CONTINUATION"",
    ""Negative velocity and negative EMA slopes confirm bearish momentum"",
    ""Funding rate positive (0.02458% per 8h) favoring shorts"",
    ""Price near micro resistance (61460) with distance_to_micro_resistance 0.44% providing short entry zone""
  ],
  ""reasons_against_trade"": [
    ""Price near micro support (61094) at 0.15% distance - potential bounce risk"",
    ""Higher low detected (micro structure) could indicate short-term buying pressure"",
    ""Volume ratio elevated (1.32) but delta positive (4.74) suggests some buying activity"",
    ""Reversal risk score 33 - non-trivial chance of mean reversion"",
    ""Entry near support zone may reduce short expectancy if bearish momentum stalls""
  ],
  ""bull_score"": 3,
  ""bear_score"": 10
}
```

**Direction:** SHORT  
**Win probability:** 62%  
**Long score:** 25  
**Short score:** 72  
**Bull score:** 3  
**Bear score:** 10  
**Decision:** APPROVE  
**Reason:** Strong bearish alignment across all trend hierarchy layers (MTF, structure, EMA stack, ADX > 25) with bear continuation signal. Short entry near micro resistance (61460) offers favorable risk/reward. Positive funding rate adds tailwind. Main risk is proximity to micro support (61094) - but given strong trend, continuation is more probable than reversal. Entry zone set slightly above current price to allow pullback entry.",61250.75,61191.0,MAKER,TAKER,0.024513,57.75,172.607,1.47,1.46,0.0,0.0,-0.0,-0.0,9.77,198.662066,PROFIT_LOCK_LADDER,4.688028,0.019604,-1.6e-05,0.127318,False,True,"{'velocity': -1.6341471386083604e-05, 'volume': 0.00012401, 'volume_ratio': 0.019604072044466795, 'delta': 4.688028400000107, 'imbalance': 0.1273183245948164, 'delta_change': 0.0001240100000003963}",3.4,"{'early_fail_enabled': True, 'invert_signal': False, 'ai_enabled': True, 'edge_threshold': 3.0, 'edge_threshold_max': None, 'edge_range_preset': 'min_only', 'ai_threshold': 44.0, 'leverage': 100, 'pullback_threshold': 0.001}","{'ema9': 61355.29842102915, 'ema21': 61462.391978873886, 'ema200': 62010.75050223094, 'ema_spread': -0.001742, 'ema9_slope_pct': -0.1802, 'ema21_slope_pct': -0.1176, 'ema9_above_ema21': False, 'ema21_above_ema200': False}",WEAK_SETUP,3.4,3.4,False,True,INV_False_EF_True,SHORT,12,8,SCENARIO_C_EARLY_12_v2_frozen,40.0,10.0,-12.0,2.0,8.0,300,1,2,-32.0,False,False,True,False,480,3,5.0,False,5,0.75,"[[12, 8], [15, 10], [25, 18], [40, 28], [60, 45], [80, 60], [100, 75], [150, 120]]","{""trail_ladder"": [[12, 8], [15, 10], [25, 18], [40, 28], [60, 45], [80, 60], [100, 75], [150, 120]], ""ladder_first_trigger_pct"": 12, ""ladder_first_lock_pct"": 8, ""exit_profile_id"": ""SCENARIO_C_EARLY_12_v2_frozen"", ""peak_never_loser_min_peak"": 40.0, ""peak_never_loser_floor"": 10.0, ""thesis_fast_exit_unreal_pct"": -12.0, ""thesis_mfe_protect_pct"": 2.0, ""thesis_exit_if_above_unreal_pct"": 8.0, ""thesis_min_age_sec"": 300, ""thesis_score_flip_margin"": 1, ""thesis_early_decay_delta"": 2, ""early_fail_pct_threshold"": -32.0, ""type_a_first_candle_enabled"": false, ""type_a_early_fail_enabled"": false, ""scenario_c_exit_profile"": true, ""type_a_stall_enabled"": false, ""type_a_stall_min_age_sec"": 480, ""type_a_stall_min_candles"": 3, ""type_a_stall_max_mfe_pct"": 5.0, ""trend_weakening_enabled"": false, ""spread_penalty_threshold"": 5, ""spread_penalty_margin_mult"": 0.75}",2026-06-25T12:27:35.411963+00:00,2026-06-25 22:27:35 AEST,2026-06-25 22:27:35 AEST
2026-06-25T12:27:36.374357+00:00,c65c-6565add5f57b,SHORT,61289.81,61191.0,0.816105,16.13,15.0,6,2.42,2.42,0.0,0.0,-0.0,-0.0,PROFIT_LOCK_LADDER,100,0.54,68,44.0,True,SIM_LIMIT,AI_DIRECT_LIMIT,,,,,0,BEAR,SR,60-70,SPAWN,-3,-3,BEARISH_STRUCTURE,BEAR_ALIGNED,33.45,-4,2,8,0.02515,bitfinex,tBTCF0:USTF0,v10.7-fresh-scope-relay-audit-2026-06-25,BITFINEX_ZERO,v10.7-fresh-scope-relay-audit-2026-06-25,COMBO_65_SP5_CHASE_3PLUS,AI65+ · Spread5+ · Chase 3+,APPROVE,61255.0,0.027426,0.034658,FREE_RANGE,-0.001684,1.0,88.7,0.816106,0.0,26.890278,133.227,133.227,133.227,0-5m,AI_DIRECT,AI_DIRECT_CHASE,3,,34.81,0.0,0.1714,0.1714,False,0.0,0.0,-0.000641,2e-05,0.001,0.175618,4.679642,0.0,0.126955,61255.0,61359.098421,61464.119252,62010.939557,-0.001709,FREE_RANGE,SHORT_PREFERRED,0.027426,0.034658,BEAR,3.0,44.0,0.0,100,3.0,True,True,APPROVE,68,"```json
{
  ""direction"": ""SHORT"",
  ""confidence"": 68,
  ""long_score"": 18,
  ""short_score"": 82,
  ""preferred_direction"": ""SHORT"",
  ""entry_zone_low"": 61255.0,
  ""entry_zone_high"": 61460.0,
  ""limit_price"": 61357.5,
  ""expected_mfe"": 180,
  ""expected_mae"": 100,
  ""reversal_probability"": 29,
  ""exit_style"": ""AGGRESSIVE"",
  ""reasons_for_trade"": [
    ""BEAR_ALIGNED multi-timeframe agreement (15m bearish, 4h bearish, 1h ranging but not bullish)"",
    ""Bearish EMA stack (price below all EMAs, EMA9 below EMA21, EMA21 below EMA200)"",
    ""ADX 33.45 > 25 indicating trending market favoring continuation"",
    ""Trend health state BEAR with bear_score 10 vs bull_score 3"",
    ""Market structure bias BEARISH with structure_score -3 and last swing sequence HL/LL"",
    ""Bearish continuation signal from market_structure_shift"",
    ""Price near micro resistance (61460) with no liquidity sweep high, suggesting rejection"",
    ""Funding rate positive (0.02488% per 8h) favoring shorts, longs paying"",
    ""Volume ratio low (0.176) suggesting lack of buying pressure to reverse downtrend"",
    ""Edge score at threshold (3.0) confirming bearish edge""
  ],
  ""reasons_against_trade"": [
    ""Price near micro support (61094) - short entry near support carries bounce risk"",
    ""Reversal risk score elevated (71) indicating potential for mean reversion"",
    ""Higher low detected (1.0) could signal early reversal attempt"",
    ""Compression regime may precede expansion in either direction"",
    ""Low volume ratio suggests low conviction in current move""
  ],
  ""bull_score"": 2,
  ""bear_score"": 8
}
```",61289.81,61191.0,MAKER,TAKER,0.024488,34.81,133.227,2.42,2.42,0.0,0.0,-0.0,-0.0,16.13,48.966424,PROFIT_LOCK_LADDER,4.679642,0.175618,2e-05,0.126955,False,True,"{'price': 61255.0, 'ret_1m': 0.0, 'ret_5m': 0.0008659847717394857, 'ema9': 61359.09842102915, 'ema21': 61464.119251601165, 'ema200': 62010.93955695731, 'dist_to_support': 0.0346583952330422, 'dist_to_resistance': 0.0274263325442821, 'volume': 0.0010000000000000002, 'volume_ratio': 0.17561790545371223, 'delta': 4.679641940000126, 'velocity': 1.9593222996179235e-05, 'imbalance': 0.126954759274217, 'candle_range': 88.7, 'body_ratio': 0.5777151217930828, 'wick_ratio': 0.4222848782069172}",3.0,"{'early_fail_enabled': True, 'invert_signal': False, 'ai_enabled': True, 'edge_threshold': 3.0, 'edge_threshold_max': None, 'edge_range_preset': 'min_only', 'ai_threshold': 44.0, 'leverage': 100, 'pullback_threshold': 0.001}","{'ema9': 61359.09842102915, 'ema21': 61464.119251601165, 'ema200': 62010.93955695731, 'ema_spread': -0.001709, 'ema9_slope_pct': -0.174, 'ema21_slope_pct': -0.1148, 'ema9_above_ema21': False, 'ema21_above_ema200': False}",MOMENTUM_LONG,3.0,3.0,False,True,INV_False_EF_True,SHORT,12,8,SCENARIO_C_EARLY_12_v2_frozen,40.0,10.0,-12.0,2.0,8.0,300,1,2,-32.0,False,False,True,False,480,3,5.0,False,5,0.75,"[[12, 8], [15, 10], [25, 18], [40, 28], [60, 45], [80, 60], [100, 75], [150, 120]]","{""trail_ladder"": [[12, 8], [15, 10], [25, 18], [40, 28], [60, 45], [80, 60], [100, 75], [150, 120]], ""ladder_first_trigger_pct"": 12, ""ladder_first_lock_pct"": 8, ""exit_profile_id"": ""SCENARIO_C_EARLY_12_v2_frozen"", ""peak_never_loser_min_peak"": 40.0, ""peak_never_loser_floor"": 10.0, ""thesis_fast_exit_unreal_pct"": -12.0, ""thesis_mfe_protect_pct"": 2.0, ""thesis_exit_if_above_unreal_pct"": 8.0, ""thesis_min_age_sec"": 300, ""thesis_score_flip_margin"": 1, ""thesis_early_decay_delta"": 2, ""early_fail_pct_threshold"": -32.0, ""type_a_first_candle_enabled"": false, ""type_a_early_fail_enabled"": false, ""scenario_c_exit_profile"": true, ""type_a_stall_enabled"": false, ""type_a_stall_min_age_sec"": 480, ""type_a_stall_min_candles"": 3, ""type_a_stall_max_mfe_pct"": 5.0, ""trend_weakening_enabled"": false, ""spread_penalty_threshold"": 5, ""spread_penalty_margin_mult"": 0.75}",2026-06-25T12:27:36.374357+00:00,2026-06-25 22:27:36 AEST,2026-06-25 22:27:36 AEST
2026-06-25T12:28:03.987072+00:00,cont-b48fdc1b4ba5,SHORT,61259.4,61180.0,2.888134,12.98,15.0,7,1.95,1.94,0.0,0.0,-0.0,-0.0,PROFIT_LOCK_LADDER,100,0.43,62,44.0,True,SIM_LIMIT,AI_DIRECT_LIMIT,,,,,0,BEAR,SR,60-70,SPAWN,-3,-3,BEARISH_STRUCTURE,BEAR_ALIGNED,33.45,-4,3,10,0.02515,bitfinex,tBTCF0:USTF0,v10.7-fresh-scope-relay-audit-2026-06-25,BITFINEX_ZERO,v10.7-fresh-scope-relay-audit-2026-06-25,CONTINUOUS,Continuous AI Research,APPROVE,61200.0,0.027628,0.034469,FREE_RANGE,-0.001785,1.0,88.7,2.888135,-8.096717,25.041055,457.268,457.268,457.268,5-15m,AI_DIRECT,AI_DIRECT_CHASE,6,,59.4,0.0,0.0,0.0,False,0.0,0.0,-0.002264,-3.4e-05,0.000457,0.024668,4.961706,0.0,0.135907,61243.0,61369.898421,61469.028343,62011.47687,-0.001613,FREE_RANGE,SHORT_PREFERRED,0.027628,0.034469,BEAR,3.0,44.0,0.0,100,4.0,True,True,APPROVE,62,"```json
{
  ""direction"": ""SHORT"",
  ""confidence"": 62,
  ""long_score"": 18,
  ""short_score"": 72,
  ""preferred_direction"": ""SHORT"",
  ""entry_zone_low"": 61460,
  ""entry_zone_high"": 61600,
  ""limit_price"": 61530,
  ""expected_mfe"": 180,
  ""expected_mae"": 120,
  ""reversal_probability"": 51,
  ""exit_style"": ""AGGRESSIVE"",
  ""reasons_for_trade"": [
    ""BEAR_ALIGNED multi-timeframe agreement (15m bearish, 4h bearish)"",
    ""Bearish market structure with structure_score -3 and BEARISH_STRUCTURE bias"",
    ""Bearish EMA stack (price below all EMAs, EMA9 below EMA21, EMA21 below EMA200)"",
    ""ADX 33.45 > 25 indicating trending conditions favoring continuation"",
    ""Trend health state BEAR with bear_score 10 vs bull_score 3"",
    ""Market structure shift labeled BEAR_CONTINUATION"",
    ""Negative velocity and negative EMA slopes confirm bearish momentum"",
    ""Funding positive (0.0242% per 8h) favoring shorts"",
    ""Price near micro resistance (61460) in a bearish structure - potential rejection zone""
  ],
  ""reasons_against_trade"": [
    ""Price near micro support (61094) - short entry near support has reduced expectancy"",
    ""Reversal risk score 51 indicates moderate reversal probability"",
    ""Volume ratio very low (0.0247) - lack of conviction in current move"",
    ""Compression regime may precede breakout in either direction"",
    ""Higher low detected suggests some buying pressure at lows""
  ],
  ""bull_score"": 3,
  ""bear_score"": 10
}
```",61259.4,61180.0,MAKER,TAKER,0.02451,59.4,457.268,1.95,1.94,0.0,0.0,-0.0,-0.0,12.98,173.288157,PROFIT_LOCK_LADDER,4.961706,0.024668,-3.4e-05,0.135907,False,True,"{'price': 61243.0, 'ret_1m': 0.0, 'ret_5m': -0.0008486470607435454, 'ema9': 61369.898421029146, 'ema21': 61469.02834251025, 'ema200': 62011.47687039014, 'dist_to_support': 0.034469245464787815, 'dist_to_resistance': 0.027627647241317374, 'volume': 0.000456506, 'volume_ratio': 0.02466751773136868, 'delta': 4.961706429000106, 'velocity': -3.428963310092582e-05, 'imbalance': 0.13590716945434614, 'candle_range': 88.7, 'body_ratio': 0.5777151217930828, 'wick_ratio': 0.4222848782069172}",4.0,"{'early_fail_enabled': True, 'invert_signal': False, 'ai_enabled': True, 'edge_threshold': 3.0, 'edge_threshold_max': None, 'edge_range_preset': 'min_only', 'ai_threshold': 44.0, 'leverage': 100, 'pullback_threshold': 0.001}","{'ema9': 61369.898421029146, 'ema21': 61469.02834251025, 'ema200': 62011.47687039014, 'ema_spread': -0.001613, 'ema9_slope_pct': -0.1565, 'ema21_slope_pct': -0.1068, 'ema9_above_ema21': False, 'ema21_above_ema200': False}",WEAK_SETUP,4.0,4.0,False,True,INV_False_EF_True,SHORT,12,8,SCENARIO_C_EARLY_12_v2_frozen,40.0,10.0,-12.0,2.0,8.0,300,1,2,-32.0,False,False,True,False,480,3,5.0,False,5,0.75,"[[12, 8], [15, 10], [25, 18], [40, 28], [60, 45], [80, 60], [100, 75], [150, 120]]","{""trail_ladder"": [[12, 8], [15, 10], [25, 18], [40, 28], [60, 45], [80, 60], [100, 75], [150, 120]], ""ladder_first_trigger_pct"": 12, ""ladder_first_lock_pct"": 8, ""exit_profile_id"": ""SCENARIO_C_EARLY_12_v2_frozen"", ""peak_never_loser_min_peak"": 40.0, ""peak_never_loser_floor"": 10.0, ""thesis_fast_exit_unreal_pct"": -12.0, ""thesis_mfe_protect_pct"": 2.0, ""thesis_exit_if_above_unreal_pct"": 8.0, ""thesis_min_age_sec"": 300, ""thesis_score_flip_margin"": 1, ""thesis_early_decay_delta"": 2, ""early_fail_pct_threshold"": -32.0, ""type_a_first_candle_enabled"": false, ""type_a_early_fail_enabled"": false, ""scenario_c_exit_profile"": true, ""type_a_stall_enabled"": false, ""type_a_stall_min_age_sec"": 480, ""type_a_stall_min_candles"": 3, ""type_a_stall_max_mfe_pct"": 5.0, ""trend_weakening_enabled"": false, ""spread_penalty_threshold"": 5, ""spread_penalty_margin_mult"": 0.75}",2026-06-25T12:28:03.987072+00:00,2026-06-25 22:28:03 AEST,2026-06-25 22:28:03 AEST
2026-06-25T13:42:52.953546+00:00,cont-74b79b34a5da,SHORT,60611.17,60475.62,0.64688,22.37,15.0,6,3.36,3.35,0.0,0.0,-0.0,-0.0,PROFIT_LOCK_LADDER,100,0.75,62,44.0,True,SIM_LIMIT,AI_DIRECT_LIMIT,,,,,0,BEAR,SR,60-70,SPAWN,-3,-3,BEARISH_STRUCTURE,BEAR_ALIGNED,28.47,-4,2,8,0.03227,bitfinex,tBTCF0:USTF0,v11.0-genome-architecture-v1,BITFINEX_ZERO,v11.0-genome-architecture-v1,CONTINUOUS,Continuous AI Research,APPROVE,60629.0,0.024354,0.022983,FREE_RANGE,-0.00307,1.0,294.9,0.646881,0.0,43.77081,71.717,71.717,71.717,0-5m,AI_DIRECT,AI_DIRECT_CHASE,2,,17.83,0.0,0.3866,0.3866,False,0.0,0.0,-0.000652,7.1e-05,0.000692,0.441985,-10.206056,0.0,0.876488,60595.0,61216.514299,61356.237525,61967.986294,-0.002277,FREE_RANGE,SHORT_PREFERRED,0.024354,0.022983,BEAR,3.0,44.0,0.0,100,4.4,True,True,APPROVE,62,"```json
{
  ""direction"": ""SHORT"",
  ""confidence"": 62,
  ""long_score"": 18,
  ""short_score"": 82,
  ""preferred_direction"": ""SHORT"",
  ""entry_zone_low"": 60550,
  ""entry_zone_high"": 60700,
  ""limit_price"": 60625,
  ""expected_mfe"": 180,
  ""expected_mae"": 120,
  ""reversal_probability"": 43,
  ""exit_style"": ""AGGRESSIVE"",
  ""reasons_for_trade"": [
    ""BEAR_ALIGNED multi-timeframe agreement (15m, 1h, 4h all bearish)"",
    ""Bearish market structure with LL/HL sequence and structure_score -3"",
    ""EMA stack bearish (price below all EMAs, EMA9 below EMA21, EMA21 below EMA200)"",
    ""ADX 28.47 (>25) confirms trending conditions favoring continuation"",
    ""Trend health state BEAR with bear_score 10 vs bull_score 3"",
    ""Negative delta (-10.2) and negative velocity confirm selling pressure"",
    ""Market structure shift is BEAR_CONTINUATION, no reversal evidence"",
    ""Liquidity sweep high occurred, suggesting potential rejection from resistance zone""
  ],
  ""reasons_against_trade"": [
    ""Price is near micro support (61100) and general support zone (59132), increasing bounce risk"",
    ""Higher low detected on micro structure could indicate short-term buying interest"",
    ""Reversal risk score of 43 suggests moderate reversal probability"",
    ""Volume ratio is very low (0.073), indicating lack of conviction in current move"",
    ""Compression regime may precede a volatile move in either direction""
  ],
  ""bull_score"": 2,
  ""bear_score"": 8
}
```",60611.17,60475.62,MAKER,TAKER,0.024741,17.83,71.717,3.36,3.35,0.0,0.0,-0.0,-0.0,22.37,38.812906,PROFIT_LOCK_LADDER,-10.206056,0.441985,7.1e-05,0.876488,False,True,"{'price': 60573.0, 'ret_1m': 0.0, 'ret_5m': 0.0010080645161290322, 'ema9': 61216.514298602844, 'ema21': 61356.23752542134, 'ema200': 61967.98629358372, 'dist_to_support': 0.022982998199031775, 'dist_to_resistance': 0.024354377674603044, 'volume': 0.000692002, 'volume_ratio': 0.44198453531469695, 'delta': -10.20605587, 'velocity': 7.102722966312551e-05, 'imbalance': 0.8764882414928021, 'candle_range': 294.9, 'body_ratio': 0.39762908060913593, 'wick_ratio': 0.6023709193908642}",4.4,"{'early_fail_enabled': True, 'invert_signal': False, 'ai_enabled': True, 'edge_threshold': 3.0, 'edge_threshold_max': None, 'edge_range_preset': 'min_only', 'ai_threshold': 44.0, 'leverage': 100, 'pullback_threshold': 0.001}","{'ema9': 61216.514298602844, 'ema21': 61356.23752542134, 'ema200': 61967.98629358372, 'ema_spread': -0.002277, 'ema9_slope_pct': -0.2055, 'ema21_slope_pct': -0.1326, 'ema9_above_ema21': False, 'ema21_above_ema200': False}",WEAK_SETUP,4.4,4.4,False,True,INV_False_EF_True,SHORT,10,6,SCENARIO_C_RUNNER_10_v3,40.0,10.0,-12.0,2.0,8.0,300,1,2,-32.0,False,False,True,False,480,3,5.0,False,5,0.75,"[[10, 6], [20, 10], [30, 20], [40, 28], [60, 45], [80, 60], [100, 75], [150, 120]]","{""trail_ladder"": [[10, 6], [20, 10], [30, 20], [40, 28], [60, 45], [80, 60], [100, 75], [150, 120]], ""ladder_first_trigger_pct"": 10, ""ladder_first_lock_pct"": 6, ""exit_profile_id"": ""SCENARIO_C_RUNNER_10_v3"", ""peak_never_loser_min_peak"": 40.0, ""peak_never_loser_floor"": 10.0, ""thesis_fast_exit_unreal_pct"": -12.0, ""thesis_mfe_protect_pct"": 2.0, ""thesis_exit_if_above_unreal_pct"": 8.0, ""thesis_min_age_sec"": 300, ""thesis_score_flip_margin"": 1, ""thesis_early_decay_delta"": 2, ""early_fail_pct_threshold"": -32.0, ""type_a_first_candle_enabled"": false, ""type_a_early_fail_enabled"": false, ""scenario_c_exit_profile"": true, ""type_a_stall_enabled"": false, ""type_a_stall_min_age_sec"": 480, ""type_a_stall_min_candles"": 3, ""type_a_stall_max_mfe_pct"": 5.0, ""trend_weakening_enabled"": false, ""spread_penalty_threshold"": 5, ""spread_penalty_margin_mult"": 0.75}",2026-06-25T13:42:52.953546+00:00,2026-06-25 23:42:52 AEST,2026-06-25 23:42:52 AEST
2026-06-25T13:45:51.654558+00:00,cont-b5960089c149,SHORT,60915.23,60001.50155,5.220599,150.04,15.0,6,22.51,22.5,0.0,0.0,-0.01,-0.01,TAKE_PROFIT,100,5.0,62,44.0,True,SIM_LIMIT,AI_DIRECT_LIMIT,,,,,0,BEAR,SR,60-70,SPAWN,-3,-3,BEARISH_STRUCTURE,BEAR_ALIGNED,27.76,-4,2,8,0.03254,bitfinex,tBTCF0:USTF0,v11.0-genome-architecture-v1,BITFINEX_ZERO,v11.0-genome-architecture-v1,CONTINUOUS,Continuous AI Research,APPROVE,61000.0,0.015678,0.031258,NEAR_RESISTANCE,-0.004607,1.0,294.9,5.220601,0.0,150.574823,182.456,182.456,182.456,0-5m,AI_DIRECT,AI_DIRECT_CHASE,4,,84.77,0.0,0.0,0.0,False,0.0,0.0,-0.005268,-2.5e-05,0.017829,0.305267,-0.306341,0.0,0.93305,61002.0,61272.914299,61381.873889,61970.792264,-0.001775,NEAR_RESISTANCE,SHORT_PREFERRED,0.015678,0.031258,BEAR,3.0,44.0,0.0,100,3.8,True,True,APPROVE,62,"```json
{
  ""direction"": ""SHORT"",
  ""confidence"": 62,
  ""long_score"": 18,
  ""short_score"": 78,
  ""preferred_direction"": ""SHORT"",
  ""entry_zone_low"": 61150,
  ""entry_zone_high"": 61300,
  ""limit_price"": 61225,
  ""expected_mfe"": 180,
  ""expected_mae"": 120,
  ""reversal_probability"": 33,
  ""exit_style"": ""AGGRESSIVE"",
  ""reasons_for_trade"": [
    ""Multi-timeframe agreement is BEAR_ALIGNED across 15m, 1h, 4h"",
    ""Market structure bias is BEARISH with structure_score -3 and LH/LL sequence active"",
    ""EMA stack is bearish (price below all EMAs, ema9 below ema21, ema21 below ema200)"",
    ""ADX at 27.76 confirms trending conditions favoring continuation"",
    ""Trend health state is BEAR with bear_score 10 vs bull_score 3"",
    ""Price is near resistance (1.57% away) with short bias from SR context"",
    ""Funding rate positive (0.0318% per 8h) favors shorts as longs pay"",
    ""Liquidity sweep high detected suggests potential rejection from resistance zone""
  ],
  ""reasons_against_trade"": [
    ""Price is very close to micro support at 61100 (0.018% away) increasing bounce risk"",
    ""Higher low detected on micro structure could indicate short-term buying pressure"",
    ""Volume ratio elevated (1.29) but delta positive (0.0093) shows some buying absorption"",
    ""Reversal risk score at 33 suggests non-trivial reversal probability"",
    ""Entry near support historically reduces short expectancy without strong continuation""
  ],
  ""bull_score"": 2,
  ""bear_score"": 8
}
```

**Direction:** SHORT  
**Win probability:** 62%  
**Long score:** 18  
**Short score:** 78  
**Bull score:** 2  
**Bear score:** 8  
**Decision:** APPROVE  

**Reason:** The trend hierarchy strongly favors bearish continuation: BEAR_ALIGNED multi-timeframe, bearish structure, bearish EMA stack, and ADX > 25 trending. Price is near resistance (1.57% away) with positive funding favoring shorts. The short score (78) far exceeds the long score (18) by more than the required 5-point gap. While proximity to micro support (61100) introduces bounce risk, the dominant trend and structure outweigh this location-based concern. Entry is set slightly above current price (pullback to 61225) to avoid chasing into support. Exit style is aggressive given proximity to support and potential for snap-back.",60915.23,60001.50155,MAKER,MAKER,0.02459,84.77,182.456,22.51,22.5,0.0,0.0,-0.01,-0.01,150.04,313.236117,TAKE_PROFIT,-0.306341,0.305267,-2.5e-05,0.93305,False,True,"{'price': 61002.0, 'ret_1m': 0.0, 'ret_5m': -0.0008026076558942523, 'ema9': 61272.914298602846, 'ema21': 61381.8738890577, 'ema200': 61970.792263732976, 'dist_to_support': 0.03125819134993447, 'dist_to_resistance': 0.01567824377457405, 'volume': 0.017828536000000002, 'volume_ratio': 0.3052665345710534, 'delta': -0.306341336, 'velocity': -2.4584306750409772e-05, 'imbalance': 0.933050171158724, 'candle_range': 294.9, 'body_ratio': 0.39762908060913593, 'wick_ratio': 0.6023709193908642}",3.8,"{'early_fail_enabled': True, 'invert_signal': False, 'ai_enabled': True, 'edge_threshold': 3.0, 'edge_threshold_max': None, 'edge_range_preset': 'min_only', 'ai_threshold': 44.0, 'leverage': 100, 'pullback_threshold': 0.001}","{'ema9': 61272.914298602846, 'ema21': 61381.8738890577, 'ema200': 61970.792263732976, 'ema_spread': -0.001775, 'ema9_slope_pct': -0.1135, 'ema21_slope_pct': -0.0909, 'ema9_above_ema21': False, 'ema21_above_ema200': False}",MOMENTUM_SHORT,3.8,3.8,False,True,INV_False_EF_True,SHORT,10,6,SCENARIO_C_RUNNER_10_v3,40.0,10.0,-12.0,2.0,8.0,300,1,2,-32.0,False,False,True,False,480,3,5.0,False,5,0.75,"[[10, 6], [20, 10], [30, 20], [40, 28], [60, 45], [80, 60], [100, 75], [150, 120]]","{""trail_ladder"": [[10, 6], [20, 10], [30, 20], [40, 28], [60, 45], [80, 60], [100, 75], [150, 120]], ""ladder_first_trigger_pct"": 10, ""ladder_first_lock_pct"": 6, ""exit_profile_id"": ""SCENARIO_C_RUNNER_10_v3"", ""peak_never_loser_min_peak"": 40.0, ""peak_never_loser_floor"": 10.0, ""thesis_fast_exit_unreal_pct"": -12.0, ""thesis_mfe_protect_pct"": 2.0, ""thesis_exit_if_above_unreal_pct"": 8.0, ""thesis_min_age_sec"": 300, ""thesis_score_flip_margin"": 1, ""thesis_early_decay_delta"": 2, ""early_fail_pct_threshold"": -32.0, ""type_a_first_candle_enabled"": false, ""type_a_early_fail_enabled"": false, ""scenario_c_exit_profile"": true, ""type_a_stall_enabled"": false, ""type_a_stall_min_age_sec"": 480, ""type_a_stall_min_candles"": 3, ""type_a_stall_max_mfe_pct"": 5.0, ""trend_weakening_enabled"": false, ""spread_penalty_threshold"": 5, ""spread_penalty_margin_mult"": 0.75}",2026-06-25T13:45:51.654558+00:00,2026-06-25 23:45:51 AEST,2026-06-25 23:45:51 AEST
2026-06-25T13:47:08.089588+00:00,cont-800c073a673f,SHORT,60231.39,59871.68,0.525364,59.72,15.0,7,8.96,8.96,0.0,0.0,-0.0,-0.0,PROFIT_LOCK_LADDER,100,1.99,72,44.0,True,SIM_LIMIT,AI_DIRECT_LIMIT,,,,,0,BEAR,SR,70+,SPAWN,-3,-3,BEARISH_STRUCTURE,BEAR_ALIGNED,29.86,-4,2,9,0.03262,bitfinex,tBTCF0:USTF0,v11.0-genome-architecture-v1,BITFINEX_ZERO,v11.0-genome-architecture-v1,CONTINUOUS,Continuous AI Research,APPROVE,60230.0,0.028415,0.01911,FREE_RANGE,-0.005402,0.73006,294.9,0.525364,0.0,94.367737,126.239,126.239,126.239,0-5m,AI_DIRECT,AI_DIRECT_CHASE,3,,1.39,0.0,0.3157,0.3157,False,0.0,0.0,-0.000535,-7.5e-05,0.043713,0.006826,-11.92944,0.0,0.631826,60247.0,61125.914299,61315.055707,61963.478831,-0.003085,FREE_RANGE,SHORT_PREFERRED,0.028415,0.01911,BEAR,3.0,44.0,0.0,100,5.0,True,True,APPROVE,72,"```json
{
  ""direction"": ""SHORT"",
  ""confidence"": 72,
  ""long_score"": 18,
  ""short_score"": 82,
  ""preferred_direction"": ""SHORT"",
  ""entry_zone_low"": 60350,
  ""entry_zone_high"": 60550,
  ""limit_price"": 60450,
  ""expected_mfe"": 0.012,
  ""expected_mae"": 0.008,
  ""reversal_probability"": 25,
  ""exit_style"": ""AGGRESSIVE"",
  ""reasons_for_trade"": [
    ""BEAR_ALIGNED multi-timeframe agreement (15m, 1h, 4h all bearish)"",
    ""Bearish market structure with LL/HL sequence and structure_score -3"",
    ""Bear EMA stack (price below all EMAs, EMA9 below EMA21 below EMA200)"",
    ""ADX 29.86 > 25 indicating strong trending conditions favoring continuation"",
    ""Trend health state BEAR with bear_score 10 vs bull_score 3"",
    ""Negative delta (-11.66) and bearish velocity confirming selling pressure"",
    ""Volume ratio 4.77 suggests aggressive selling participation"",
    ""Funding rate positive (0.032% per 8h) favoring shorts, longs paying"",
    ""Market structure shift labeled BEAR_CONTINUATION"",
    ""Liquidity sweep high occurred, no low sweep yet - potential for further downside""
  ],
  ""reasons_against_trade"": [
    ""Price is relatively close to support (1.95% away) - bounce risk exists"",
    ""Higher low detected on micro structure could indicate short-term stabilization"",
    ""Reversal risk score at 25 (moderate) - not negligible"",
    ""Entry near support historically reduces short expectancy without strong continuation"",
    ""Candle wick ratio 0.60 shows some buying rejection of lows""
  ],
  ""bull_score"": 2,
  ""bear_score"": 9
}
```

Direction: SHORT  
Win probability: 72%  
Long score: 18  
Short score: 82  
Bull score: 2  
Bear score: 9  
Decision: STRONG_APPROVE  
Reason: All trend hierarchy factors (MTF agreement, structure, EMA stack, ADX) align bearish with strong bear score dominance. Short entry above current price (pullback to 60450) allows for continuation targeting recent low area. Reversal evidence is insufficient - only a single higher low and proximity to support do not constitute valid reversal confirmation per rules.",60231.39,59871.68,MAKER,TAKER,0.024905,1.39,126.239,8.96,8.96,0.0,0.0,-0.0,-0.0,59.72,31.521911,PROFIT_LOCK_LADDER,-11.92944,0.006826,-7.5e-05,0.631826,False,True,"{'price': 60247.0, 'ret_1m': 0.0, 'ret_5m': -0.0003650301149844862, 'ema9': 61125.914298602846, 'ema21': 61315.05570723952, 'ema200': 61963.478830897155, 'dist_to_support': 0.019109548138809634, 'dist_to_resistance': 0.0284154999668237, 'volume': 0.0437129, 'volume_ratio': 0.006826414705392227, 'delta': -11.929440334000004, 'velocity': -7.463606172265446e-05, 'imbalance': 0.6318263150845221, 'candle_range': 294.9, 'body_ratio': 0.39762908060913593, 'wick_ratio': 0.6023709193908642}",5.0,"{'early_fail_enabled': True, 'invert_signal': False, 'ai_enabled': True, 'edge_threshold': 3.0, 'edge_threshold_max': None, 'edge_range_preset': 'min_only', 'ai_threshold': 44.0, 'leverage': 100, 'pullback_threshold': 0.001}","{'ema9': 61125.914298602846, 'ema21': 61315.05570723952, 'ema200': 61963.478830897155, 'ema_spread': -0.003085, 'ema9_slope_pct': -0.3532, 'ema21_slope_pct': -0.1997, 'ema9_above_ema21': False, 'ema21_above_ema200': False}",MOMENTUM_SHORT,5.0,5.0,False,True,INV_False_EF_True,SHORT,10,6,SCENARIO_C_RUNNER_10_v3,40.0,10.0,-12.0,2.0,8.0,300,1,2,-32.0,False,False,True,False,480,3,5.0,False,5,0.75,"[[10, 6], [20, 10], [30, 20], [40, 28], [60, 45], [80, 60], [100, 75], [150, 120]]","{""trail_ladder"": [[10, 6], [20, 10], [30, 20], [40, 28], [60, 45], [80, 60], [100, 75], [150, 120]], ""ladder_first_trigger_pct"": 10, ""ladder_first_lock_pct"": 6, ""exit_profile_id"": ""SCENARIO_C_RUNNER_10_v3"", ""peak_never_loser_min_peak"": 40.0, ""peak_never_loser_floor"": 10.0, ""thesis_fast_exit_unreal_pct"": -12.0, ""thesis_mfe_protect_pct"": 2.0, ""thesis_exit_if_above_unreal_pct"": 8.0, ""thesis_min_age_sec"": 300, ""thesis_score_flip_margin"": 1, ""thesis_early_decay_delta"": 2, ""early_fail_pct_threshold"": -32.0, ""type_a_first_candle_enabled"": false, ""type_a_early_fail_enabled"": false, ""scenario_c_exit_profile"": true, ""type_a_stall_enabled"": false, ""type_a_stall_min_age_sec"": 480, ""type_a_stall_min_candles"": 3, ""type_a_stall_max_mfe_pct"": 5.0, ""trend_weakening_enabled"": false, ""spread_penalty_threshold"": 5, ""spread_penalty_margin_mult"": 0.75}",2026-06-25T13:47:08.089588+00:00,2026-06-25 23:47:08 AEST,2026-06-25 23:47:08 AEST
2026-06-25T13:55:08.814260+00:00,cont-9656ca9a3f32,SHORT,59316.43,58959.0,0.90111,60.26,15.0,6,9.04,9.04,0.0,0.0,-0.0,-0.0,PROFIT_LOCK_LADDER,100,2.01,62,44.0,True,SIM_LIMIT,AI_DIRECT_LIMIT,,,,,0,BEAR,SR,60-70,SPAWN,-3,-3,BEARISH_STRUCTURE,BEAR_ALIGNED,32.21,-4,2,8,0.03286,bitfinex,tBTCF0:USTF0,v11.0-genome-architecture-v1,BITFINEX_ZERO,v11.0-genome-architecture-v1,CONTINUOUS,Continuous AI Research,APPROVE,59329.0,0.04351,0.004713,NEAR_SUPPORT,-0.007078,0.673639,0.0,0.901111,0.0,98.864682,184.968,184.968,184.968,0-5m,AI_DIRECT,AI_DIRECT_CHASE,4,,12.57,0.0,0.0,0.0,False,0.0,0.0,-0.000925,8.4e-05,0.0004,0.030966,-0.626579,-0.0004,0.933383,59384.0,60779.531439,61138.529982,61936.542982,-0.005872,NEAR_SUPPORT,SHORT_PREFERRED,0.04351,0.004713,BEAR,3.0,44.0,0.0,100,4.8,True,True,APPROVE,62,"```json
{
  ""direction"": ""SHORT"",
  ""confidence"": 62,
  ""long_score"": 18,
  ""short_score"": 82,
  ""preferred_direction"": ""SHORT"",
  ""entry_zone_low"": 59500,
  ""entry_zone_high"": 59700,
  ""limit_price"": 59600,
  ""expected_mfe"": 350,
  ""expected_mae"": 200,
  ""reversal_probability"": 43,
  ""exit_style"": ""AGGRESSIVE"",
  ""reasons_for_trade"": [
    ""Multi-timeframe agreement is BEAR_ALIGNED across 15m, 1h, 4h"",
    ""Market structure bias is BEARISH_STRUCTURE with structure_score -3"",
    ""EMA stack is bearish (price below all EMAs, ema9 below ema21, ema21 below ema200)"",
    ""ADX at 32.21 indicates strong trending market favoring continuation"",
    ""Trend health state is BEAR with bear_score 10 vs bull_score 3"",
    ""Orderflow shows negative delta (-0.53) and high imbalance (0.93) favoring sellers"",
    ""Price is near support (0.55% away) but no reversal confirmation - continuation more likely"",
    ""Funding rate positive (0.033% per 8h) favors shorts, longs paying""
  ],
  ""reasons_against_trade"": [
    ""Price is very close to recent low support (59132), bounce risk increases near support"",
    ""Reversal risk score is 43 (moderate), higher_low detected suggests some buying pressure"",
    ""Volume ratio is low (0.23), indicating lack of aggressive selling momentum"",
    ""Entry near support historically reduces short expectancy without strong continuation""
  ],
  ""bull_score"": 2,
  ""bear_score"": 8
}
Direction: SHORT
Win probability: 62
Long score: 18
Short score: 82
Bull score: 2
Bear score: 8
Decision: APPROVE
Reason: Strong bearish alignment across all trend hierarchy layers (MTF, structure, EMA, ADX) with orderflow confirming selling pressure. Price near support is a location context only - no reversal confirmation present. Short continuation is the higher-probability path despite proximity to support. Entry zone set above current price for pullback entry.",59316.43,58959.0,MAKER,TAKER,0.025283,12.57,184.968,9.04,9.04,0.0,0.0,-0.0,-0.0,60.26,54.066736,PROFIT_LOCK_LADDER,-0.626579,0.030966,8.4e-05,0.933383,False,True,"{'velocity': 8.420485356775964e-05, 'volume': 0.0004, 'volume_ratio': 0.030966053386559847, 'delta': -0.6265791900000001, 'imbalance': 0.9333830468919598, 'delta_change': -0.00039999999999995595}",4.8,"{'early_fail_enabled': True, 'invert_signal': False, 'ai_enabled': True, 'edge_threshold': 3.0, 'edge_threshold_max': None, 'edge_range_preset': 'min_only', 'ai_threshold': 44.0, 'leverage': 100, 'pullback_threshold': 0.001}","{'ema9': 60779.53143888227, 'ema21': 61138.52998179222, 'ema200': 61936.54298155791, 'ema_spread': -0.005872, 'ema9_slope_pct': -0.9203, 'ema21_slope_pct': -0.4741, 'ema9_above_ema21': False, 'ema21_above_ema200': False}",WEAK_SETUP,4.8,4.8,False,True,INV_False_EF_True,SHORT,10,6,SCENARIO_C_RUNNER_10_v3,40.0,10.0,-12.0,2.0,8.0,300,1,2,-32.0,False,False,True,False,480,3,5.0,False,5,0.75,"[[10, 6], [20, 10], [30, 20], [40, 28], [60, 45], [80, 60], [100, 75], [150, 120]]","{""trail_ladder"": [[10, 6], [20, 10], [30, 20], [40, 28], [60, 45], [80, 60], [100, 75], [150, 120]], ""ladder_first_trigger_pct"": 10, ""ladder_first_lock_pct"": 6, ""exit_profile_id"": ""SCENARIO_C_RUNNER_10_v3"", ""peak_never_loser_min_peak"": 40.0, ""peak_never_loser_floor"": 10.0, ""thesis_fast_exit_unreal_pct"": -12.0, ""thesis_mfe_protect_pct"": 2.0, ""thesis_exit_if_above_unreal_pct"": 8.0, ""thesis_min_age_sec"": 300, ""thesis_score_flip_margin"": 1, ""thesis_early_decay_delta"": 2, ""early_fail_pct_threshold"": -32.0, ""type_a_first_candle_enabled"": false, ""type_a_early_fail_enabled"": false, ""scenario_c_exit_profile"": true, ""type_a_stall_enabled"": false, ""type_a_stall_min_age_sec"": 480, ""type_a_stall_min_candles"": 3, ""type_a_stall_max_mfe_pct"": 5.0, ""trend_weakening_enabled"": false, ""spread_penalty_threshold"": 5, ""spread_penalty_margin_mult"": 0.75}",2026-06-25T13:55:08.814260+00:00,2026-06-25 23:55:08 AEST,2026-06-25 23:55:08 AEST
2026-06-25T13:55:11.241112+00:00,cont-29fc5fec3df9,SHORT,58969.5,58959.0,0.067861,1.78,15.0,6,0.27,0.27,0.0,0.0,-0.0,-0.0,PROFIT_LOCK_LADDER,100,0.06,68,44.0,True,SIM_LIMIT,AI_DIRECT_LIMIT,,,,,0,BEAR,SR,60-70,SPAWN,-3,-3,BEARISH_STRUCTURE,BEAR_ALIGNED,32.71,-4,2,8,0.03286,bitfinex,tBTCF0:USTF0,v11.0-genome-architecture-v1,BITFINEX_ZERO,v11.0-genome-architecture-v1,CONTINUOUS,Continuous AI Research,APPROVE,58818.0,0.052974,0.002276,NEAR_SUPPORT,-0.007078,1.0,0.0,0.067862,-1.780581,11.955333,22.992,22.992,22.992,0-5m,AI_DIRECT,AI_DIRECT_CHASE,1,,151.5,0.0,0.0,0.0,False,0.0,0.0,-7e-05,-0.000425,0.000182,0.005192,-2.544103,-0.000182,0.273075,58820.0,60645.131439,61077.439073,61929.856414,-0.007078,NEAR_SUPPORT,SHORT_PREFERRED,0.052974,0.002276,BEAR,3.0,44.0,0.0,100,4.9,True,True,APPROVE,68,"```json
{
  ""direction"": ""SHORT"",
  ""confidence"": 68,
  ""long_score"": 18,
  ""short_score"": 82,
  ""preferred_direction"": ""SHORT"",
  ""entry_zone_low"": 58950,
  ""entry_zone_high"": 59100,
  ""limit_price"": 59025,
  ""expected_mfe"": 250,
  ""expected_mae"": 120,
  ""reversal_probability"": 25,
  ""exit_style"": ""AGGRESSIVE"",
  ""reasons_for_trade"": [
    ""BEAR_ALIGNED multi-timeframe agreement (15m, 1h, 4h all bearish)"",
    ""Bearish EMA stack: price below all EMAs, EMA9 below EMA21, EMA21 below EMA200"",
    ""ADX 32.71 (>25) confirms strong trending bear market, favoring continuation"",
    ""Trend health state BEAR with bear_score 10 vs bull_score 3"",
    ""Market structure shift is BEAR_CONTINUATION with no bullish structure shift"",
    ""Negative velocity and delta confirm selling pressure"",
    ""Volume ratio 3.76 indicates elevated participation in the move"",
    ""Funding positive (0.033% per 8h) meaning longs pay shorts, consistent with bearish sentiment"",
    ""Price near support (0.44% away) but no reversal confirmation - support alone is not a long signal in strong downtrend""
  ],
  ""reasons_against_trade"": [
    ""Price is very close to recent low support (58744), increasing bounce risk"",
    ""Higher low detected on micro structure could indicate potential basing"",
    ""Reversal risk score is 25 (non-zero), suggesting some probability of mean reversion"",
    ""Entry near support historically reduces short expectancy without strong continuation evidence""
  ],
  ""bull_score"": 2,
  ""bear_score"": 8
}
```

**Direction:** SHORT  
**Win probability:** 68%  
**Long score:** 18  
**Short score:** 82  
**Bull score:** 2/10  
**Bear score:** 8/10  
**Decision:** APPROVE  

**Reason:** The trend hierarchy strongly favors bearish continuation: all timeframes are bear-aligned, EMA stack is bearish, ADX > 25 confirms trending conditions, and market structure shows no bullish shift. The short score (82) far exceeds the long score (18) by more than the required +5 threshold. While price is near support, there are no reversal confirmations (no structure shift, no momentum expansion upward, no MTF disagreement). The elevated volume and negative delta support continued downside. The entry is set slightly above current price (pullback entry) to avoid chasing the low. Exit style is aggressive given proximity to support - take profits quickly if momentum stalls.",58969.5,58959.0,MAKER,TAKER,0.025502,151.5,22.992,0.27,0.27,0.0,0.0,-0.0,-0.0,1.78,4.071818,PROFIT_LOCK_LADDER,-2.544103,0.005192,-0.000425,0.273075,False,True,"{'velocity': -0.00042493158601465165, 'volume': 0.00018186, 'volume_ratio': 0.005191650346340115, 'delta': -2.5441032100000034, 'imbalance': 0.2730753912804183, 'delta_change': -0.00018185999999964508}",4.9,"{'early_fail_enabled': True, 'invert_signal': False, 'ai_enabled': True, 'edge_threshold': 3.0, 'edge_threshold_max': None, 'edge_range_preset': 'min_only', 'ai_threshold': 44.0, 'leverage': 100, 'pullback_threshold': 0.001}","{'ema9': 60645.13143888228, 'ema21': 61077.43907270131, 'ema200': 61929.85641439373, 'ema_spread': -0.007078, 'ema9_slope_pct': -1.1393, 'ema21_slope_pct': -0.5735, 'ema9_above_ema21': False, 'ema21_above_ema200': False}",MOMENTUM_SHORT,4.9,4.9,False,True,INV_False_EF_True,SHORT,10,6,SCENARIO_C_RUNNER_10_v3,40.0,10.0,-12.0,2.0,8.0,300,1,2,-32.0,False,False,True,False,480,3,5.0,False,5,0.75,"[[10, 6], [20, 10], [30, 20], [40, 28], [60, 45], [80, 60], [100, 75], [150, 120]]","{""trail_ladder"": [[10, 6], [20, 10], [30, 20], [40, 28], [60, 45], [80, 60], [100, 75], [150, 120]], ""ladder_first_trigger_pct"": 10, ""ladder_first_lock_pct"": 6, ""exit_profile_id"": ""SCENARIO_C_RUNNER_10_v3"", ""peak_never_loser_min_peak"": 40.0, ""peak_never_loser_floor"": 10.0, ""thesis_fast_exit_unreal_pct"": -12.0, ""thesis_mfe_protect_pct"": 2.0, ""thesis_exit_if_above_unreal_pct"": 8.0, ""thesis_min_age_sec"": 300, ""thesis_score_flip_margin"": 1, ""thesis_early_decay_delta"": 2, ""early_fail_pct_threshold"": -32.0, ""type_a_first_candle_enabled"": false, ""type_a_early_fail_enabled"": false, ""scenario_c_exit_profile"": true, ""type_a_stall_enabled"": false, ""type_a_stall_min_age_sec"": 480, ""type_a_stall_min_candles"": 3, ""type_a_stall_max_mfe_pct"": 5.0, ""trend_weakening_enabled"": false, ""spread_penalty_threshold"": 5, ""spread_penalty_margin_mult"": 0.75}",2026-06-25T13:55:11.241112+00:00,2026-06-25 23:55:11 AEST,2026-06-25 23:55:11 AEST
2026-06-25T14:01:25.337486+00:00,cont-1faaedbf68da,SHORT,58670.5,58596.0,0.029574,12.7,15.0,6,1.9,1.9,0.0,0.0,-0.0,0.0,PROFIT_LOCK_LADDER,100,0.42,68,44.0,True,SIM_LIMIT,AI_DIRECT_LIMIT,,,,,0,BEAR,SR,60-70,SPAWN,-3,-3,BEARISH_STRUCTURE,BEAR_ALIGNED,35.81,-4,2,8,0.03266,bitfinex,tBTCF0:USTF0,v11.0-genome-architecture-v1,BITFINEX_ZERO,v11.0-genome-architecture-v1,CONTINUOUS,Continuous AI Research,APPROVE,58643.0,0.058005,0.007987,NEAR_SUPPORT,-0.010983,1.0,597.0,0.029575,-4.175864,12.698034,16.22,16.22,16.22,0-5m,AI_DIRECT,AI_DIRECT_CHASE,1,,27.5,0.0,0.0,0.0,False,0.0,0.0,-3e-05,-1e-05,0.022028,0.017584,-0.360424,0.0,0.174738,58624.0,60163.785151,60813.622298,61891.290562,-0.010686,NEAR_SUPPORT,SHORT_PREFERRED,0.058005,0.007987,BEAR,3.0,44.0,0.0,100,3.8,True,True,APPROVE,68,"```json
{
  ""direction"": ""SHORT"",
  ""confidence"": 68,
  ""long_score"": 18,
  ""short_score"": 82,
  ""preferred_direction"": ""SHORT"",
  ""entry_zone_low"": 58600,
  ""entry_zone_high"": 58800,
  ""limit_price"": 58700,
  ""expected_mfe"": 400,
  ""expected_mae"": 200,
  ""reversal_probability"": 43,
  ""exit_style"": ""AGGRESSIVE"",
  ""reasons_for_trade"": [
    ""Multi-timeframe agreement is BEAR_ALIGNED across 15m, 1h, 4h"",
    ""Market structure bias is BEARISH with structure_score -3 and BEAR_CONTINUATION shift"",
    ""EMA stack is bearish (price below all EMAs, EMA9 below EMA21, EMA21 below EMA200)"",
    ""ADX at 35.81 indicates strong trending conditions favoring continuation"",
    ""Trend health state is BEAR with bear_score 10 vs bull_score 3"",
    ""Orderflow shows negative delta (-0.184) and bearish velocity"",
    ""Funding rate positive (0.033% per 8h) favors shorts as longs pay"",
    ""Price is near support (0.8% away) but no reversal confirmation - continuation more likely""
  ],
  ""reasons_against_trade"": [
    ""Price is very close to recent low support (58130), increasing bounce risk"",
    ""Reversal risk score is 43 (moderate), suggesting some chance of mean reversion"",
    ""Higher low detected on micro structure could indicate short-term buying pressure"",
    ""Volume ratio is very low (0.013), suggesting lack of conviction in current move""
  ],
  ""bull_score"": 2,
  ""bear_score"": 8
}
```

**Direction:** SHORT  
**Win probability:** 68%  
**Long score:** 18  
**Short score:** 82  
**Bull score:** 2  
**Bear score:** 8  
**Decision:** APPROVE  
**Reason:** Strong bearish alignment across all trend hierarchy layers (MTF, structure, EMA, ADX, trend health) with no valid reversal confirmation. Price near support is a location context only - without structure shift or momentum reversal, continuation is favored. The positive funding rate adds a slight edge for shorts. Entry is set slightly above current price to allow for a minor pullback before continuation.",58670.5,58596.0,MAKER,TAKER,0.025579,27.5,16.22,1.9,1.9,0.0,0.0,-0.0,0.0,12.7,1.77455,PROFIT_LOCK_LADDER,-0.360424,0.017584,-1e-05,0.174738,False,True,"{'price': 58624.0, 'ret_1m': 0.0, 'ret_5m': 0.0009561535309383964, 'ema9': 60163.785151105825, 'ema21': 60813.62229750477, 'ema200': 61891.29056168858, 'dist_to_support': 0.007986620703778285, 'dist_to_resistance': 0.058005392675517936, 'volume': 0.022028437, 'volume_ratio': 0.017584130065797118, 'delta': -0.36042447200000016, 'velocity': -1.0065984796391491e-05, 'imbalance': 0.17473757802216378, 'candle_range': 597.0, 'body_ratio': 0.588088963374487, 'wick_ratio': 0.4119110366255132}",3.8,"{'early_fail_enabled': True, 'invert_signal': False, 'ai_enabled': True, 'edge_threshold': 3.0, 'edge_threshold_max': None, 'edge_range_preset': 'min_only', 'ai_threshold': 44.0, 'leverage': 100, 'pullback_threshold': 0.001}","{'ema9': 60163.785151105825, 'ema21': 60813.62229750477, 'ema200': 61891.29056168858, 'ema_spread': -0.010686, 'ema9_slope_pct': -1.9026, 'ema21_slope_pct': -0.9806, 'ema9_above_ema21': False, 'ema21_above_ema200': False}",MOMENTUM_SHORT,3.8,3.8,False,True,INV_False_EF_True,SHORT,10,6,SCENARIO_C_RUNNER_10_v3,40.0,10.0,-12.0,2.0,8.0,300,1,2,-32.0,False,False,True,False,480,3,5.0,False,5,0.75,"[[10, 6], [20, 10], [30, 20], [40, 28], [60, 45], [80, 60], [100, 75], [150, 120]]","{""trail_ladder"": [[10, 6], [20, 10], [30, 20], [40, 28], [60, 45], [80, 60], [100, 75], [150, 120]], ""ladder_first_trigger_pct"": 10, ""ladder_first_lock_pct"": 6, ""exit_profile_id"": ""SCENARIO_C_RUNNER_10_v3"", ""peak_never_loser_min_peak"": 40.0, ""peak_never_loser_floor"": 10.0, ""thesis_fast_exit_unreal_pct"": -12.0, ""thesis_mfe_protect_pct"": 2.0, ""thesis_exit_if_above_unreal_pct"": 8.0, ""thesis_min_age_sec"": 300, ""thesis_score_flip_margin"": 1, ""thesis_early_decay_delta"": 2, ""early_fail_pct_threshold"": -32.0, ""type_a_first_candle_enabled"": false, ""type_a_early_fail_enabled"": false, ""scenario_c_exit_profile"": true, ""type_a_stall_enabled"": false, ""type_a_stall_min_age_sec"": 480, ""type_a_stall_min_candles"": 3, ""type_a_stall_max_mfe_pct"": 5.0, ""trend_weakening_enabled"": false, ""spread_penalty_threshold"": 5, ""spread_penalty_margin_mult"": 0.75}",2026-06-25T14:01:25.337486+00:00,2026-06-26 00:01:25 AEST,2026-06-26 00:01:25 AEST
2026-06-25T14:15:09.528059+00:00,cont-d897b36f1d10,SHORT,59604.09,59438.8,1.028954,27.74,15.0,7,4.16,4.16,0.0,0.0,-0.0,-0.0,PROFIT_LOCK_LADDER,100,0.92,72,44.0,True,SIM_LIMIT,AI_DIRECT_LIMIT,,,,,0,BEAR,SR,70+,SPAWN,-3,-3,BEARISH_STRUCTURE,BEAR_ALIGNED,35.81,-4,2,9,0.03401,bitfinex,tBTCF0:USTF0,v11.0-genome-architecture-v1,BITFINEX_ZERO,v11.0-genome-architecture-v1,CONTINUOUS,Continuous AI Research,APPROVE,59559.0,0.03865,0.026135,FREE_RANGE,-0.009447,1.0,597.0,1.028955,0.0,57.058165,145.779,145.779,145.779,0-5m,AI_DIRECT,AI_DIRECT_CHASE,3,,45.09,0.0,0.3978,0.3978,False,0.0,0.0,-0.001095,-0.000363,0.031117,0.043165,-1.852468,0.0,0.093057,59569.0,60361.785151,60903.622298,61901.141308,-0.008897,FREE_RANGE,SHORT_PREFERRED,0.03865,0.026135,BEAR,3.0,44.0,0.0,100,4.4,True,True,APPROVE,72,"```json
{
  ""direction"": ""SHORT"",
  ""confidence"": 72,
  ""long_score"": 18,
  ""short_score"": 82,
  ""preferred_direction"": ""SHORT"",
  ""entry_zone_low"": 59650,
  ""entry_zone_high"": 59850,
  ""limit_price"": 59750,
  ""expected_mfe"": 450,
  ""expected_mae"": 250,
  ""reversal_probability"": 25,
  ""exit_style"": ""AGGRESSIVE"",
  ""reasons_for_trade"": [
    ""BEAR_ALIGNED multi-timeframe agreement (15m, 1h, 4h all bearish)"",
    ""Bearish market structure with LL/HL sequence and structure_score -3"",
    ""Bearish EMA stack (price below all EMAs, EMA9 below EMA21 below EMA200)"",
    ""ADX 35.81 > 25 confirming strong trending bear market"",
    ""Trend health bear_score 10 vs bull_score 3, intact bearish trend"",
    ""Negative velocity and delta (-1.84) supporting bearish momentum"",
    ""Volume ratio 4.32 indicates high participation in current move"",
    ""Liquidity sweep of recent high (61997) suggests trap and reversal lower"",
    ""Market structure shift labeled BEAR_CONTINUATION"",
    ""Funding positive (0.034% per 8h) favoring shorts, longs paying""
  ],
  ""reasons_against_trade"": [
    ""Price near support zone (dist_to_support 2.6%) - bounce risk elevated"",
    ""Higher low detected on micro structure could indicate short-term base"",
    ""Reversal risk score 25 suggests some mean reversion potential"",
    ""Entry stage MID means partial move already occurred"",
    ""Candle range 597 with wick ratio 0.41 shows some buying pressure""
  ],
  ""bull_score"": 2,
  ""bear_score"": 9
}
```

**Direction:** SHORT  
**Win probability:** 72%  
**Long score:** 18  
**Short score:** 82  
**Bull score:** 2/10  
**Bear score:** 9/10  
**Decision:** STRONG_APPROVE  

**Reason:** All trend hierarchy layers align bearishly - MTF agreement, structure bias, EMA stack, ADX > 25, and trend health all point to continuation. The short case scores 82 vs 18 for longs, a gap of 64 points, well above the +15 threshold for counter-trend trades (which this is not - it's trend-aligned). The only caution is proximity to support (2.6%), but with strong bearish momentum and high volume, continuation is favored over a bounce. Entry is set slightly above current price (59750) to allow for a minor pullback before continuation lower. Expected MFE 450 points targets the recent low zone (~58130), with MAE 250 to manage bounce risk.",59604.09,59438.8,MAKER,TAKER,0.025185,45.09,145.779,4.16,4.16,0.0,0.0,-0.0,-0.0,27.74,61.737361,PROFIT_LOCK_LADDER,-1.852468,0.043165,-0.000363,0.093057,False,True,"{'price': 59557.0, 'ret_1m': -0.0006544063359957044, 'ret_5m': -0.0023953098827470686, 'ema9': 60361.785151105825, 'ema21': 60903.62229750477, 'ema200': 61901.14130795723, 'dist_to_support': 0.026135030993466243, 'dist_to_resistance': 0.038649690065337576, 'volume': 0.031117386000000004, 'volume_ratio': 0.04316476643134819, 'delta': -1.8524680459999865, 'velocity': -0.00036349680934444654, 'imbalance': 0.093056960102964, 'candle_range': 597.0, 'body_ratio': 0.588088963374487, 'wick_ratio': 0.4119110366255132}",4.4,"{'early_fail_enabled': True, 'invert_signal': False, 'ai_enabled': True, 'edge_threshold': 3.0, 'edge_threshold_max': None, 'edge_range_preset': 'min_only', 'ai_threshold': 44.0, 'leverage': 100, 'pullback_threshold': 0.001}","{'ema9': 60361.785151105825, 'ema21': 60903.62229750477, 'ema200': 61901.14130795723, 'ema_spread': -0.008897, 'ema9_slope_pct': -1.5797, 'ema21_slope_pct': -0.834, 'ema9_above_ema21': False, 'ema21_above_ema200': False}",MOMENTUM_SHORT,4.4,4.4,False,True,INV_False_EF_True,SHORT,10,6,SCENARIO_C_RUNNER_10_v3,40.0,10.0,-12.0,2.0,8.0,300,1,2,-32.0,False,False,True,False,480,3,5.0,False,5,0.75,"[[10, 6], [20, 10], [30, 20], [40, 28], [60, 45], [80, 60], [100, 75], [150, 120]]","{""trail_ladder"": [[10, 6], [20, 10], [30, 20], [40, 28], [60, 45], [80, 60], [100, 75], [150, 120]], ""ladder_first_trigger_pct"": 10, ""ladder_first_lock_pct"": 6, ""exit_profile_id"": ""SCENARIO_C_RUNNER_10_v3"", ""peak_never_loser_min_peak"": 40.0, ""peak_never_loser_floor"": 10.0, ""thesis_fast_exit_unreal_pct"": -12.0, ""thesis_mfe_protect_pct"": 2.0, ""thesis_exit_if_above_unreal_pct"": 8.0, ""thesis_min_age_sec"": 300, ""thesis_score_flip_margin"": 1, ""thesis_early_decay_delta"": 2, ""early_fail_pct_threshold"": -32.0, ""type_a_first_candle_enabled"": false, ""type_a_early_fail_enabled"": false, ""scenario_c_exit_profile"": true, ""type_a_stall_enabled"": false, ""type_a_stall_min_age_sec"": 480, ""type_a_stall_min_candles"": 3, ""type_a_stall_max_mfe_pct"": 5.0, ""trend_weakening_enabled"": false, ""spread_penalty_threshold"": 5, ""spread_penalty_margin_mult"": 0.75}",2026-06-25T14:15:09.528059+00:00,2026-06-26 00:15:09 AEST,2026-06-26 00:15:09 AEST
2026-06-25T14:32:22.178898+00:00,cont-6d64fe79d72a,SHORT,59453.04,59310.0,0.705501,24.06,15.0,6,3.61,3.61,0.0,0.0,-0.0,-0.0,PROFIT_LOCK_LADDER,100,0.8,68,44.0,True,SIM_LIMIT,AI_DIRECT_LIMIT,,,,,0,BEAR,SR,60-70,SPAWN,-3,-3,BEARISH_STRUCTURE,BEAR_ALIGNED,38.34,-4,2,8,0.03519,bitfinex,tBTCF0:USTF0,v11.0-genome-architecture-v1,BITFINEX_ZERO,v11.0-genome-architecture-v1,CONTINUOUS,Continuous AI Research,APPROVE,59472.0,0.040934,0.023993,FREE_RANGE,-0.01101,1.0,587.5,0.705502,0.0,41.720322,242.732,242.732,242.732,0-5m,AI_DIRECT,AI_DIRECT_CHASE,5,,18.96,0.0,0.0,0.0,False,0.0,0.0,-0.000775,-8.1e-05,0.034331,0.007357,-10.636531,0.0,0.197954,59511.0,60134.068121,60746.631841,61872.428491,-0.010084,FREE_RANGE,SHORT_PREFERRED,0.040934,0.023993,BEAR,3.0,44.0,0.0,100,3.8,True,True,APPROVE,68,"```json
{
  ""direction"": ""SHORT"",
  ""confidence"": 68,
  ""long_score"": 18,
  ""short_score"": 82,
  ""preferred_direction"": ""SHORT"",
  ""entry_zone_low"": 59650,
  ""entry_zone_high"": 59850,
  ""limit_price"": 59750,
  ""expected_mfe"": 850,
  ""expected_mae"": 350,
  ""reversal_probability"": 43,
  ""exit_style"": ""AGGRESSIVE"",
  ""reasons_for_trade"": [
    ""BEAR_ALIGNED multi-timeframe agreement (15m, 1h, 4h all bearish)"",
    ""Bearish EMA stack: price below EMA9, EMA21, EMA200; EMA9 below EMA21 below EMA200"",
    ""ADX 38.34 (>25) confirms strong trending bear market, favoring continuation"",
    ""Trend health state BEAR with bear_score 10 vs bull_score 3, intact bearish momentum"",
    ""Market structure bias BEARISH_STRUCTURE with structure_score -3 and LL sequence active"",
    ""Negative delta (-10.59) and negative velocity confirm selling pressure"",
    ""Funding positive (0.03483% per 8h) favors shorts, longs paying"",
    ""Edge score 3.8 above threshold 3.0, supporting bearish edge"",
    ""Liquidity sweep high occurred, suggesting potential rejection from resistance zone"",
    ""Regime label BEAR with compression/expansion history favoring continuation""
  ],
  ""reasons_against_trade"": [
    ""Price near micro support (58130) at 2.4% distance, bounce risk increases near support"",
    ""Reversal probability 43% indicates moderate reversal risk from support zone"",
    ""Volume ratio very low (0.058), suggesting lack of aggressive selling at current levels"",
    ""Higher low detected (HL) could indicate micro support forming"",
    ""Candle range moderate with wick ratio 0.36, some buying rejection visible"",
    ""Entry stage MID, not ideal for fresh continuation entries""
  ],
  ""bull_score"": 2,
  ""bear_score"": 8
}
```

**Direction:** SHORT  
**Win probability:** 68%  
**Long score:** 18  
**Short score:** 82  
**Bull score:** 2/10  
**Bear score:** 8/10  
**Decision:** APPROVE  
**Reason:** Strong bearish alignment across all trend hierarchy layers (MTF, structure, EMA, ADX, trend health) with no valid reversal confirmation. Short entry near support carries bounce risk, but the bearish continuation case is dominant. Entry zone set above current price (pullback to 59750) to avoid chasing into support. Exit style AGGRESSIVE due to proximity to support and moderate reversal probability.",59453.04,59310.0,MAKER,TAKER,0.025222,18.96,242.732,3.61,3.61,0.0,0.0,-0.0,-0.0,24.06,42.330185,PROFIT_LOCK_LADDER,-10.636531,0.007357,-8.1e-05,0.197954,False,True,"{'price': 59511.0, 'ret_1m': 0.0, 'ret_5m': -0.0009065726517250063, 'ema9': 60134.068120884665, 'ema21': 60746.63184071351, 'ema200': 61872.428491324514, 'dist_to_support': 0.023993015329337296, 'dist_to_resistance': 0.04093419970113669, 'volume': 0.034331367, 'volume_ratio': 0.007357389518433248, 'delta': -10.63653142100004, 'velocity': -8.059813368282707e-05, 'imbalance': 0.1979537746906337, 'candle_range': 587.5, 'body_ratio': 0.6428117051502598, 'wick_ratio': 0.35718829484974024}",3.8,"{'early_fail_enabled': True, 'invert_signal': False, 'ai_enabled': True, 'edge_threshold': 3.0, 'edge_threshold_max': None, 'edge_range_preset': 'min_only', 'ai_threshold': 44.0, 'leverage': 100, 'pullback_threshold': 0.001}","{'ema9': 60134.068120884665, 'ema21': 60746.63184071351, 'ema200': 61872.428491324514, 'ema_spread': -0.010084, 'ema9_slope_pct': -1.5614, 'ema21_slope_pct': -0.8991, 'ema9_above_ema21': False, 'ema21_above_ema200': False}",MOMENTUM_SHORT,3.8,3.8,False,True,INV_False_EF_True,SHORT,10,6,SCENARIO_C_RUNNER_10_v3,40.0,10.0,-12.0,2.0,8.0,300,1,2,-32.0,False,False,True,False,480,3,5.0,False,5,0.75,"[[10, 6], [20, 10], [30, 20], [40, 28], [60, 45], [80, 60], [100, 75], [150, 120]]","{""trail_ladder"": [[10, 6], [20, 10], [30, 20], [40, 28], [60, 45], [80, 60], [100, 75], [150, 120]], ""ladder_first_trigger_pct"": 10, ""ladder_first_lock_pct"": 6, ""exit_profile_id"": ""SCENARIO_C_RUNNER_10_v3"", ""peak_never_loser_min_peak"": 40.0, ""peak_never_loser_floor"": 10.0, ""thesis_fast_exit_unreal_pct"": -12.0, ""thesis_mfe_protect_pct"": 2.0, ""thesis_exit_if_above_unreal_pct"": 8.0, ""thesis_min_age_sec"": 300, ""thesis_score_flip_margin"": 1, ""thesis_early_decay_delta"": 2, ""early_fail_pct_threshold"": -32.0, ""type_a_first_candle_enabled"": false, ""type_a_early_fail_enabled"": false, ""scenario_c_exit_profile"": true, ""type_a_stall_enabled"": false, ""type_a_stall_min_age_sec"": 480, ""type_a_stall_min_candles"": 3, ""type_a_stall_max_mfe_pct"": 5.0, ""trend_weakening_enabled"": false, ""spread_penalty_threshold"": 5, ""spread_penalty_margin_mult"": 0.75}",2026-06-25T14:32:22.178898+00:00,2026-06-26 00:32:22 AEST,2026-06-26 00:32:22 AEST
2026-06-25T14:37:10.243985+00:00,cont-79bacbc4353e,SHORT,60098.44,59939.88,0.554147,26.39,15.0,6,3.96,3.96,0.0,0.0,-0.0,-0.0,PROFIT_LOCK_LADDER,100,0.88,68,44.0,True,SIM_LIMIT,AI_DIRECT_LIMIT,,,,,0,BEAR,SR,60-70,SPAWN,-3,-3,BEARISH_STRUCTURE,BEAR_ALIGNED,38.29,-4,2,8,0.03583,bitfinex,tBTCF0:USTF0,v11.0-genome-architecture-v1,BITFINEX_ZERO,v11.0-genome-architecture-v1,CONTINUOUS,Continuous AI Research,APPROVE,60083.0,0.029406,0.034802,FREE_RANGE,-0.010001,1.0,580.6,0.554148,0.0,54.983124,121.511,121.511,121.511,0-5m,AI_DIRECT,AI_DIRECT_CHASE,3,,15.44,0.0,0.097,0.097,False,0.0,0.0,-0.00062,-0.000624,0.018563,0.00704,29.612786,0.0,0.285527,60083.0,60143.774497,60693.442169,61854.448282,-0.009056,FREE_RANGE,SHORT_PREFERRED,0.029406,0.034802,BEAR,3.0,44.0,0.0,100,4.5,True,True,APPROVE,68,"```json
{
  ""direction"": ""SHORT"",
  ""confidence"": 68,
  ""long_score"": 18,
  ""short_score"": 82,
  ""preferred_direction"": ""SHORT"",
  ""entry_zone_low"": 60200,
  ""entry_zone_high"": 60400,
  ""limit_price"": 60300,
  ""expected_mfe"": 1200,
  ""expected_mae"": 400,
  ""reversal_probability"": 33,
  ""exit_style"": ""AGGRESSIVE"",
  ""reasons_for_trade"": [
    ""MTF agreement is BEAR_ALIGNED (15m ranging, 1h/4h bearish) - strong bearish hierarchy"",
    ""Market structure bias is BEARISH_STRUCTURE with structure_score -3 and LH/LL sequence active"",
    ""EMA stack is bearish (price below all EMAs, ema9 below ema21, ema21 below ema200, stack_bear=true)"",
    ""ADX at 38.29 (>25) confirms trending market - favor continuation"",
    ""Trend health state is BEAR with bear_score 10 vs bull_score 3 - bearish intact"",
    ""Volume ratio 23.3x average - high participation supporting bear move"",
    ""Velocity negative (-0.0004) and price below ema9 - momentum still bearish"",
    ""Edge score 4.5 above threshold 3.0 - telemetry supports bearish edge"",
    ""Funding positive (0.036% per 8h) - shorts receive funding, slight tailwind"",
    ""Market regime tracker shows recent compression breakout into expansion - favors directional continuation""
  ],
  ""reasons_against_trade"": [
    ""Price near micro support (58130) at 3.3% distance - bounce risk increases near support zone"",
    ""Higher low detected (HL in swing labels) - potential for micro reversal if support holds"",
    ""Reversal risk score 33 - moderate reversal probability, not negligible"",
    ""Candle has small body ratio (0.627) and wick ratio 0.373 - some indecision at current level"",
    ""Delta positive (29.6) - aggressive buying on this candle, could be accumulation"",
    ""Imbalance 0.286 - slightly more aggressive buying than selling in recent orderflow""
  ],
  ""bull_score"": 2,
  ""bear_score"": 8
}
```",60098.44,59939.88,MAKER,TAKER,0.024965,15.44,121.511,3.96,3.96,0.0,0.0,-0.0,-0.0,26.39,33.248902,PROFIT_LOCK_LADDER,29.612786,0.00704,-0.000624,0.285527,False,True,"{'price': 60083.0, 'ret_1m': -0.002374389798425929, 'ret_5m': -0.00666269880633535, 'ema9': 60143.77449670773, 'ema21': 60693.44216925295, 'ema200': 61854.44828181194, 'dist_to_support': 0.034802244877627606, 'dist_to_resistance': 0.029405904426659583, 'volume': 0.018563067, 'volume_ratio': 0.0070399329212663475, 'delta': 29.612786208000028, 'velocity': -0.000624350156287971, 'imbalance': 0.28552693425544706, 'candle_range': 580.6, 'body_ratio': 0.6274529265243055, 'wick_ratio': 0.3725470734756945}",4.5,"{'early_fail_enabled': True, 'invert_signal': False, 'ai_enabled': True, 'edge_threshold': 3.0, 'edge_threshold_max': None, 'edge_range_preset': 'min_only', 'ai_threshold': 44.0, 'leverage': 100, 'pullback_threshold': 0.001}","{'ema9': 60143.77449670773, 'ema21': 60693.44216925295, 'ema200': 61854.44828181194, 'ema_spread': -0.009056, 'ema9_slope_pct': -0.6376, 'ema21_slope_pct': -0.5433, 'ema9_above_ema21': False, 'ema21_above_ema200': False}",WEAK_SETUP,4.5,4.5,False,True,INV_False_EF_True,SHORT,10,6,SCENARIO_C_RUNNER_10_v3,40.0,10.0,-12.0,2.0,8.0,300,1,2,-32.0,False,False,True,False,480,3,5.0,False,5,0.75,"[[10, 6], [20, 10], [30, 20], [40, 28], [60, 45], [80, 60], [100, 75], [150, 120]]","{""trail_ladder"": [[10, 6], [20, 10], [30, 20], [40, 28], [60, 45], [80, 60], [100, 75], [150, 120]], ""ladder_first_trigger_pct"": 10, ""ladder_first_lock_pct"": 6, ""exit_profile_id"": ""SCENARIO_C_RUNNER_10_v3"", ""peak_never_loser_min_peak"": 40.0, ""peak_never_loser_floor"": 10.0, ""thesis_fast_exit_unreal_pct"": -12.0, ""thesis_mfe_protect_pct"": 2.0, ""thesis_exit_if_above_unreal_pct"": 8.0, ""thesis_min_age_sec"": 300, ""thesis_score_flip_margin"": 1, ""thesis_early_decay_delta"": 2, ""early_fail_pct_threshold"": -32.0, ""type_a_first_candle_enabled"": false, ""type_a_early_fail_enabled"": false, ""scenario_c_exit_profile"": true, ""type_a_stall_enabled"": false, ""type_a_stall_min_age_sec"": 480, ""type_a_stall_min_candles"": 3, ""type_a_stall_max_mfe_pct"": 5.0, ""trend_weakening_enabled"": false, ""spread_penalty_threshold"": 5, ""spread_penalty_margin_mult"": 0.75}",2026-06-25T14:37:10.243985+00:00,2026-06-26 00:37:10 AEST,2026-06-26 00:37:10 AEST
2026-06-25T14:43:42.927387+00:00,cont-a17750e5917c,SHORT,59711.23,59521.0,0.508011,31.86,15.0,7,4.78,4.78,0.0,0.0,-0.0,-0.0,PROFIT_LOCK_LADDER,100,1.06,62,44.0,True,SIM_LIMIT,AI_DIRECT_LIMIT,,,,,0,BEAR,SR,60-70,SPAWN,-3,-3,BEARISH_STRUCTURE,BEAR_ALIGNED,37.98,-4,3,10,0.03645,bitfinex,tBTCF0:USTF0,v11.0-genome-architecture-v1,BITFINEX_ZERO,v11.0-genome-architecture-v1,CONTINUOUS,Continuous AI Research,APPROVE,59698.0,0.038458,0.026314,FREE_RANGE,-0.010565,0.495278,580.6,0.508012,0.0,42.074163,122.097,122.097,122.097,0-5m,AI_DIRECT,AI_DIRECT_CHASE,3,,13.23,0.0,0.0,0.0,False,0.0,0.0,-0.000579,-6.2e-05,0.041614,0.00409,30.892271,0.0,0.272414,59722.0,60019.374497,60636.896715,61848.259227,-0.010184,FREE_RANGE,SHORT_PREFERRED,0.038458,0.026314,BEAR,3.0,44.0,0.0,100,3.9,True,True,APPROVE,62,"```json
{
  ""direction"": ""SHORT"",
  ""confidence"": 62,
  ""long_score"": 20,
  ""short_score"": 75,
  ""preferred_direction"": ""SHORT"",
  ""entry_zone_low"": 59800,
  ""entry_zone_high"": 60000,
  ""limit_price"": 59900,
  ""expected_mfe"": 800,
  ""expected_mae"": 400,
  ""reversal_probability"": 51,
  ""exit_style"": ""AGGRESSIVE"",
  ""reasons_for_trade"": [
    ""Multi-timeframe agreement is BEAR_ALIGNED across 15m, 1h, 4h"",
    ""Market structure bias is BEARISH_STRUCTURE with structure_score -3"",
    ""EMA stack is bearish (price below all EMAs, EMA9 below EMA21, EMA21 below EMA200)"",
    ""ADX at 37.98 indicates strong trending conditions favoring continuation"",
    ""Trend health state is BEAR with bear_score 10 vs bull_score 3"",
    ""Regime is BEAR and market_structure_shift is BEAR_CONTINUATION"",
    ""Funding rate positive (0.036% per 8h) favors shorts as longs pay"",
    ""Price is in FREE_RANGE with more room to support (2.7%) than resistance (3.8%)"",
    ""Edge score 3.9 above threshold 3.0 supports bearish bias""
  ],
  ""reasons_against_trade"": [
    ""Reversal risk score is 51 (moderate) with higher_low detected suggesting potential bounce"",
    ""Price is relatively close to support (2.7% away) increasing bounce risk"",
    ""Volume ratio is very low (0.022) indicating weak participation"",
    ""Delta is positive (30.98) showing some buying pressure"",
    ""Current regime is COMPRESSION which may precede expansion in either direction""
  ],
  ""bull_score"": 3,
  ""bear_score"": 10
}
```

**Direction:** SHORT  
**Win probability:** 62%  
**Long score:** 20  
**Short score:** 75  
**Bull score:** 3  
**Bear score:** 10  
**Decision:** APPROVE  
**Reason:** Strong bearish alignment across all trend hierarchy layers (MTF, structure, EMA, ADX, trend health) with no valid reversal confirmation. Short entry near resistance zone (59800-60000) for pullback entry above current price. The positive funding rate and bear continuation structure support short bias despite moderate reversal risk. Entry near support is a concern but bearish momentum and trend strength outweigh bounce probability.",59711.23,59521.0,MAKER,TAKER,0.025126,13.23,122.097,4.78,4.78,0.0,0.0,-0.0,-0.0,31.86,30.480766,PROFIT_LOCK_LADDER,30.892271,0.00409,-6.2e-05,0.272414,False,True,"{'price': 59722.0, 'ret_1m': 0.0, 'ret_5m': -1.6743967985533213e-05, 'ema9': 60019.37449670773, 'ema21': 60636.8967147075, 'ema200': 61848.259227085575, 'dist_to_support': 0.02631446709435353, 'dist_to_resistance': 0.03845831728111757, 'volume': 0.041613834, 'volume_ratio': 0.004090432263610088, 'delta': 30.89227097399995, 'velocity': -6.19097986354591e-05, 'imbalance': 0.2724141211361414, 'candle_range': 580.6, 'body_ratio': 0.6274529265243055, 'wick_ratio': 0.3725470734756945}",3.9,"{'early_fail_enabled': True, 'invert_signal': False, 'ai_enabled': True, 'edge_threshold': 3.0, 'edge_threshold_max': None, 'edge_range_preset': 'min_only', 'ai_threshold': 44.0, 'leverage': 100, 'pullback_threshold': 0.001}","{'ema9': 60019.37449670773, 'ema21': 60636.8967147075, 'ema200': 61848.259227085575, 'ema_spread': -0.010184, 'ema9_slope_pct': -0.8432, 'ema21_slope_pct': -0.6359, 'ema9_above_ema21': False, 'ema21_above_ema200': False}",WEAK_SETUP,3.9,3.9,False,True,INV_False_EF_True,SHORT,10,6,SCENARIO_C_RUNNER_10_v3,40.0,10.0,-12.0,2.0,8.0,300,1,2,-32.0,False,False,True,False,480,3,5.0,False,5,0.75,"[[10, 6], [20, 10], [30, 20], [40, 28], [60, 45], [80, 60], [100, 75], [150, 120]]","{""trail_ladder"": [[10, 6], [20, 10], [30, 20], [40, 28], [60, 45], [80, 60], [100, 75], [150, 120]], ""ladder_first_trigger_pct"": 10, ""ladder_first_lock_pct"": 6, ""exit_profile_id"": ""SCENARIO_C_RUNNER_10_v3"", ""peak_never_loser_min_peak"": 40.0, ""peak_never_loser_floor"": 10.0, ""thesis_fast_exit_unreal_pct"": -12.0, ""thesis_mfe_protect_pct"": 2.0, ""thesis_exit_if_above_unreal_pct"": 8.0, ""thesis_min_age_sec"": 300, ""thesis_score_flip_margin"": 1, ""thesis_early_decay_delta"": 2, ""early_fail_pct_threshold"": -32.0, ""type_a_first_candle_enabled"": false, ""type_a_early_fail_enabled"": false, ""scenario_c_exit_profile"": true, ""type_a_stall_enabled"": false, ""type_a_stall_min_age_sec"": 480, ""type_a_stall_min_candles"": 3, ""type_a_stall_max_mfe_pct"": 5.0, ""trend_weakening_enabled"": false, ""spread_penalty_threshold"": 5, ""spread_penalty_margin_mult"": 0.75}",2026-06-25T14:43:42.927387+00:00,2026-06-26 00:43:42 AEST,2026-06-26 00:43:42 AEST
2026-06-25T14:55:47.800873+00:00,cont-145e54cca4ca,SHORT,59768.5,59737.0,0.477585,5.27,15.0,7,0.79,0.79,0.0,0.0,-0.0,-0.0,PROFIT_LOCK_LADDER,100,0.18,72,44.0,True,SIM_LIMIT,AI_DIRECT_LIMIT,,,,,0,BEAR,SR,70+,SPAWN,-3,-3,BEARISH_STRUCTURE,BEAR_ALIGNED,37.64,-4,2,9,0.03779,bitfinex,tBTCF0:USTF0,v11.0-genome-architecture-v1,BITFINEX_ZERO,v11.0-genome-architecture-v1,CONTINUOUS,Continuous AI Research,APPROVE,59614.0,0.039921,0.024943,FREE_RANGE,-0.009963,1.0,521.8,0.477585,-0.250968,10.122389,87.26,87.26,87.26,0-5m,AI_DIRECT,AI_DIRECT_CHASE,1,,154.5,0.0,0.0,0.0,False,0.0,0.0,-0.000565,5e-06,0.0027,4.950047,28.602842,0.0,0.19653,59630.0,59926.779597,60536.815195,61824.128732,-0.010077,FREE_RANGE,SHORT_PREFERRED,0.039921,0.024943,BEAR,3.0,44.0,0.0,100,4.4,True,True,APPROVE,72,"```json
{
  ""direction"": ""SHORT"",
  ""confidence"": 72,
  ""long_score"": 18,
  ""short_score"": 82,
  ""preferred_direction"": ""SHORT"",
  ""entry_zone_low"": 59750,
  ""entry_zone_high"": 59900,
  ""limit_price"": 59825,
  ""expected_mfe"": 850,
  ""expected_mae"": 350,
  ""reversal_probability"": 51,
  ""exit_style"": ""PATIENT"",
  ""reasons_for_trade"": [
    ""BEAR_ALIGNED multi-timeframe agreement (15m, 1h, 4h all bearish)"",
    ""Bearish structure with LL sequence and structure_score -3"",
    ""EMA stack bearish (price below all EMAs, EMA9 below EMA21 below EMA200)"",
    ""ADX 37.64 (>25) confirms strong trending conditions favoring continuation"",
    ""Trend health bear_score 10 vs bull_score 3, intact bearish momentum"",
    ""Funding positive (0.03756% per 8h) with longs paying shorts, consistent with bearish sentiment"",
    ""Volume ratio low (0.16) suggests lack of buying pressure on bounces"",
    ""Price in COMPRESSION regime after TRENDING phase, potential for expansion downward"",
    ""Edge_score 4.4 above threshold 3.0 supports trade quality""
  ],
  ""reasons_against_trade"": [
    ""Price near micro support (58130) at 2.5% distance, bounce risk increases"",
    ""Reversal risk score 51 indicates moderate reversal probability"",
    ""Higher low detected on micro structure could signal weakening momentum"",
    ""Low volume ratio may precede indecision or reversal"",
    ""Delta positive (28.6) shows some buying pressure at current levels""
  ],
  ""bull_score"": 2,
  ""bear_score"": 9
}
```

**Direction: SHORT**  
**Win probability: 72%**  
**Long score: 18**  
**Short score: 82**  
**Bull score: 2**  
**Bear score: 9**  
**Decision: APPROVE**  
**Reason:** Strong bearish alignment across all trend hierarchy layers (MTF, structure, EMA, ADX) with no valid reversal confirmation. Short entry near resistance zone (59825) allows for continuation toward support at 58130. The positive funding and low volume ratio further support bearish bias. While near support, the trend strength and structure favor continuation over reversal. Entry is above current price (pullback to resistance) as required for SHORT limit orders.",59768.5,59737.0,MAKER,TAKER,0.025162,154.5,87.26,0.79,0.79,0.0,0.0,-0.0,-0.0,5.27,28.655149,PROFIT_LOCK_LADDER,28.602842,4.950047,5e-06,0.19653,False,True,"{'price': 59630.0, 'ret_1m': 0.00021805860744418537, 'ret_5m': -0.0006368572769323591, 'ema9': 59926.779597366185, 'ema21': 60536.815195198906, 'ema200': 61824.12873194455, 'dist_to_support': 0.024942549943807974, 'dist_to_resistance': 0.039921498901320095, 'volume': 0.0027, 'volume_ratio': 4.950046604688784, 'delta': 28.602841830000123, 'velocity': 5.042752170336635e-06, 'imbalance': 0.19653046017571557, 'candle_range': 521.8, 'body_ratio': 0.6889309139456892, 'wick_ratio': 0.31106908605431083}",4.4,"{'early_fail_enabled': True, 'invert_signal': False, 'ai_enabled': True, 'edge_threshold': 3.0, 'edge_threshold_max': None, 'edge_range_preset': 'min_only', 'ai_threshold': 44.0, 'leverage': 100, 'pullback_threshold': 0.001}","{'ema9': 59926.779597366185, 'ema21': 60536.815195198906, 'ema200': 61824.12873194455, 'ema_spread': -0.010077, 'ema9_slope_pct': -0.5803, 'ema21_slope_pct': -0.539, 'ema9_above_ema21': False, 'ema21_above_ema200': False}",MOMENTUM_LONG,4.4,4.4,False,True,INV_False_EF_True,SHORT,10,6,SCENARIO_C_RUNNER_10_v3,40.0,10.0,-12.0,2.0,8.0,300,1,2,-32.0,False,False,True,False,480,3,5.0,False,5,0.75,"[[10, 6], [20, 10], [30, 20], [40, 28], [60, 45], [80, 60], [100, 75], [150, 120]]","{""trail_ladder"": [[10, 6], [20, 10], [30, 20], [40, 28], [60, 45], [80, 60], [100, 75], [150, 120]], ""ladder_first_trigger_pct"": 10, ""ladder_first_lock_pct"": 6, ""exit_profile_id"": ""SCENARIO_C_RUNNER_10_v3"", ""peak_never_loser_min_peak"": 40.0, ""peak_never_loser_floor"": 10.0, ""thesis_fast_exit_unreal_pct"": -12.0, ""thesis_mfe_protect_pct"": 2.0, ""thesis_exit_if_above_unreal_pct"": 8.0, ""thesis_min_age_sec"": 300, ""thesis_score_flip_margin"": 1, ""thesis_early_decay_delta"": 2, ""early_fail_pct_threshold"": -32.0, ""type_a_first_candle_enabled"": false, ""type_a_early_fail_enabled"": false, ""scenario_c_exit_profile"": true, ""type_a_stall_enabled"": false, ""type_a_stall_min_age_sec"": 480, ""type_a_stall_min_candles"": 3, ""type_a_stall_max_mfe_pct"": 5.0, ""trend_weakening_enabled"": false, ""spread_penalty_threshold"": 5, ""spread_penalty_margin_mult"": 0.75}",2026-06-25T14:55:47.800873+00:00,2026-06-26 00:55:47 AEST,2026-06-26 00:55:47 AEST
2026-06-25T15:09:44.371483+00:00,cont-cdf186b32347,SHORT,59364.25,59340.0,1.546818,4.1,15.0,7,0.61,0.61,0.0,0.0,-0.0,-0.0,PROFIT_LOCK_LADDER,100,0.14,72,44.0,True,SIM_LIMIT,AI_DIRECT_LIMIT,,,,,0,BEAR,SR,70+,SPAWN,-3,-3,BEARISH_STRUCTURE,BEAR_ALIGNED,37.71,-4,2,9,0.03936,bitfinex,tBTCF0:USTF0,v11.0-genome-architecture-v1,BITFINEX_ZERO,v11.0-genome-architecture-v1,CONTINUOUS,Continuous AI Research,APPROVE,59268.0,0.045974,0.019267,FREE_RANGE,-0.010586,1.0,499.0,1.546819,-11.028523,11.159915,89.182,89.182,89.182,0-5m,AI_DIRECT,AI_DIRECT_CHASE,2,,96.25,0.0,0.0,0.0,False,0.0,0.0,-0.001902,-2.5e-05,0.056007,0.003463,-1.822927,0.0,0.009929,59256.0,59775.023678,60410.096458,61795.936973,-0.010513,FREE_RANGE,SHORT_PREFERRED,0.045974,0.019267,BEAR,3.0,44.0,0.0,100,4.6,True,True,APPROVE,72,"```json
{
  ""direction"": ""SHORT"",
  ""confidence"": 72,
  ""long_score"": 18,
  ""short_score"": 82,
  ""preferred_direction"": ""SHORT"",
  ""entry_zone_low"": 59350,
  ""entry_zone_high"": 59500,
  ""limit_price"": 59425,
  ""expected_mfe"": 450,
  ""expected_mae"": 250,
  ""reversal_probability"": 63,
  ""exit_style"": ""AGGRESSIVE"",
  ""reasons_for_trade"": [
    ""BEAR_ALIGNED multi-timeframe agreement (15m, 1h, 4h all bearish)"",
    ""Bearish EMA stack (price below all EMAs, EMA9 below EMA21 below EMA200)"",
    ""ADX 37.71 > 25 indicating strong trending conditions favoring continuation"",
    ""Bearish structure with LL sequence and structure_score -3"",
    ""Trend health bear_score 10 vs bull_score 3, intact bearish momentum"",
    ""Negative delta (-1.86) and low volume ratio (0.09) suggesting weak buying interest"",
    ""Funding positive (0.039% per 8h) favoring shorts, longs paying"",
    ""Price in FREE_RANGE but closer to support (1.87%) than resistance (4.66%) - short entry near support requires strong continuation evidence which exists""
  ],
  ""reasons_against_trade"": [
    ""Reversal risk score 63 indicates moderate reversal probability near micro support"",
    ""Higher low detected (HL) could signal potential bottom formation"",
    ""Price near micro support (58130) increases bounce risk for short entries"",
    ""Compression regime may precede expansion in either direction"",
    ""Low volume ratio suggests lack of aggressive selling at current levels""
  ],
  ""bull_score"": 2,
  ""bear_score"": 9
}
```",59364.25,59340.0,MAKER,TAKER,0.025309,96.25,89.182,0.61,0.61,0.0,0.0,-0.0,-0.0,4.1,92.809194,PROFIT_LOCK_LADDER,-1.822927,0.003463,-2.5e-05,0.009929,False,True,"{'price': 59256.0, 'ret_1m': -0.0002868084962799251, 'ret_5m': 0.00030385900941962927, 'ema9': 59775.023677892954, 'ema21': 60410.09645845121, 'ema200': 61795.93697259221, 'dist_to_support': 0.01926710757187205, 'dist_to_resistance': 0.04597449048454582, 'volume': 0.056006584000000005, 'volume_ratio': 0.003463095965732274, 'delta': -1.8229271559998395, 'velocity': -2.5253785085709324e-05, 'imbalance': 0.009929338223112014, 'candle_range': 499.0, 'body_ratio': 0.7337970324360962, 'wick_ratio': 0.2662029675639039}",4.6,"{'early_fail_enabled': True, 'invert_signal': False, 'ai_enabled': True, 'edge_threshold': 3.0, 'edge_threshold_max': None, 'edge_range_preset': 'min_only', 'ai_threshold': 44.0, 'leverage': 100, 'pullback_threshold': 0.001}","{'ema9': 59775.023677892954, 'ema21': 60410.09645845121, 'ema200': 61795.93697259221, 'ema_spread': -0.010513, 'ema9_slope_pct': -0.5332, 'ema21_slope_pct': -0.5253, 'ema9_above_ema21': False, 'ema21_above_ema200': False}",MOMENTUM_SHORT,4.6,4.6,False,True,INV_False_EF_True,SHORT,10,6,SCENARIO_C_RUNNER_10_v3,40.0,10.0,-12.0,2.0,8.0,300,1,2,-32.0,False,False,True,False,480,3,5.0,False,5,0.75,"[[10, 6], [20, 10], [30, 20], [40, 28], [60, 45], [80, 60], [100, 75], [150, 120]]","{""trail_ladder"": [[10, 6], [20, 10], [30, 20], [40, 28], [60, 45], [80, 60], [100, 75], [150, 120]], ""ladder_first_trigger_pct"": 10, ""ladder_first_lock_pct"": 6, ""exit_profile_id"": ""SCENARIO_C_RUNNER_10_v3"", ""peak_never_loser_min_peak"": 40.0, ""peak_never_loser_floor"": 10.0, ""thesis_fast_exit_unreal_pct"": -12.0, ""thesis_mfe_protect_pct"": 2.0, ""thesis_exit_if_above_unreal_pct"": 8.0, ""thesis_min_age_sec"": 300, ""thesis_score_flip_margin"": 1, ""thesis_early_decay_delta"": 2, ""early_fail_pct_threshold"": -32.0, ""type_a_first_candle_enabled"": false, ""type_a_early_fail_enabled"": false, ""scenario_c_exit_profile"": true, ""type_a_stall_enabled"": false, ""type_a_stall_min_age_sec"": 480, ""type_a_stall_min_candles"": 3, ""type_a_stall_max_mfe_pct"": 5.0, ""trend_weakening_enabled"": false, ""spread_penalty_threshold"": 5, ""spread_penalty_margin_mult"": 0.75}",2026-06-25T15:09:44.371483+00:00,2026-06-26 01:09:44 AEST,2026-06-26 01:09:44 AEST
2026-06-25T15:12:20.440436+00:00,cont-8f2a523e014a,SHORT,59308.22,59245.0,0.307617,10.66,15.0,6,1.6,1.6,0.0,0.0,-0.0,-0.0,PROFIT_LOCK_LADDER,100,0.36,68,44.0,True,SIM_LIMIT,AI_DIRECT_LIMIT,,,,,0,BEAR,SR,60-70,SPAWN,-3,-3,BEARISH_STRUCTURE,BEAR_ALIGNED,37.71,-4,2,8,0.03967,bitfinex,tBTCF0:USTF0,v11.0-genome-architecture-v1,BITFINEX_ZERO,v11.0-genome-architecture-v1,CONTINUOUS,Continuous AI Research,APPROVE,59334.0,0.045022,0.02016,FREE_RANGE,-0.010759,1.0,0.0,0.307618,0.0,20.94482,121.005,121.005,121.005,0-5m,AI_DIRECT,AI_DIRECT_CHASE,3,,25.78,0.0,0.0,0.0,False,0.0,0.0,-0.00038,0.000135,0.000479,0.030505,-2.194265,0.000479,0.011913,59334.0,59767.023678,60406.460095,61795.538963,-0.010586,FREE_RANGE,SHORT_PREFERRED,0.045022,0.02016,BEAR,3.0,44.0,0.0,100,4.8,True,True,APPROVE,68,"```json
{
  ""direction"": ""SHORT"",
  ""confidence"": 68,
  ""long_score"": 18,
  ""short_score"": 82,
  ""preferred_direction"": ""SHORT"",
  ""entry_zone_low"": 59350,
  ""entry_zone_high"": 59500,
  ""limit_price"": 59425,
  ""expected_mfe"": 450,
  ""expected_mae"": 250,
  ""reversal_probability"": 37,
  ""exit_style"": ""AGGRESSIVE"",
  ""reasons_for_trade"": [
    ""BEAR_ALIGNED multi-timeframe agreement (15m, 1h, 4h all bearish)"",
    ""Bearish EMA stack (price below EMA9, EMA21, EMA200; EMA9 below EMA21, EMA21 below EMA200)"",
    ""ADX 37.71 (>25) confirms strong trending market favoring continuation"",
    ""Bearish structure score -3 with LL sequence and no HH/HL sequence"",
    ""Trend health state BEAR with bear_score 10 vs bull_score 3"",
    ""Negative delta (-2.14) and low volume ratio (0.0067) suggest weak buying pressure"",
    ""Funding positive (0.039% per 8h) favors shorts, longs paying"",
    ""Price in COMPRESSION regime after recent TRENDING move down - potential breakout continuation""
  ],
  ""reasons_against_trade"": [
    ""Price near micro support (58130) with only 2% distance - bounce risk if support holds"",
    ""Higher low detected (HL) could indicate micro reversal forming"",
    ""Reversal risk score 63 suggests moderate reversal probability"",
    ""Low volume ratio may indicate lack of conviction in current move"",
    ""Edge score 4.8 above threshold but not extreme""
  ],
  ""bull_score"": 2,
  ""bear_score"": 8
}
```",59308.22,59245.0,MAKER,TAKER,0.025281,25.78,121.005,1.6,1.6,0.0,0.0,-0.0,-0.0,10.66,18.457111,PROFIT_LOCK_LADDER,-2.194265,0.030505,0.000135,0.011913,False,True,"{'velocity': 0.00013484812729663216, 'volume': 0.00047869, 'volume_ratio': 0.030504767911347094, 'delta': -2.1942647599998395, 'imbalance': 0.011913088921906748, 'delta_change': 0.0004786899999942307}",4.8,"{'early_fail_enabled': True, 'invert_signal': False, 'ai_enabled': True, 'edge_threshold': 3.0, 'edge_threshold_max': None, 'edge_range_preset': 'min_only', 'ai_threshold': 44.0, 'leverage': 100, 'pullback_threshold': 0.001}","{'ema9': 59767.023677892954, 'ema21': 60406.46009481484, 'ema200': 61795.53896264196, 'ema_spread': -0.010586, 'ema9_slope_pct': -0.5465, 'ema21_slope_pct': -0.5313, 'ema9_above_ema21': False, 'ema21_above_ema200': False}",WEAK_SETUP,4.8,4.8,False,True,INV_False_EF_True,SHORT,10,6,SCENARIO_C_RUNNER_10_v3,40.0,10.0,-12.0,2.0,8.0,300,1,2,-32.0,False,False,True,False,480,3,5.0,False,5,0.75,"[[10, 6], [20, 10], [30, 20], [40, 28], [60, 45], [80, 60], [100, 75], [150, 120]]","{""trail_ladder"": [[10, 6], [20, 10], [30, 20], [40, 28], [60, 45], [80, 60], [100, 75], [150, 120]], ""ladder_first_trigger_pct"": 10, ""ladder_first_lock_pct"": 6, ""exit_profile_id"": ""SCENARIO_C_RUNNER_10_v3"", ""peak_never_loser_min_peak"": 40.0, ""peak_never_loser_floor"": 10.0, ""thesis_fast_exit_unreal_pct"": -12.0, ""thesis_mfe_protect_pct"": 2.0, ""thesis_exit_if_above_unreal_pct"": 8.0, ""thesis_min_age_sec"": 300, ""thesis_score_flip_margin"": 1, ""thesis_early_decay_delta"": 2, ""early_fail_pct_threshold"": -32.0, ""type_a_first_candle_enabled"": false, ""type_a_early_fail_enabled"": false, ""scenario_c_exit_profile"": true, ""type_a_stall_enabled"": false, ""type_a_stall_min_age_sec"": 480, ""type_a_stall_min_candles"": 3, ""type_a_stall_max_mfe_pct"": 5.0, ""trend_weakening_enabled"": false, ""spread_penalty_threshold"": 5, ""spread_penalty_margin_mult"": 0.75}",2026-06-25T15:12:20.440436+00:00,2026-06-26 01:12:20 AEST,2026-06-26 01:12:20 AEST
2026-06-25T15:22:23.232211+00:00,cont-cb688304ba07,SHORT,59325.38,59304.96,0.348339,3.44,15.0,6,0.52,0.52,0.0,0.0,-0.0,-0.0,PROFIT_LOCK_LADDER,100,0.11,72,44.0,True,SIM_LIMIT,AI_DIRECT_LIMIT,,,,,0,BEAR,SR,70+,SPAWN,-3,-3,BEARISH_STRUCTURE,BEAR_ALIGNED,37.98,-4,2,8,0.04071,bitfinex,tBTCF0:USTF0,v11.0-genome-architecture-v1,BITFINEX_ZERO,v11.0-genome-architecture-v1,CONTINUOUS,Continuous AI Research,APPROVE,59292.0,0.045622,0.019598,FREE_RANGE,-0.010975,1.0,481.2,0.348339,-7.521233,11.020578,85.816,85.816,85.816,0-5m,AI_DIRECT,AI_DIRECT_CHASE,2,,33.38,0.0,0.1761,0.1761,False,0.0,0.0,-0.000443,9.3e-05,0.001093,0.006375,6.606272,0.0,0.031642,59292.0,59615.538942,60277.211656,61765.709788,-0.010977,FREE_RANGE,SHORT_PREFERRED,0.045622,0.019598,BEAR,3.0,44.0,0.0,100,4.5,True,True,APPROVE,72,"```json
{
  ""direction"": ""SHORT"",
  ""confidence"": 72,
  ""long_score"": 18,
  ""short_score"": 82,
  ""preferred_direction"": ""SHORT"",
  ""entry_zone_low"": 59300,
  ""entry_zone_high"": 59450,
  ""limit_price"": 59375,
  ""expected_mfe"": 450,
  ""expected_mae"": 250,
  ""reversal_probability"": 29,
  ""exit_style"": ""AGGRESSIVE"",
  ""reasons_for_trade"": [
    ""BEAR_ALIGNED multi-timeframe agreement (15m, 1h, 4h all bearish)"",
    ""Bearish market structure with LL/HL sequence and structure_score -3"",
    ""Bearish EMA stack (price below EMA9, EMA21, EMA200; EMA9 below EMA21 below EMA200)"",
    ""ADX 37.98 (>25) indicating strong trending conditions favoring continuation"",
    ""Trend health state BEAR with bear_score 10 vs bull_score 3"",
    ""Market structure shift labeled BEAR_CONTINUATION"",
    ""Funding rate positive (0.04049% per 8h) favoring shorts"",
    ""Price near micro resistance (60512) after rejection, currently mid-range with compression regime""
  ],
  ""reasons_against_trade"": [
    ""Price near support (dist_to_support 1.87%) - bounce risk if support holds"",
    ""Higher low detected (micro structure) could indicate weakening bear momentum"",
    ""Reversal risk score 71 suggests some probability of mean reversion"",
    ""Volume ratio very low (0.04) - lack of conviction in current move"",
    ""Compression regime may precede expansion in either direction""
  ],
  ""bull_score"": 2,
  ""bear_score"": 8
}
```",59325.38,59304.96,MAKER,TAKER,0.025299,33.38,85.816,0.52,0.52,0.0,0.0,-0.0,-0.0,3.44,20.900399,PROFIT_LOCK_LADDER,6.606272,0.006375,9.3e-05,0.031642,False,True,"{'price': 59292.0, 'ret_1m': 0.00032055067231285747, 'ret_5m': 0.0002193019450395587, 'ema9': 59615.53894231437, 'ema21': 60277.21165645083, 'ema200': 61765.70978795995, 'dist_to_support': 0.019597922148013223, 'dist_to_resistance': 0.045621669027862105, 'volume': 0.001092924, 'volume_ratio': 0.006374868266123879, 'delta': 6.60627202500024, 'velocity': 9.281798137536037e-05, 'imbalance': 0.03164180968192859, 'candle_range': 481.2, 'body_ratio': 0.7093879415270051, 'wick_ratio': 0.2906120584729948}",4.5,"{'early_fail_enabled': True, 'invert_signal': False, 'ai_enabled': True, 'edge_threshold': 3.0, 'edge_threshold_max': None, 'edge_range_preset': 'min_only', 'ai_threshold': 44.0, 'leverage': 100, 'pullback_threshold': 0.001}","{'ema9': 59615.53894231437, 'ema21': 60277.21165645083, 'ema200': 61765.70978795995, 'ema_spread': -0.010977, 'ema9_slope_pct': -0.6109, 'ema21_slope_pct': -0.5653, 'ema9_above_ema21': False, 'ema21_above_ema200': False}",MOMENTUM_LONG,4.5,4.5,False,True,INV_False_EF_True,SHORT,10,6,SCENARIO_C_RUNNER_10_v3,40.0,10.0,-12.0,2.0,8.0,300,1,2,-32.0,False,False,True,False,480,3,5.0,False,5,0.75,"[[10, 6], [20, 10], [30, 20], [40, 28], [60, 45], [80, 60], [100, 75], [150, 120]]","{""trail_ladder"": [[10, 6], [20, 10], [30, 20], [40, 28], [60, 45], [80, 60], [100, 75], [150, 120]], ""ladder_first_trigger_pct"": 10, ""ladder_first_lock_pct"": 6, ""exit_profile_id"": ""SCENARIO_C_RUNNER_10_v3"", ""peak_never_loser_min_peak"": 40.0, ""peak_never_loser_floor"": 10.0, ""thesis_fast_exit_unreal_pct"": -12.0, ""thesis_mfe_protect_pct"": 2.0, ""thesis_exit_if_above_unreal_pct"": 8.0, ""thesis_min_age_sec"": 300, ""thesis_score_flip_margin"": 1, ""thesis_early_decay_delta"": 2, ""early_fail_pct_threshold"": -32.0, ""type_a_first_candle_enabled"": false, ""type_a_early_fail_enabled"": false, ""scenario_c_exit_profile"": true, ""type_a_stall_enabled"": false, ""type_a_stall_min_age_sec"": 480, ""type_a_stall_min_candles"": 3, ""type_a_stall_max_mfe_pct"": 5.0, ""trend_weakening_enabled"": false, ""spread_penalty_threshold"": 5, ""spread_penalty_margin_mult"": 0.75}",2026-06-25T15:22:23.232211+00:00,2026-06-26 01:22:23 AEST,2026-06-26 01:22:23 AEST
2026-06-25T15:25:21.138870+00:00,cont-628a6dfcff6d,SHORT,59361.75,59351.0,0.890479,1.82,15.0,6,0.27,0.27,0.0,0.0,-0.0,-0.0,PROFIT_LOCK_LADDER,100,0.06,68,44.0,True,SIM_LIMIT,AI_DIRECT_LIMIT,,,,,0,BEAR,SR,60-70,SPAWN,-3,-3,BEARISH_STRUCTURE,BEAR_ALIGNED,37.98,-4,2,8,0.04106,bitfinex,tBTCF0:USTF0,v11.0-genome-architecture-v1,BITFINEX_ZERO,v11.0-genome-architecture-v1,CONTINUOUS,Continuous AI Research,APPROVE,59262.0,0.045516,0.019697,FREE_RANGE,-0.010654,1.0,481.2,0.890481,-9.30734,10.233863,43.347,43.347,43.347,0-5m,AI_DIRECT,AI_DIRECT_CHASE,1,,99.75,0.0,0.0,0.0,False,0.0,0.0,-0.001144,9.8e-05,0.005037,1e-06,6.610755,0.0,0.031514,59298.0,59629.538942,60283.575293,61766.406305,-0.010849,FREE_RANGE,SHORT_PREFERRED,0.045516,0.019697,BEAR,3.0,44.0,0.0,100,3.8,True,True,APPROVE,68,"```json
{
  ""direction"": ""SHORT"",
  ""confidence"": 68,
  ""long_score"": 18,
  ""short_score"": 82,
  ""preferred_direction"": ""SHORT"",
  ""entry_zone_low"": 59300,
  ""entry_zone_high"": 59500,
  ""limit_price"": 59400,
  ""expected_mfe"": 400,
  ""expected_mae"": 250,
  ""reversal_probability"": 29,
  ""exit_style"": ""AGGRESSIVE"",
  ""reasons_for_trade"": [
    ""BEAR_ALIGNED multi-timeframe agreement (15m, 1h, 4h all bearish)"",
    ""Bearish market structure with structure_score -3 and BEARISH_STRUCTURE bias"",
    ""EMA stack bearish (price below EMA9, EMA21, EMA200; EMA9 below EMA21, EMA21 below EMA200)"",
    ""ADX 37.98 > 25 indicating strong trending conditions favoring continuation"",
    ""Trend health state BEAR with bear_score 10 vs bull_score 3"",
    ""Market structure shift labeled BEAR_CONTINUATION"",
    ""Regime COMPRESSION after recent TRENDING phase suggests potential breakout continuation downward"",
    ""Funding rate positive (0.04094% per 8h) favoring shorts, longs paying"",
    ""Price near micro support (58130) but not yet at it - room for further decline before bounce risk increases""
  ],
  ""reasons_against_trade"": [
    ""Price near support (1.97% above recent low) - short entry near support has reduced expectancy without strong continuation"",
    ""Reversal risk score 71 indicates elevated probability of bounce from current levels"",
    ""Higher low detected (micro structure) could signal weakening bear momentum"",
    ""Volume ratio very low (1.28e-6) suggesting lack of aggressive selling participation"",
    ""Candle range relatively narrow (481.2) with compression regime - may be coiling for either direction""
  ],
  ""bull_score"": 2,
  ""bear_score"": 8
}
```",59361.75,59351.0,MAKER,TAKER,0.025311,99.75,43.347,0.27,0.27,0.0,0.0,-0.0,-0.0,1.82,53.428898,PROFIT_LOCK_LADDER,6.610755,1e-06,9.8e-05,0.031514,False,True,"{'price': 59298.0, 'ret_1m': 0.0, 'ret_5m': 0.000641241984475194, 'ema9': 59629.53894231437, 'ema21': 60283.575292814465, 'ema200': 61766.40630537289, 'dist_to_support': 0.019697123005834937, 'dist_to_resistance': 0.04551586900064083, 'volume': 0.005037412999999999, 'volume_ratio': 1.2765870638888166e-06, 'delta': 6.610754746000252, 'velocity': 9.79393959401259e-05, 'imbalance': 0.03151397525799464, 'candle_range': 481.2, 'body_ratio': 0.7093879415270051, 'wick_ratio': 0.2906120584729948}",3.8,"{'early_fail_enabled': True, 'invert_signal': False, 'ai_enabled': True, 'edge_threshold': 3.0, 'edge_threshold_max': None, 'edge_range_preset': 'min_only', 'ai_threshold': 44.0, 'leverage': 100, 'pullback_threshold': 0.001}","{'ema9': 59629.53894231437, 'ema21': 60283.575292814465, 'ema200': 61766.40630537289, 'ema_spread': -0.010849, 'ema9_slope_pct': -0.5876, 'ema21_slope_pct': -0.5548, 'ema9_above_ema21': False, 'ema21_above_ema200': False}",MOMENTUM_LONG,3.8,3.8,False,True,INV_False_EF_True,SHORT,10,6,SCENARIO_C_RUNNER_10_v3,40.0,10.0,-12.0,2.0,8.0,300,1,2,-32.0,False,False,True,False,480,3,5.0,False,5,0.75,"[[10, 6], [20, 10], [30, 20], [40, 28], [60, 45], [80, 60], [100, 75], [150, 120]]","{""trail_ladder"": [[10, 6], [20, 10], [30, 20], [40, 28], [60, 45], [80, 60], [100, 75], [150, 120]], ""ladder_first_trigger_pct"": 10, ""ladder_first_lock_pct"": 6, ""exit_profile_id"": ""SCENARIO_C_RUNNER_10_v3"", ""peak_never_loser_min_peak"": 40.0, ""peak_never_loser_floor"": 10.0, ""thesis_fast_exit_unreal_pct"": -12.0, ""thesis_mfe_protect_pct"": 2.0, ""thesis_exit_if_above_unreal_pct"": 8.0, ""thesis_min_age_sec"": 300, ""thesis_score_flip_margin"": 1, ""thesis_early_decay_delta"": 2, ""early_fail_pct_threshold"": -32.0, ""type_a_first_candle_enabled"": false, ""type_a_early_fail_enabled"": false, ""scenario_c_exit_profile"": true, ""type_a_stall_enabled"": false, ""type_a_stall_min_age_sec"": 480, ""type_a_stall_min_candles"": 3, ""type_a_stall_max_mfe_pct"": 5.0, ""trend_weakening_enabled"": false, ""spread_penalty_threshold"": 5, ""spread_penalty_margin_mult"": 0.75}",2026-06-25T15:25:21.138870+00:00,2026-06-26 01:25:21 AEST,2026-06-26 01:25:21 AEST
2026-06-25T15:32:01.890542+00:00,cont-3ed1c517c6b3,SHORT,59344.88,59310.0,0.194149,5.88,15.0,7,0.88,0.88,0.0,0.0,-0.0,-0.0,PROFIT_LOCK_LADDER,100,0.2,62,44.0,True,SIM_LIMIT,AI_DIRECT_LIMIT,,,,,0,BEAR,SR,60-70,SPAWN,-3,-3,BEARISH_STRUCTURE,BEAR_ALIGNED,37.98,-4,3,10,0.04186,bitfinex,tBTCF0:USTF0,v11.0-genome-architecture-v1,BITFINEX_ZERO,v11.0-genome-architecture-v1,CONTINUOUS,Continuous AI Research,APPROVE,59341.0,0.044758,0.020407,FREE_RANGE,-0.010431,0.283433,481.2,0.19415,0.0,14.639848,64.942,64.942,64.942,0-5m,AI_DIRECT,AI_DIRECT_CHASE,2,,3.88,0.0,0.0,0.0,False,0.0,0.0,-0.000254,3.5e-05,0.004648,0.162189,2.874522,0.0,0.01332,59341.0,59635.738942,60286.393475,61766.714763,-0.010793,FREE_RANGE,SHORT_PREFERRED,0.044758,0.020407,BEAR,3.0,44.0,0.0,100,3.8,True,True,APPROVE,62,"```json
{
  ""direction"": ""SHORT"",
  ""confidence"": 62,
  ""long_score"": 25,
  ""short_score"": 75,
  ""preferred_direction"": ""SHORT"",
  ""entry_zone_low"": 59300,
  ""entry_zone_high"": 59500,
  ""limit_price"": 59400,
  ""expected_mfe"": 400,
  ""expected_mae"": 200,
  ""reversal_probability"": 33,
  ""exit_style"": ""AGGRESSIVE"",
  ""reasons_for_trade"": [
    ""BEAR_ALIGNED multi-timeframe agreement across 15m, 1h, 4h"",
    ""Bearish structure with structure_score -3 and BEAR_CONTINUATION shift"",
    ""EMA stack bearish (price below all EMAs, EMA9 below EMA21, EMA21 below EMA200)"",
    ""ADX 37.98 (>25) confirms strong trending conditions favoring continuation"",
    ""Trend health bear_score 10 vs bull_score 3, strong bear dominance"",
    ""Funding positive (0.04163% per 8h) favors shorts as longs pay"",
    ""Price near micro support (58130) but no reversal confirmation - continuation more likely"",
    ""Volume ratio slightly above 1.0 supports bearish momentum""
  ],
  ""reasons_against_trade"": [
    ""Price is close to micro support (1.94% away), increasing bounce risk"",
    ""Reversal risk score 33 suggests some probability of mean reversion"",
    ""Delta positive (2.9) shows some buying pressure at current levels"",
    ""Edge score only 3.8, just above threshold - not a high-conviction setup"",
    ""Short entry near support historically has reduced expectancy without strong continuation""
  ],
  ""bull_score"": 3,
  ""bear_score"": 10
}
```",59344.88,59310.0,MAKER,TAKER,0.025278,3.88,64.942,0.88,0.88,0.0,0.0,-0.0,-0.0,5.88,11.649,PROFIT_LOCK_LADDER,2.874522,0.162189,3.5e-05,0.01332,False,True,"{'price': 59341.0, 'ret_1m': 0.0, 'ret_5m': 5.059277872405012e-05, 'ema9': 59635.73894231437, 'ema21': 60286.39347463265, 'ema200': 61766.71476308433, 'dist_to_support': 0.020407475438566927, 'dist_to_resistance': 0.04475826157294282, 'volume': 0.004647869000000001, 'volume_ratio': 0.16218867518873004, 'delta': 2.874521804000183, 'velocity': 3.5429087004087266e-05, 'imbalance': 0.01331998405661781, 'candle_range': 481.2, 'body_ratio': 0.7093879415270051, 'wick_ratio': 0.2906120584729948}",3.4,"{'early_fail_enabled': True, 'invert_signal': False, 'ai_enabled': True, 'edge_threshold': 3.0, 'edge_threshold_max': None, 'edge_range_preset': 'min_only', 'ai_threshold': 44.0, 'leverage': 100, 'pullback_threshold': 0.001}","{'ema9': 59635.73894231437, 'ema21': 60286.39347463265, 'ema200': 61766.71476308433, 'ema_spread': -0.010793, 'ema9_slope_pct': -0.5772, 'ema21_slope_pct': -0.5502, 'ema9_above_ema21': False, 'ema21_above_ema200': False}",MOMENTUM_LONG,3.4,3.4,False,True,INV_False_EF_True,SHORT,10,6,SCENARIO_C_RUNNER_10_v3,40.0,10.0,-12.0,2.0,8.0,300,1,2,-32.0,False,False,True,False,480,3,5.0,False,5,0.75,"[[10, 6], [20, 10], [30, 20], [40, 28], [60, 45], [80, 60], [100, 75], [150, 120]]","{""trail_ladder"": [[10, 6], [20, 10], [30, 20], [40, 28], [60, 45], [80, 60], [100, 75], [150, 120]], ""ladder_first_trigger_pct"": 10, ""ladder_first_lock_pct"": 6, ""exit_profile_id"": ""SCENARIO_C_RUNNER_10_v3"", ""peak_never_loser_min_peak"": 40.0, ""peak_never_loser_floor"": 10.0, ""thesis_fast_exit_unreal_pct"": -12.0, ""thesis_mfe_protect_pct"": 2.0, ""thesis_exit_if_above_unreal_pct"": 8.0, ""thesis_min_age_sec"": 300, ""thesis_score_flip_margin"": 1, ""thesis_early_decay_delta"": 2, ""early_fail_pct_threshold"": -32.0, ""type_a_first_candle_enabled"": false, ""type_a_early_fail_enabled"": false, ""scenario_c_exit_profile"": true, ""type_a_stall_enabled"": false, ""type_a_stall_min_age_sec"": 480, ""type_a_stall_min_candles"": 3, ""type_a_stall_max_mfe_pct"": 5.0, ""trend_weakening_enabled"": false, ""spread_penalty_threshold"": 5, ""spread_penalty_margin_mult"": 0.75}",2026-06-25T15:32:01.890542+00:00,2026-06-26 01:32:01 AEST,2026-06-26 01:32:01 AEST
2026-06-25T15:36:24.452126+00:00,cont-02f925cda78d,SHORT,59300.0,59455.0,2.572252,-26.12,15.0,6,-3.92,-3.92,0.0,0.0,-0.0,-0.0,EARLY_FAIL,100,0.87,68,44.0,True,SIM_LIMIT,AI_DIRECT_LIMIT,,,,,0,BEAR,SR,60-70,SPAWN,-3,-3,BEARISH_STRUCTURE,BEAR_ALIGNED,38.23,-4,2,8,0.04233,bitfinex,tBTCF0:USTF0,v11.0-genome-architecture-v1,BITFINEX_ZERO,v11.0-genome-architecture-v1,CONTINUOUS,Continuous AI Research,APPROVE,59230.0,0.046716,0.018572,FREE_RANGE,-0.010322,0.911546,470.8,2.572253,-32.715008,7.588533,25.407,25.407,25.407,0-5m,AI_DIRECT,AI_DIRECT_CHASE,1,,70.0,0.0,0.0,0.0,False,0.0,0.0,-0.003395,7.4e-05,0.009778,3.654437,2.753804,0.0,0.012734,59267.0,59559.751154,60192.713076,61739.858769,-0.010516,FREE_RANGE,SHORT_PREFERRED,0.046716,0.018572,BEAR,3.0,44.0,0.0,100,4.3,True,True,APPROVE,68,"```json
{
  ""direction"": ""SHORT"",
  ""confidence"": 68,
  ""long_score"": 18,
  ""short_score"": 82,
  ""preferred_direction"": ""SHORT"",
  ""entry_zone_low"": 59250,
  ""entry_zone_high"": 59400,
  ""limit_price"": 59325,
  ""expected_mfe"": 350,
  ""expected_mae"": 180,
  ""reversal_probability"": 51,
  ""exit_style"": ""AGGRESSIVE"",
  ""reasons_for_trade"": [
    ""BEAR_ALIGNED multi-timeframe agreement (15m, 1h, 4h all bearish)"",
    ""Bearish market structure with structure_score -3 and BEARISH_STRUCTURE bias"",
    ""EMA stack bearish (price below all EMAs, EMA9 below EMA21, EMA21 below EMA200)"",
    ""ADX 38.23 (>25) indicating strong trending conditions favoring continuation"",
    ""Trend health state BEAR with bear_score 10 vs bull_score 3"",
    ""Market structure shift labeled BEAR_CONTINUATION"",
    ""Velocity negative (-6.7e-5) and volume ratio low (0.38) suggesting weak buying pressure"",
    ""Funding rate positive (0.042% per 8h) favoring shorts, longs paying""
  ],
  ""reasons_against_trade"": [
    ""Price near micro support (58130) with only 1.86% distance - bounce risk elevated"",
    ""Reversal risk score 51 indicates moderate reversal probability"",
    ""Higher low detected (HL) could signal potential bottom formation"",
    ""Delta positive (2.74) shows some buying pressure at current levels"",
    ""Entry stage MID - not ideal for fresh continuation entries"",
    ""Candle body ratio 0.70 suggests some buying absorption""
  ],
  ""bull_score"": 2,
  ""bear_score"": 8
}
```",59300.0,59455.0,MAKER,TAKER,0.025325,70.0,25.407,-3.92,-3.92,0.0,0.0,-0.0,-0.0,-26.12,154.335225,EARLY_FAIL,2.753804,3.654437,7.4e-05,0.012734,True,True,"{'price': 59267.0, 'ret_1m': 5.062095032397408e-05, 'ret_5m': 0.00045577312626603645, 'ema9': 59559.7511538515, 'ema21': 60192.713076123946, 'ema200': 61739.858768682956, 'dist_to_support': 0.01857166976194496, 'dist_to_resistance': 0.04671619111936519, 'volume': 0.009777707, 'volume_ratio': 3.6544372168071417, 'delta': 2.7538035060001733, 'velocity': 7.430310013173352e-05, 'imbalance': 0.012734437840503227, 'candle_range': 470.8, 'body_ratio': 0.6960179781570418, 'wick_ratio': 0.3039820218429582}",4.3,"{'early_fail_enabled': True, 'invert_signal': False, 'ai_enabled': True, 'edge_threshold': 3.0, 'edge_threshold_max': None, 'edge_range_preset': 'min_only', 'ai_threshold': 44.0, 'leverage': 100, 'pullback_threshold': 0.001}","{'ema9': 59559.7511538515, 'ema21': 60192.713076123946, 'ema200': 61739.858768682956, 'ema_spread': -0.010516, 'ema9_slope_pct': -0.5361, 'ema21_slope_pct': -0.5341, 'ema9_above_ema21': False, 'ema21_above_ema200': False}",MOMENTUM_LONG,4.3,4.3,False,True,INV_False_EF_True,SHORT,10,6,SCENARIO_C_RUNNER_10_v3,40.0,10.0,-12.0,2.0,8.0,300,1,2,-32.0,False,False,True,False,480,3,5.0,False,5,0.75,"[[10, 6], [20, 10], [30, 20], [40, 28], [60, 45], [80, 60], [100, 75], [150, 120]]","{""trail_ladder"": [[10, 6], [20, 10], [30, 20], [40, 28], [60, 45], [80, 60], [100, 75], [150, 120]], ""ladder_first_trigger_pct"": 10, ""ladder_first_lock_pct"": 6, ""exit_profile_id"": ""SCENARIO_C_RUNNER_10_v3"", ""peak_never_loser_min_peak"": 40.0, ""peak_never_loser_floor"": 10.0, ""thesis_fast_exit_unreal_pct"": -12.0, ""thesis_mfe_protect_pct"": 2.0, ""thesis_exit_if_above_unreal_pct"": 8.0, ""thesis_min_age_sec"": 300, ""thesis_score_flip_margin"": 1, ""thesis_early_decay_delta"": 2, ""early_fail_pct_threshold"": -32.0, ""type_a_first_candle_enabled"": false, ""type_a_early_fail_enabled"": false, ""scenario_c_exit_profile"": true, ""type_a_stall_enabled"": false, ""type_a_stall_min_age_sec"": 480, ""type_a_stall_min_candles"": 3, ""type_a_stall_max_mfe_pct"": 5.0, ""trend_weakening_enabled"": false, ""spread_penalty_threshold"": 5, ""spread_penalty_margin_mult"": 0.75}",2026-06-25T15:36:24.452126+00:00,2026-06-26 01:36:24 AEST,2026-06-26 01:36:24 AEST
2026-06-25T15:46:10.708823+00:00,cont-29f162aff67b,SHORT,59204.0,59376.0,1.404968,-29.04,15.0,6,-4.36,-4.36,0.0,0.0,-0.0,-0.0,STOP_LOSS,100,0.97,72,44.0,True,SIM_LIMIT,AI_DIRECT_LIMIT,,,,,0,BEAR,SR,70+,SPAWN,-3,-3,BEARISH_STRUCTURE,BEAR_ALIGNED,37.76,-4,2,8,0.04349,bitfinex,tBTCF0:USTF0,v11.0-genome-architecture-v1,BITFINEX_ZERO,v11.0-genome-architecture-v1,CONTINUOUS,Continuous AI Research,APPROVE,59151.0,0.048504,0.016895,FREE_RANGE,-0.010276,1.0,470.8,1.404969,-34.794946,2.195798,99.716,99.716,99.716,0-5m,AI_DIRECT,AI_DIRECT_CHASE,2,,53.0,0.0,0.0,0.0,False,0.0,0.0,-0.001906,4.1e-05,0.001247,0.117921,-0.239998,0.0,0.001081,59151.0,59567.151154,60196.076712,61740.226928,-0.010448,FREE_RANGE,SHORT_PREFERRED,0.048504,0.016895,BEAR,3.0,44.0,0.0,100,4.5,True,True,APPROVE,72,"```json
{
  ""direction"": ""SHORT"",
  ""confidence"": 72,
  ""long_score"": 18,
  ""short_score"": 82,
  ""preferred_direction"": ""SHORT"",
  ""entry_zone_low"": 59200,
  ""entry_zone_high"": 59400,
  ""limit_price"": 59300,
  ""expected_mfe"": 450,
  ""expected_mae"": 250,
  ""reversal_probability"": 63,
  ""exit_style"": ""AGGRESSIVE"",
  ""reasons_for_trade"": [
    ""MTF agreement is BEAR_ALIGNED across 15m/1h/4h"",
    ""Market structure bias is BEARISH with structure_score -3 and LH/LL sequence active"",
    ""EMA stack is bearish (price below all EMAs, EMA9 below EMA21, EMA21 below EMA200)"",
    ""ADX at 37.76 (>25) confirms strong trending conditions favoring continuation"",
    ""Trend health state is BEAR with bear_score 10 vs bull_score 3"",
    ""Orderflow shows negative delta (-0.24) and low volume ratio (0.01) suggesting weak buying pressure"",
    ""Regime is COMPRESSION after recent TRENDING/EXPANSION cycles - potential for breakdown"",
    ""Funding rate positive (0.043% per 8h) favors shorts, consistent with bearish sentiment""
  ],
  ""reasons_against_trade"": [
    ""Price is near micro support (58130) with only 1.69% distance - bounce risk elevated"",
    ""Reversal probability score is 63 (moderate reversal risk) due to proximity to support"",
    ""Higher low detected suggests some buying interest at current levels"",
    ""Volume ratio is very low (0.01) - could indicate lack of conviction for continuation"",
    ""Candle range is moderate with balanced wick/body ratio - no clear breakout momentum""
  ],
  ""bull_score"": 2,
  ""bear_score"": 8
}
```

Direction: SHORT
Win probability: 72%
Long score: 18
Short score: 82
Bull score: 2
Bear score: 8
Decision: APPROVE
Reason: Strong bearish alignment across all trend hierarchy layers (MTF, structure, EMA, ADX) with negative orderflow. Short entry near support carries bounce risk, but the bearish continuation case is dominant given the trending environment (ADX>25) and lack of reversal confirmation (no structure shift, no momentum expansion upward). Entry zone set slightly above current price to allow pullback to resistance area before continuation. Exit style AGGRESSIVE due to proximity to support - take profits quickly if price approaches 58700-58500.",59204.0,59376.0,MAKER,TAKER,0.025359,53.0,99.716,-4.36,-4.36,0.0,0.0,-0.0,-0.0,-29.04,84.298193,STOP_LOSS,-0.239998,0.117921,4.1e-05,0.001081,False,True,"{'price': 59151.0, 'ret_1m': 0.0003720678516464002, 'ret_5m': 6.762811300657683e-05, 'ema9': 59567.151153851504, 'ema21': 60196.07671248758, 'ema200': 61740.226927886935, 'dist_to_support': 0.016895262899761537, 'dist_to_resistance': 0.04850411811463072, 'volume': 0.001246867, 'volume_ratio': 0.117920658147369, 'delta': -0.23999826299989024, 'velocity': 4.059353925825941e-05, 'imbalance': 0.0010811392101495148, 'candle_range': 470.8, 'body_ratio': 0.6960179781570418, 'wick_ratio': 0.3039820218429582}",4.5,"{'early_fail_enabled': True, 'invert_signal': False, 'ai_enabled': True, 'edge_threshold': 3.0, 'edge_threshold_max': None, 'edge_range_preset': 'min_only', 'ai_threshold': 44.0, 'leverage': 100, 'pullback_threshold': 0.001}","{'ema9': 59567.151153851504, 'ema21': 60196.07671248758, 'ema200': 61740.226927886935, 'ema_spread': -0.010448, 'ema9_slope_pct': -0.5238, 'ema21_slope_pct': -0.5285, 'ema9_above_ema21': False, 'ema21_above_ema200': False}",WEAK_SETUP,4.5,4.5,False,True,INV_False_EF_True,SHORT,10,6,SCENARIO_C_RUNNER_10_v3,40.0,10.0,-12.0,2.0,8.0,300,1,2,-32.0,False,False,True,False,480,3,5.0,False,5,0.75,"[[10, 6], [20, 10], [30, 20], [40, 28], [60, 45], [80, 60], [100, 75], [150, 120]]","{""trail_ladder"": [[10, 6], [20, 10], [30, 20], [40, 28], [60, 45], [80, 60], [100, 75], [150, 120]], ""ladder_first_trigger_pct"": 10, ""ladder_first_lock_pct"": 6, ""exit_profile_id"": ""SCENARIO_C_RUNNER_10_v3"", ""peak_never_loser_min_peak"": 40.0, ""peak_never_loser_floor"": 10.0, ""thesis_fast_exit_unreal_pct"": -12.0, ""thesis_mfe_protect_pct"": 2.0, ""thesis_exit_if_above_unreal_pct"": 8.0, ""thesis_min_age_sec"": 300, ""thesis_score_flip_margin"": 1, ""thesis_early_decay_delta"": 2, ""early_fail_pct_threshold"": -32.0, ""type_a_first_candle_enabled"": false, ""type_a_early_fail_enabled"": false, ""scenario_c_exit_profile"": true, ""type_a_stall_enabled"": false, ""type_a_stall_min_age_sec"": 480, ""type_a_stall_min_candles"": 3, ""type_a_stall_max_mfe_pct"": 5.0, ""trend_weakening_enabled"": false, ""spread_penalty_threshold"": 5, ""spread_penalty_margin_mult"": 0.75}",2026-06-25T15:46:10.708823+00:00,2026-06-26 01:46:10 AEST,2026-06-26 01:46:10 AEST
2026-06-25T15:56:21.897191+00:00,cont-e1d84ca3275e,SHORT,59379.25,59569.0,5.711062,-31.9,15.0,6,-4.79,-4.79,0.0,0.0,-0.01,-0.01,STOP_LOSS,100,1.07,72,44.0,True,SIM_LIMIT,AI_DIRECT_LIMIT,,,,,0,BEAR,SR,70+,SPAWN,-3,-3,BEARISH_STRUCTURE,BEAR_ALIGNED,37.56,-4,2,8,0.04457,bitfinex,tBTCF0:USTF0,v11.0-genome-architecture-v1,BITFINEX_ZERO,v11.0-genome-architecture-v1,CONTINUOUS,Continuous AI Research,APPROVE,59257.0,0.046239,0.019019,FREE_RANGE,-0.009689,1.0,348.3,5.711064,-31.955607,8.462552,46.008,46.008,46.008,0-5m,AI_DIRECT,AI_DIRECT_CHASE,1,,122.25,0.0,0.0,0.0,False,0.0,0.0,-0.007914,-8.4e-05,0.002142,0.690385,-0.66417,0.0,0.002976,59257.0,59510.000923,60112.309408,61713.75468,-0.01002,FREE_RANGE,SHORT_PREFERRED,0.046239,0.019019,BEAR,3.0,44.0,0.0,100,4.8,True,True,APPROVE,72,"```json
{
  ""direction"": ""SHORT"",
  ""confidence"": 72,
  ""long_score"": 18,
  ""short_score"": 82,
  ""preferred_direction"": ""SHORT"",
  ""entry_zone_low"": 59350,
  ""entry_zone_high"": 59500,
  ""limit_price"": 59425,
  ""expected_mfe"": 350,
  ""expected_mae"": 200,
  ""reversal_probability"": 43,
  ""exit_style"": ""AGGRESSIVE"",
  ""reasons_for_trade"": [
    ""MTF agreement is BEAR_ALIGNED across 15m, 1h, 4h"",
    ""Market structure bias is BEARISH_STRUCTURE with LL/HL sequence and structure_score -3"",
    ""EMA stack is bearish (price below all EMAs, EMA9 below EMA21, EMA21 below EMA200)"",
    ""ADX at 37.56 (>25) confirms strong trending conditions favoring continuation"",
    ""Trend health state is BEAR with bear_score 10 vs bull_score 3"",
    ""Orderflow shows negative delta (-0.6555) and negative velocity (-4.89e-5)"",
    ""Volume ratio is low (0.14) suggesting lack of buying pressure on bounces"",
    ""Funding rate positive (0.0438% per 8h) favors shorts, longs paying"",
    ""Market regime tracker shows recent EXPANSION after COMPRESSION, likely continuation move"",
    ""Price is near micro support (58885) but structure is BEAR_CONTINUATION, not reversal""
  ],
  ""reasons_against_trade"": [
    ""Price is close to recent low (58130) and micro support (58885), increasing bounce risk"",
    ""Higher low detected (HL in swing labels) could indicate potential basing"",
    ""Reversal probability score is 43 (moderate), suggesting some reversal risk"",
    ""Distance to support is only 1.96%, limiting downside room before potential reaction"",
    ""Volume ratio is very low (0.14), which can precede sudden reversals or squeezes""
  ],
  ""bull_score"": 2,
  ""bear_score"": 8
}
```

Direction: SHORT
Win probability: 72
Long score: 18
Short score: 82
Bull score: 2
Bear score: 8
Decision: APPROVE
Reason: Strong bearish alignment across all trend hierarchy layers (MTF, structure, EMA, ADX, trend health) with supportive orderflow. Price near support is a location context only and does not override the dominant bearish trend. The low volume ratio and proximity to support introduce some bounce risk, but the trend strength and continuation bias favor a short entry on a minor pullback. Entry zone set slightly above current price to allow for a pullback entry, with aggressive exit to capture continuation toward support.",59379.25,59569.0,MAKER,TAKER,0.025313,122.25,46.008,-4.79,-4.79,0.0,0.0,-0.01,-0.01,-31.9,342.663865,STOP_LOSS,-0.66417,0.690385,-8.4e-05,0.002976,False,True,"{'price': 59257.0, 'ret_1m': 0.0, 'ret_5m': -0.0011630650979334524, 'ema9': 59510.0009230812, 'ema21': 60112.309408054425, 'ema200': 61713.754680130434, 'dist_to_support': 0.01901885009365982, 'dist_to_resistance': 0.04623926287189699, 'volume': 0.002141854, 'volume_ratio': 0.6903849807575897, 'delta': -0.664170473999991, 'velocity': -8.433031994063132e-05, 'imbalance': 0.0029757353523608104, 'candle_range': 348.3, 'body_ratio': 0.704197609271717, 'wick_ratio': 0.29580239072828296}",4.8,"{'early_fail_enabled': True, 'invert_signal': False, 'ai_enabled': True, 'edge_threshold': 3.0, 'edge_threshold_max': None, 'edge_range_preset': 'min_only', 'ai_threshold': 44.0, 'leverage': 100, 'pullback_threshold': 0.001}","{'ema9': 59510.0009230812, 'ema21': 60112.309408054425, 'ema200': 61713.754680130434, 'ema_spread': -0.01002, 'ema9_slope_pct': -0.354, 'ema21_slope_pct': -0.4528, 'ema9_above_ema21': False, 'ema21_above_ema200': False}",MOMENTUM_SHORT,4.8,4.8,False,True,INV_False_EF_True,SHORT,10,6,SCENARIO_C_RUNNER_10_v3,40.0,10.0,-12.0,2.0,8.0,300,1,2,-32.0,False,False,True,False,480,3,5.0,False,5,0.75,"[[10, 6], [20, 10], [30, 20], [40, 28], [60, 45], [80, 60], [100, 75], [150, 120]]","{""trail_ladder"": [[10, 6], [20, 10], [30, 20], [40, 28], [60, 45], [80, 60], [100, 75], [150, 120]], ""ladder_first_trigger_pct"": 10, ""ladder_first_lock_pct"": 6, ""exit_profile_id"": ""SCENARIO_C_RUNNER_10_v3"", ""peak_never_loser_min_peak"": 40.0, ""peak_never_loser_floor"": 10.0, ""thesis_fast_exit_unreal_pct"": -12.0, ""thesis_mfe_protect_pct"": 2.0, ""thesis_exit_if_above_unreal_pct"": 8.0, ""thesis_min_age_sec"": 300, ""thesis_score_flip_margin"": 1, ""thesis_early_decay_delta"": 2, ""early_fail_pct_threshold"": -32.0, ""type_a_first_candle_enabled"": false, ""type_a_early_fail_enabled"": false, ""scenario_c_exit_profile"": true, ""type_a_stall_enabled"": false, ""type_a_stall_min_age_sec"": 480, ""type_a_stall_min_candles"": 3, ""type_a_stall_max_mfe_pct"": 5.0, ""trend_weakening_enabled"": false, ""spread_penalty_threshold"": 5, ""spread_penalty_margin_mult"": 0.75}",2026-06-25T15:56:21.897191+00:00,2026-06-26 01:56:21 AEST,2026-06-26 01:56:21 AEST
2026-06-25T16:02:25.181947+00:00,cont-9f509bd98ec6,SHORT,59626.98,59592.0,0.192203,5.87,15.0,7,0.88,0.88,0.0,0.0,-0.0,0.0,PROFIT_LOCK_LADDER,100,0.2,62,44.0,True,SIM_LIMIT,AI_DIRECT_LIMIT,,,,,0,BEAR,SR,60-70,SPAWN,-3,-3,BEARISH_STRUCTURE,BEAR_ALIGNED,37.29,-4,3,10,0.0002,bitfinex,tBTCF0:USTF0,v11.0-genome-architecture-v1,BITFINEX_ZERO,v11.0-genome-architecture-v1,CONTINUOUS,Continuous AI Research,APPROVE,59614.0,0.040532,0.02437,FREE_RANGE,-0.008754,1.0,863.0,0.192204,0.0,16.264449,130.286,130.286,130.286,0-5m,AI_DIRECT,AI_DIRECT_CHASE,3,,12.98,0.0,0.0,0.0,False,0.0,0.0,-1e-06,-1.7e-05,0.001088,0.072834,0.09174,0.0,0.811729,59614.0,59574.400923,60141.582135,61716.95866,-0.009431,FREE_RANGE,SHORT_PREFERRED,0.040532,0.02437,BEAR,3.0,44.0,0.0,100,3.7,True,True,APPROVE,62,"```json
{
  ""direction"": ""SHORT"",
  ""confidence"": 62,
  ""long_score"": 25,
  ""short_score"": 78,
  ""preferred_direction"": ""SHORT"",
  ""entry_zone_low"": 59600,
  ""entry_zone_high"": 59800,
  ""limit_price"": 59700,
  ""expected_mfe"": 400,
  ""expected_mae"": 250,
  ""reversal_probability"": 51,
  ""exit_style"": ""AGGRESSIVE"",
  ""reasons_for_trade"": [
    ""MTF agreement is BEAR_ALIGNED (15m ranging, 1h/4h bearish) - strong bearish hierarchy"",
    ""Market structure bias is BEARISH_STRUCTURE with structure_score -3 and LH/LL sequence active"",
    ""EMA stack is bearish (price below ema21 and ema200, ema9 below ema21, ema21 below ema200)"",
    ""ADX at 37.29 (>25) confirms trending bear market - favor continuation"",
    ""Trend health state is BEAR with bear_score 10 vs bull_score 3 - intact bearish momentum"",
    ""Velocity negative (-0.0092%) and volume ratio very low (0.023) suggest weak buying pressure"",
    ""Funding rate positive (0.04493% per 8h) favors shorts - longs paying shorts"",
    ""Price near micro resistance (60512) and recent high (61997) - short from pullback zone aligns with bearish structure""
  ],
  ""reasons_against_trade"": [
    ""Price is near micro support (58885) - short entry near support increases bounce risk"",
    ""Reversal risk score is 51 - moderate reversal probability from oversold conditions"",
    ""Higher low detected (HL in swing labels) - potential for short-term bounce"",
    ""Candle body ratio > wick ratio (51.6% body) - some buying absorption in recent candle"",
    ""Delta positive (0.0927) - slight buying pressure in current bar"",
    ""Volume ratio extremely low - lack of conviction in either direction""
  ],
  ""bull_score"": 3,
  ""bear_score"": 10
}
```

**Direction:** SHORT  
**Win probability:** 62%  
**Long score:** 25  
**Short score:** 78  
**Bull score:** 3  
**Bear score:** 10  
**Decision:** APPROVE  
**Reason:** Strong bearish hierarchy (MTF BEAR_ALIGNED, bearish structure, bearish EMA stack, ADX > 25) dominates. Short score (78) exceeds long score (25) by >5, meeting approval threshold. Counter-trend long would require +15 gap and reversal confirmations - none present (no structure shift, no momentum expansion in bullish direction). Entry near support (58885) is a risk, but bearish continuation is favored given trend strength. Limit entry at 59700 (above current price 59582) to short on a minor pullback toward micro resistance zone. Exit aggressive due to proximity to support - take profit before potential bounce.",59626.98,59592.0,MAKER,TAKER,0.025162,12.98,130.286,0.88,0.88,0.0,0.0,-0.0,0.0,5.87,11.532282,PROFIT_LOCK_LADDER,0.09174,0.072834,-1.7e-05,0.811729,False,True,"{'price': 59614.0, 'ret_1m': 0.0005370749555234802, 'ret_5m': 0.0, 'ema9': 59574.4009230812, 'ema21': 60141.58213532715, 'ema200': 61716.95866022994, 'dist_to_support': 0.024369776106877915, 'dist_to_resistance': 0.04053237554966265, 'volume': 0.00108805, 'volume_ratio': 0.07283408939425383, 'delta': 0.091739838, 'velocity': -1.674975057067797e-05, 'imbalance': 0.8117288437084745, 'candle_range': 863.0, 'body_ratio': 0.5160395400560283, 'wick_ratio': 0.4839604599439718}",3.7,"{'early_fail_enabled': True, 'invert_signal': False, 'ai_enabled': True, 'edge_threshold': 3.0, 'edge_threshold_max': None, 'edge_range_preset': 'min_only', 'ai_threshold': 44.0, 'leverage': 100, 'pullback_threshold': 0.001}","{'ema9': 59574.4009230812, 'ema21': 60141.58213532715, 'ema200': 61716.95866022994, 'ema_spread': -0.009431, 'ema9_slope_pct': -0.2462, 'ema21_slope_pct': -0.4043, 'ema9_above_ema21': False, 'ema21_above_ema200': False}",WEAK_SETUP,3.7,3.7,False,True,INV_False_EF_True,SHORT,10,6,SCENARIO_C_RUNNER_10_v3,40.0,10.0,-12.0,2.0,8.0,300,1,2,-32.0,False,False,True,False,480,3,5.0,False,5,0.75,"[[10, 6], [20, 10], [30, 20], [40, 28], [60, 45], [80, 60], [100, 75], [150, 120]]","{""trail_ladder"": [[10, 6], [20, 10], [30, 20], [40, 28], [60, 45], [80, 60], [100, 75], [150, 120]], ""ladder_first_trigger_pct"": 10, ""ladder_first_lock_pct"": 6, ""exit_profile_id"": ""SCENARIO_C_RUNNER_10_v3"", ""peak_never_loser_min_peak"": 40.0, ""peak_never_loser_floor"": 10.0, ""thesis_fast_exit_unreal_pct"": -12.0, ""thesis_mfe_protect_pct"": 2.0, ""thesis_exit_if_above_unreal_pct"": 8.0, ""thesis_min_age_sec"": 300, ""thesis_score_flip_margin"": 1, ""thesis_early_decay_delta"": 2, ""early_fail_pct_threshold"": -32.0, ""type_a_first_candle_enabled"": false, ""type_a_early_fail_enabled"": false, ""scenario_c_exit_profile"": true, ""type_a_stall_enabled"": false, ""type_a_stall_min_age_sec"": 480, ""type_a_stall_min_candles"": 3, ""type_a_stall_max_mfe_pct"": 5.0, ""trend_weakening_enabled"": false, ""spread_penalty_threshold"": 5, ""spread_penalty_margin_mult"": 0.75}",2026-06-25T16:02:25.181947+00:00,2026-06-26 02:02:25 AEST,2026-06-26 02:02:25 AEST
2026-06-25T16:06:55.786746+00:00,cont-75d9b3bdd88e,SHORT,59631.03,59635.0,0.066112,-0.67,15.0,7,-0.1,-0.1,0.0,0.0,-0.0,0.0,THESIS_FAST_CUT,100,0.02,72,44.0,True,SIM_LIMIT,AI_DIRECT_LIMIT,,,,,0,BEAR,SR,70+,SPAWN,-3,-3,BEARISH_STRUCTURE,BEAR_ALIGNED,36.85,-4,2,9,0.00063,bitfinex,tBTCF0:USTF0,v11.0-genome-architecture-v1,BITFINEX_ZERO,v11.0-genome-architecture-v1,CONTINUOUS,Continuous AI Research,APPROVE,59559.0,0.041179,0.023764,FREE_RANGE,-0.008624,0.241926,647.2,0.066248,-12.06922,0.0,207.742,207.742,207.742,0-5m,AI_DIRECT,AI_DIRECT_CHASE,3,,72.03,0.0,0.0,0.0,False,0.0,0.0,-1e-06,3e-05,0.001586,0.882893,0.062366,0.0,0.346992,59559.0,59554.160738,60080.115991,61692.940447,-0.008754,FREE_RANGE,SHORT_PREFERRED,0.041179,0.023764,BEAR,3.0,44.0,0.0,100,3.9,True,True,APPROVE,72,"```json
{
  ""direction"": ""SHORT"",
  ""confidence"": 72,
  ""long_score"": 18,
  ""short_score"": 82,
  ""preferred_direction"": ""SHORT"",
  ""entry_zone_low"": 59650,
  ""entry_zone_high"": 59850,
  ""limit_price"": 59750,
  ""expected_mfe"": 450,
  ""expected_mae"": 200,
  ""reversal_probability"": 53,
  ""exit_style"": ""AGGRESSIVE"",
  ""reasons_for_trade"": [
    ""BEAR_ALIGNED multi-timeframe agreement (15m, 1h, 4h all bearish)"",
    ""Bearish structure with -3 structure score and BEAR_CONTINUATION shift"",
    ""Bear EMA stack (price below all EMAs, EMA9 below EMA21, EMA21 below EMA200)"",
    ""ADX 36.85 (>25) confirms strong trending environment favoring continuation"",
    ""Trend health BEAR with bear_score 10 vs bull_score 3"",
    ""Volume ratio 5.18 indicates aggressive selling pressure"",
    ""Positive delta (0.064) with imbalance 0.364 suggests bearish orderflow"",
    ""Edge score 3.9 above threshold supports bearish bias"",
    ""Price rejected near micro resistance (60512) and remains below EMAs"",
    ""Funding positive (2e-06) favors shorts, longs paying""
  ],
  ""reasons_against_trade"": [
    ""Price near micro support (58885) with only 1.1% distance increases bounce risk"",
    ""Higher low detected suggests potential micro support forming"",
    ""Reversal risk score 53 indicates moderate reversal probability"",
    ""Entry near support historically shows reduced expectancy for shorts"",
    ""Volume ratio spike could indicate exhaustion selling""
  ],
  ""bull_score"": 2,
  ""bear_score"": 9
}
```

Direction: SHORT
Win probability: 72%
Long score: 18
Short score: 82
Bull score: 2
Bear score: 9
Decision: STRONG_APPROVE
Reason: All trend hierarchy signals align for bear continuation - BEAR_ALIGNED MTF, bearish structure, bear EMA stack, ADX > 25 trending. Short score (82) far exceeds long score (18) with gap >15. Entry near support is a concern but continuation evidence is overwhelming. Limit entry above current price (59750) to capture pullback into resistance zone before continuation.",59631.03,59635.0,MAKER,TAKER,0.025185,72.03,207.742,-0.1,-0.1,0.0,0.0,-0.0,0.0,-0.67,3.974981,THESIS_FAST_CUT,0.062366,0.882893,3e-05,0.346992,False,True,"{'price': 59559.0, 'ret_1m': 0.0, 'ret_5m': -5.036768409388536e-05, 'ema9': 59554.16073846497, 'ema21': 60080.115990801285, 'ema200': 61692.94044667169, 'dist_to_support': 0.02376354017969603, 'dist_to_resistance': 0.04117894029725418, 'volume': 0.0015857910000000002, 'volume_ratio': 0.8828930639920892, 'delta': 0.062366344000000004, 'velocity': 3.0240715448396292e-05, 'imbalance': 0.34699155833054396, 'candle_range': 647.2, 'body_ratio': 0.4307290673961579, 'wick_ratio': 0.4692709326038421}",3.9,"{'early_fail_enabled': True, 'invert_signal': False, 'ai_enabled': True, 'edge_threshold': 3.0, 'edge_threshold_max': None, 'edge_range_preset': 'min_only', 'ai_threshold': 44.0, 'leverage': 100, 'pullback_threshold': 0.001}","{'ema9': 59554.16073846497, 'ema21': 60080.115990801285, 'ema200': 61692.94044667169, 'ema_spread': -0.008754, 'ema9_slope_pct': -0.1371, 'ema21_slope_pct': -0.3423, 'ema9_above_ema21': False, 'ema21_above_ema200': False}",MOMENTUM_LONG,3.9,3.9,False,True,INV_False_EF_True,SHORT,10,6,SCENARIO_C_RUNNER_10_v3,40.0,10.0,-12.0,2.0,8.0,300,1,2,-32.0,False,False,True,False,480,3,5.0,False,5,0.75,"[[10, 6], [20, 10], [30, 20], [40, 28], [60, 45], [80, 60], [100, 75], [150, 120]]","{""trail_ladder"": [[10, 6], [20, 10], [30, 20], [40, 28], [60, 45], [80, 60], [100, 75], [150, 120]], ""ladder_first_trigger_pct"": 10, ""ladder_first_lock_pct"": 6, ""exit_profile_id"": ""SCENARIO_C_RUNNER_10_v3"", ""peak_never_loser_min_peak"": 40.0, ""peak_never_loser_floor"": 10.0, ""thesis_fast_exit_unreal_pct"": -12.0, ""thesis_mfe_protect_pct"": 2.0, ""thesis_exit_if_above_unreal_pct"": 8.0, ""thesis_min_age_sec"": 300, ""thesis_score_flip_margin"": 1, ""thesis_early_decay_delta"": 2, ""early_fail_pct_threshold"": -32.0, ""type_a_first_candle_enabled"": false, ""type_a_early_fail_enabled"": false, ""scenario_c_exit_profile"": true, ""type_a_stall_enabled"": false, ""type_a_stall_min_age_sec"": 480, ""type_a_stall_min_candles"": 3, ""type_a_stall_max_mfe_pct"": 5.0, ""trend_weakening_enabled"": false, ""spread_penalty_threshold"": 5, ""spread_penalty_margin_mult"": 0.75}",2026-06-25T16:06:55.786746+00:00,2026-06-26 02:06:55 AEST,2026-06-26 02:06:55 AEST
2026-06-25T16:11:17.076658+00:00,cont-f0a84f8c01d6,SHORT,60045.0,60018.0,0.562664,4.5,15.0,7,0.67,0.67,0.0,0.0,-0.0,0.0,PROFIT_LOCK_LADDER,100,0.15,62,44.0,True,SIM_LIMIT,AI_DIRECT_LIMIT,,,,,0,BEAR,SR,60-70,SPAWN,-3,-3,BEARISH_STRUCTURE,BEAR_ALIGNED,36.56,-4,3,10,0.00111,bitfinex,tBTCF0:USTF0,v11.0-genome-architecture-v1,BITFINEX_ZERO,v11.0-genome-architecture-v1,CONTINUOUS,Continuous AI Research,APPROVE,60010.0,0.035717,0.028885,FREE_RANGE,-0.007786,0.133309,0.0,0.562665,-10.325589,17.98651,5.276,5.276,5.276,0-5m,AI_DIRECT,AI_DIRECT,0,,35.0,0.0,0.0,0.0,False,0.0,0.0,-2e-05,-1.7e-05,0.021,1.770928,2.678863,-0.021,0.71137,60010.0,59582.960738,60093.2069,61694.373282,-0.008491,FREE_RANGE,SHORT_PREFERRED,0.035717,0.028885,BEAR,3.0,44.0,0.0,100,4.0,True,True,APPROVE,62,"```json
{
  ""direction"": ""SHORT"",
  ""confidence"": 62,
  ""long_score"": 25,
  ""short_score"": 75,
  ""preferred_direction"": ""SHORT"",
  ""entry_zone_low"": 59950,
  ""entry_zone_high"": 60150,
  ""limit_price"": 60050,
  ""expected_mfe"": 350,
  ""expected_mae"": 150,
  ""reversal_probability"": 51,
  ""exit_style"": ""AGGRESSIVE"",
  ""reasons_for_trade"": [
    ""BEAR_ALIGNED multi-timeframe agreement (15m RANGING, 1h/4h BEARISH)"",
    ""Bearish EMA stack: price below EMA21 and EMA200, EMA9 below EMA21"",
    ""ADX 36.56 (>25) confirms trending bearish environment favoring continuation"",
    ""Trend health state BEAR with bear_score 10 vs bull_score 3"",
    ""Market structure bias BEARISH_STRUCTURE with structure_score -3"",
    ""Velocity negative (-0.00014) and volume ratio low (0.016) suggesting weak buying pressure"",
    ""Funding rate positive (9.81e-06) meaning longs pay shorts, favorable for short positioning"",
    ""Price near micro resistance (60512) and recent high (61997) with room to drop to support (58130)""
  ],
  ""reasons_against_trade"": [
    ""Price near micro support (58885) and recent low (58130) - short entry near support increases bounce risk"",
    ""Reversal risk score 51 indicates moderate reversal probability"",
    ""Higher low detected (HL in swing labels) could signal potential bottom formation"",
    ""Compression regime may precede expansion in either direction"",
    ""Delta positive (2.65) and imbalance bullish (0.717) show some buying pressure""
  ],
  ""bull_score"": 3,
  ""bear_score"": 10
}
```

**Direction:** SHORT  
**Win probability:** 62%  
**Long score:** 25  
**Short score:** 75  
**Bull score:** 3  
**Bear score:** 10  
**Decision:** APPROVE  

**Reason:** The trend hierarchy strongly favors a bearish continuation: BEAR_ALIGNED multi-timeframe agreement, bearish EMA stack, ADX > 25 trending, and bearish market structure. The short score (75) exceeds the long score (25) by more than the required 5-point threshold. While price is near support (2.89% to recent low), the bearish trend strength and lack of reversal confirmations (no structure shift, no momentum expansion in bullish direction) make a short continuation more probable. The entry is set above current price (pullback to micro resistance zone) to align with the bearish bias. Exit style is AGGRESSIVE due to proximity to support and moderate reversal risk.",60045.0,60018.0,MAKER,TAKER,0.024996,35.0,5.276,0.67,0.67,0.0,0.0,-0.0,0.0,4.5,33.759922,PROFIT_LOCK_LADDER,2.678863,1.770928,-1.7e-05,0.71137,False,True,"{'velocity': -1.6663611671193614e-05, 'volume': 0.021, 'volume_ratio': 1.7709281201527167, 'delta': 2.678862889999996, 'imbalance': 0.7113697449414551, 'delta_change': -0.020999999999999908}",4.0,"{'early_fail_enabled': True, 'invert_signal': False, 'ai_enabled': True, 'edge_threshold': 3.0, 'edge_threshold_max': None, 'edge_range_preset': 'min_only', 'ai_threshold': 44.0, 'leverage': 100, 'pullback_threshold': 0.001}","{'ema9': 59582.96073846497, 'ema21': 60093.20689989219, 'ema200': 61694.37328249258, 'ema_spread': -0.008491, 'ema9_slope_pct': -0.0888, 'ema21_slope_pct': -0.3206, 'ema9_above_ema21': False, 'ema21_above_ema200': False}",WEAK_SETUP,4.0,4.0,False,True,INV_False_EF_True,SHORT,10,6,SCENARIO_C_RUNNER_10_v3,40.0,10.0,-12.0,2.0,8.0,300,1,2,-32.0,False,False,True,False,480,3,5.0,False,5,0.75,"[[10, 6], [20, 10], [30, 20], [40, 28], [60, 45], [80, 60], [100, 75], [150, 120]]","{""trail_ladder"": [[10, 6], [20, 10], [30, 20], [40, 28], [60, 45], [80, 60], [100, 75], [150, 120]], ""ladder_first_trigger_pct"": 10, ""ladder_first_lock_pct"": 6, ""exit_profile_id"": ""SCENARIO_C_RUNNER_10_v3"", ""peak_never_loser_min_peak"": 40.0, ""peak_never_loser_floor"": 10.0, ""thesis_fast_exit_unreal_pct"": -12.0, ""thesis_mfe_protect_pct"": 2.0, ""thesis_exit_if_above_unreal_pct"": 8.0, ""thesis_min_age_sec"": 300, ""thesis_score_flip_margin"": 1, ""thesis_early_decay_delta"": 2, ""early_fail_pct_threshold"": -32.0, ""type_a_first_candle_enabled"": false, ""type_a_early_fail_enabled"": false, ""scenario_c_exit_profile"": true, ""type_a_stall_enabled"": false, ""type_a_stall_min_age_sec"": 480, ""type_a_stall_min_candles"": 3, ""type_a_stall_max_mfe_pct"": 5.0, ""trend_weakening_enabled"": false, ""spread_penalty_threshold"": 5, ""spread_penalty_margin_mult"": 0.75}",2026-06-25T16:11:17.076658+00:00,2026-06-26 02:11:17 AEST,2026-06-26 02:11:17 AEST
2026-06-25T16:17:41.688807+00:00,cont-aff9c8d1eeeb,SHORT,59819.18,59806.88,1.233471,2.06,15.0,7,0.31,0.31,0.0,0.0,-0.0,-0.0,PROFIT_LOCK_LADDER,100,0.07,62,44.0,True,SIM_LIMIT,AI_DIRECT_LIMIT,,,,,0,BEAR,SR,60-70,SPAWN,-3,-3,BEARISH_STRUCTURE,BEAR_ALIGNED,35.77,-4,3,10,0.00175,bitfinex,tBTCF0:USTF0,v11.0-genome-architecture-v1,BITFINEX_ZERO,v11.0-genome-architecture-v1,CONTINUOUS,Continuous AI Research,APPROVE,59727.0,0.038006,0.026738,FREE_RANGE,-0.007324,1.0,647.2,1.233472,0.0,18.586012,184.298,184.298,184.298,0-5m,AI_DIRECT,AI_DIRECT_CHASE,4,,92.18,0.0,0.1225,0.1225,False,0.0,0.0,-6.6e-05,-4e-05,0.072222,1.383526,2.61612,0.0,0.405329,59727.0,59593.560738,60098.025082,61694.900646,-0.008394,FREE_RANGE,SHORT_PREFERRED,0.038006,0.026738,BEAR,3.0,44.0,0.0,100,4.0,True,True,APPROVE,62,"```json
{
  ""direction"": ""SHORT"",
  ""confidence"": 62,
  ""long_score"": 25,
  ""short_score"": 75,
  ""preferred_direction"": ""SHORT"",
  ""entry_zone_low"": 59850,
  ""entry_zone_high"": 60050,
  ""limit_price"": 59950,
  ""expected_mfe"": 0.008,
  ""expected_mae"": 0.004,
  ""reversal_probability"": 33,
  ""exit_style"": ""AGGRESSIVE"",
  ""reasons_for_trade"": [
    ""BEAR_ALIGNED multi-timeframe agreement (15m ranging, 1h/4h bearish)"",
    ""Bearish structure with LL/HL sequence and negative structure_score (-3)"",
    ""Bearish EMA stack (price below ema21 and ema200, ema9 below ema21)"",
    ""ADX 35.77 > 25 confirming trending bear market, favoring continuation"",
    ""Trend health bear_score 10 vs bull_score 3, intact bearish momentum"",
    ""Negative velocity and bearish ema slopes indicate ongoing selling pressure"",
    ""Price near micro resistance (60512) with no liquidity sweep high, suggesting rejection""
  ],
  ""reasons_against_trade"": [
    ""Price is closer to support (2.67%) than resistance (3.80%), increasing bounce risk"",
    ""Higher low detected on micro structure could indicate short-term stabilization"",
    ""Volume ratio elevated (1.38) but delta positive (2.62) shows some buying pressure"",
    ""Reversal risk score 33 suggests moderate reversal potential from current levels"",
    ""Entry near support zone may reduce short expectancy if continuation stalls""
  ],
  ""bull_score"": 3,
  ""bear_score"": 10
}
```",59819.18,59806.88,MAKER,TAKER,0.025114,92.18,184.298,0.31,0.31,0.0,0.0,-0.0,-0.0,2.06,74.008332,PROFIT_LOCK_LADDER,2.61612,1.383526,-4e-05,0.405329,False,True,"{'price': 59727.0, 'ret_1m': 5.023106288929074e-05, 'ret_5m': -0.0008531566797149453, 'ema9': 59593.56073846497, 'ema21': 60098.02508171037, 'ema200': 61694.90064567666, 'dist_to_support': 0.026738326050195053, 'dist_to_resistance': 0.03800626182463542, 'volume': 0.07222223800000001, 'volume_ratio': 1.3835261252565172, 'delta': 2.616119860999997, 'velocity': -4.015464223854116e-05, 'imbalance': 0.4053290800112266, 'candle_range': 647.2, 'body_ratio': 0.4307290673961579, 'wick_ratio': 0.4692709326038421}",4.0,"{'early_fail_enabled': True, 'invert_signal': False, 'ai_enabled': True, 'edge_threshold': 3.0, 'edge_threshold_max': None, 'edge_range_preset': 'min_only', 'ai_threshold': 44.0, 'leverage': 100, 'pullback_threshold': 0.001}","{'ema9': 59593.56073846497, 'ema21': 60098.02508171037, 'ema200': 61694.90064567666, 'ema_spread': -0.008394, 'ema9_slope_pct': -0.0711, 'ema21_slope_pct': -0.3126, 'ema9_above_ema21': False, 'ema21_above_ema200': False}",WEAK_SETUP,4.0,4.0,False,True,INV_False_EF_True,SHORT,10,6,SCENARIO_C_RUNNER_10_v3,40.0,10.0,-12.0,2.0,8.0,300,1,2,-32.0,False,False,True,False,480,3,5.0,False,5,0.75,"[[10, 6], [20, 10], [30, 20], [40, 28], [60, 45], [80, 60], [100, 75], [150, 120]]","{""trail_ladder"": [[10, 6], [20, 10], [30, 20], [40, 28], [60, 45], [80, 60], [100, 75], [150, 120]], ""ladder_first_trigger_pct"": 10, ""ladder_first_lock_pct"": 6, ""exit_profile_id"": ""SCENARIO_C_RUNNER_10_v3"", ""peak_never_loser_min_peak"": 40.0, ""peak_never_loser_floor"": 10.0, ""thesis_fast_exit_unreal_pct"": -12.0, ""thesis_mfe_protect_pct"": 2.0, ""thesis_exit_if_above_unreal_pct"": 8.0, ""thesis_min_age_sec"": 300, ""thesis_score_flip_margin"": 1, ""thesis_early_decay_delta"": 2, ""early_fail_pct_threshold"": -32.0, ""type_a_first_candle_enabled"": false, ""type_a_early_fail_enabled"": false, ""scenario_c_exit_profile"": true, ""type_a_stall_enabled"": false, ""type_a_stall_min_age_sec"": 480, ""type_a_stall_min_candles"": 3, ""type_a_stall_max_mfe_pct"": 5.0, ""trend_weakening_enabled"": false, ""spread_penalty_threshold"": 5, ""spread_penalty_margin_mult"": 0.75}",2026-06-25T16:17:41.688807+00:00,2026-06-26 02:17:41 AEST,2026-06-26 02:17:41 AEST
2026-06-25T16:22:02.814408+00:00,cont-94bb80223315,SHORT,59856.17,59796.0,0.187264,10.05,15.0,7,1.51,1.51,0.0,0.0,-0.0,0.0,PROFIT_LOCK_LADDER,100,0.34,62,44.0,True,SIM_LIMIT,AI_DIRECT_LIMIT,,,,,0,BEAR,SR,60-70,SPAWN,-3,-3,BEARISH_STRUCTURE,BEAR_ALIGNED,34.37,-4,3,10,0.00232,bitfinex,tBTCF0:USTF0,v11.0-genome-architecture-v1,BITFINEX_ZERO,v11.0-genome-architecture-v1,CONTINUOUS,Continuous AI Research,APPROVE,59816.0,0.036462,0.028186,FREE_RANGE,-0.007213,0.374653,504.5,0.187265,0.0,11.723102,121.413,121.413,121.413,0-5m,AI_DIRECT,AI_DIRECT_CHASE,3,,40.17,0.0,0.0,0.0,False,0.0,0.0,-1.3e-05,4.7e-05,0.005724,0.070077,2.86124,0.0,0.343636,59816.0,59648.448591,60077.609578,61674.565369,-0.007143,FREE_RANGE,SHORT_PREFERRED,0.036462,0.028186,BEAR,3.0,44.0,0.0,100,3.0,True,True,APPROVE,62,"```json
{
  ""direction"": ""SHORT"",
  ""confidence"": 62,
  ""long_score"": 25,
  ""short_score"": 75,
  ""preferred_direction"": ""SHORT"",
  ""entry_zone_low"": 59850,
  ""entry_zone_high"": 60050,
  ""limit_price"": 59950,
  ""expected_mfe"": 350,
  ""expected_mae"": 150,
  ""reversal_probability"": 71,
  ""exit_style"": ""AGGRESSIVE"",
  ""reasons_for_trade"": [
    ""Multi-timeframe agreement is BEAR_ALIGNED (15m ranging, 1h/4h bearish)"",
    ""Market structure bias is BEARISH_STRUCTURE with structure_score -3"",
    ""EMA stack is bearish (price below ema21 and ema200, ema9 below ema21)"",
    ""Trend health state is BEAR with bear_score 10 vs bull_score 3"",
    ""ADX at 34.37 indicates strong trending conditions favoring continuation"",
    ""Market regime is COMPRESSION after TRENDING, suggesting potential breakout continuation downward"",
    ""Bearish continuation pattern with lower highs and lower lows intact""
  ],
  ""reasons_against_trade"": [
    ""Price is near micro support at 58885 (distance 1.56%), increasing bounce risk"",
    ""Reversal risk score is 71, indicating elevated reversal probability"",
    ""Higher low detected suggests potential micro structure shift"",
    ""Volume ratio is very low (0.07), indicating lack of conviction in current move"",
    ""Price is in FREE_RANGE SR state, no immediate resistance to short into""
  ],
  ""bull_score"": 3,
  ""bear_score"": 10
}
```

**Direction:** SHORT  
**Win probability:** 62%  
**Long score:** 25  
**Short score:** 75  
**Bull score:** 3  
**Bear score:** 10  
**Decision:** APPROVE  
**Reason:** Strong bearish alignment across all trend hierarchy layers (MTF, structure, EMA, ADX) supports continuation. The elevated reversal risk (71) and proximity to micro support are noted but do not override the dominant bearish trend. Entry is planned above current price (pullback to resistance zone) to align with short continuation bias. The low volume ratio suggests caution, but the trend strength and structure favor the short side.",59856.17,59796.0,MAKER,TAKER,0.025077,40.17,121.413,1.51,1.51,0.0,0.0,-0.0,0.0,10.05,11.235963,PROFIT_LOCK_LADDER,2.86124,0.070077,4.7e-05,0.343636,False,True,"{'price': 59816.0, 'ret_1m': 0.0, 'ret_5m': 0.00010031767262999498, 'ema9': 59648.44859077198, 'ema21': 60077.609578417876, 'ema200': 61674.56536885417, 'dist_to_support': 0.028186438411127456, 'dist_to_resistance': 0.03646181623645847, 'volume': 0.005724333000000001, 'volume_ratio': 0.0700774833258334, 'delta': 2.861239771000001, 'velocity': 4.683166458581636e-05, 'imbalance': 0.34363608295605474, 'candle_range': 504.5, 'body_ratio': 0.3815414016136645, 'wick_ratio': 0.5184585983863355}",3.0,"{'early_fail_enabled': True, 'invert_signal': False, 'ai_enabled': True, 'edge_threshold': 3.0, 'edge_threshold_max': None, 'edge_range_preset': 'min_only', 'ai_threshold': 44.0, 'leverage': 100, 'pullback_threshold': 0.001}","{'ema9': 59648.44859077198, 'ema21': 60077.609578417876, 'ema200': 61674.56536885417, 'ema_spread': -0.007143, 'ema9_slope_pct': 0.1573, 'ema21_slope_pct': -0.1875, 'ema9_above_ema21': False, 'ema21_above_ema200': False}",MOMENTUM_LONG,3.0,3.0,False,True,INV_False_EF_True,SHORT,10,6,SCENARIO_C_RUNNER_10_v3,40.0,10.0,-12.0,2.0,8.0,300,1,2,-32.0,False,False,True,False,480,3,5.0,False,5,0.75,"[[10, 6], [20, 10], [30, 20], [40, 28], [60, 45], [80, 60], [100, 75], [150, 120]]","{""trail_ladder"": [[10, 6], [20, 10], [30, 20], [40, 28], [60, 45], [80, 60], [100, 75], [150, 120]], ""ladder_first_trigger_pct"": 10, ""ladder_first_lock_pct"": 6, ""exit_profile_id"": ""SCENARIO_C_RUNNER_10_v3"", ""peak_never_loser_min_peak"": 40.0, ""peak_never_loser_floor"": 10.0, ""thesis_fast_exit_unreal_pct"": -12.0, ""thesis_mfe_protect_pct"": 2.0, ""thesis_exit_if_above_unreal_pct"": 8.0, ""thesis_min_age_sec"": 300, ""thesis_score_flip_margin"": 1, ""thesis_early_decay_delta"": 2, ""early_fail_pct_threshold"": -32.0, ""type_a_first_candle_enabled"": false, ""type_a_early_fail_enabled"": false, ""scenario_c_exit_profile"": true, ""type_a_stall_enabled"": false, ""type_a_stall_min_age_sec"": 480, ""type_a_stall_min_candles"": 3, ""type_a_stall_max_mfe_pct"": 5.0, ""trend_weakening_enabled"": false, ""spread_penalty_threshold"": 5, ""spread_penalty_margin_mult"": 0.75}",2026-06-25T16:22:02.814408+00:00,2026-06-26 02:22:02 AEST,2026-06-26 02:22:02 AEST
2026-06-25T16:30:03.317002+00:00,cont-b5d37e2fe671,SHORT,59818.83,59787.0,1.845985,5.32,15.0,7,0.8,0.8,0.0,0.0,-0.0,-0.0,PROFIT_LOCK_LADDER,100,0.18,62,44.0,True,SIM_LIMIT,AI_DIRECT_LIMIT,,,,,0,BEAR,SR,60-70,SPAWN,-3,-3,BEARISH_STRUCTURE,BEAR_ALIGNED,34.37,-4,3,10,0.00307,bitfinex,tBTCF0:USTF0,v11.0-genome-architecture-v1,BITFINEX_ZERO,v11.0-genome-architecture-v1,CONTINUOUS,Continuous AI Research,APPROVE,59828.0,0.036635,0.028024,FREE_RANGE,-0.007251,1.0,504.5,1.845986,0.0,12.509439,302.271,302.271,302.271,5-15m,AI_DIRECT,AI_DIRECT_CHASE,6,,9.17,0.0,0.0,0.0,False,0.0,0.0,-0.000174,5e-05,0.0014,1.151886,3.240348,0.0,0.355716,59825.0,59649.048591,60077.882306,61674.59522,-0.007138,FREE_RANGE,SHORT_PREFERRED,0.036635,0.028024,BEAR,3.0,44.0,0.0,100,3.0,True,True,APPROVE,62,"```json
{
  ""direction"": ""SHORT"",
  ""confidence"": 62,
  ""long_score"": 25,
  ""short_score"": 75,
  ""preferred_direction"": ""SHORT"",
  ""entry_zone_low"": 59950,
  ""entry_zone_high"": 60100,
  ""limit_price"": 60025,
  ""expected_mfe"": 350,
  ""expected_mae"": 150,
  ""reversal_probability"": 71,
  ""exit_style"": ""AGGRESSIVE"",
  ""reasons_for_trade"": [
    ""MTF agreement is BEAR_ALIGNED with 15m ranging but 1h and 4h bearish"",
    ""EMA stack is bearish (ema9 below ema21, ema21 below ema200)"",
    ""ADX at 34.37 indicates strong trending conditions favoring continuation"",
    ""Trend health state is BEAR with bear_score 10 vs bull_score 3"",
    ""Market structure bias is BEARISH_STRUCTURE with structure_score -3"",
    ""Price is below ema200 by 3% and below ema21, confirming bearish alignment"",
    ""Funding rate positive (2.4e-05) favors shorts as longs pay"",
    ""Volume ratio low (0.39) suggests lack of buying pressure on bounces""
  ],
  ""reasons_against_trade"": [
    ""Reversal risk score is 71, indicating potential for mean reversion"",
    ""Price is near micro support at 58885 (1.54% away), increasing bounce risk"",
    ""Higher low detected suggests some buying interest at lower levels"",
    ""Candle has long wick (wick_ratio 0.52) showing intraday rejection of lows"",
    ""Market regime is COMPRESSION, which can precede volatile moves either way""
  ],
  ""bull_score"": 3,
  ""bear_score"": 10
}
```

**Direction:** SHORT  
**Win probability:** 62%  
**Long score:** 25  
**Short score:** 75  
**Bull score:** 3  
**Bear score:** 10  
**Decision:** APPROVE  
**Reason:** Strong bearish alignment across MTF, EMA stack, ADX, and trend health supports continuation. Despite elevated reversal risk (71) and proximity to micro support, the bearish structure and lack of bullish confirmation (no structure shift, no momentum expansion upward) favor a short entry on a pullback to resistance. The limit price above current price targets a retest of the ema21 or recent swing high area before continuation lower. Exit style AGGRESSIVE due to compression regime and potential for sharp reversals.",59818.83,59787.0,MAKER,TAKER,0.025072,9.17,302.271,0.8,0.8,0.0,0.0,-0.0,-0.0,5.32,110.759179,PROFIT_LOCK_LADDER,3.240348,1.151886,5e-05,0.355716,False,True,"{'price': 59825.0, 'ret_1m': 0.0003176938768685416, 'ret_5m': 0.0003176938768685416, 'ema9': 59649.048590771985, 'ema21': 60077.882305690604, 'ema200': 61674.595219600444, 'dist_to_support': 0.02802394408587767, 'dist_to_resistance': 0.0366351202220513, 'volume': 0.0013999999999999998, 'volume_ratio': 1.151885821391349, 'delta': 3.2403482000000094, 'velocity': 5.0172843879950206e-05, 'imbalance': 0.355716488183429, 'candle_range': 504.5, 'body_ratio': 0.3815414016136645, 'wick_ratio': 0.5184585983863355}",3.0,"{'early_fail_enabled': True, 'invert_signal': False, 'ai_enabled': True, 'edge_threshold': 3.0, 'edge_threshold_max': None, 'edge_range_preset': 'min_only', 'ai_threshold': 44.0, 'leverage': 100, 'pullback_threshold': 0.001}","{'ema9': 59649.048590771985, 'ema21': 60077.882305690604, 'ema200': 61674.595219600444, 'ema_spread': -0.007138, 'ema9_slope_pct': 0.1583, 'ema21_slope_pct': -0.187, 'ema9_above_ema21': False, 'ema21_above_ema200': False}",MOMENTUM_LONG,3.0,3.0,False,True,INV_False_EF_True,SHORT,10,6,SCENARIO_C_RUNNER_10_v3,40.0,10.0,-12.0,2.0,8.0,300,1,2,-32.0,False,False,True,False,480,3,5.0,False,5,0.75,"[[10, 6], [20, 10], [30, 20], [40, 28], [60, 45], [80, 60], [100, 75], [150, 120]]","{""trail_ladder"": [[10, 6], [20, 10], [30, 20], [40, 28], [60, 45], [80, 60], [100, 75], [150, 120]], ""ladder_first_trigger_pct"": 10, ""ladder_first_lock_pct"": 6, ""exit_profile_id"": ""SCENARIO_C_RUNNER_10_v3"", ""peak_never_loser_min_peak"": 40.0, ""peak_never_loser_floor"": 10.0, ""thesis_fast_exit_unreal_pct"": -12.0, ""thesis_mfe_protect_pct"": 2.0, ""thesis_exit_if_above_unreal_pct"": 8.0, ""thesis_min_age_sec"": 300, ""thesis_score_flip_margin"": 1, ""thesis_early_decay_delta"": 2, ""early_fail_pct_threshold"": -32.0, ""type_a_first_candle_enabled"": false, ""type_a_early_fail_enabled"": false, ""scenario_c_exit_profile"": true, ""type_a_stall_enabled"": false, ""type_a_stall_min_age_sec"": 480, ""type_a_stall_min_candles"": 3, ""type_a_stall_max_mfe_pct"": 5.0, ""trend_weakening_enabled"": false, ""spread_penalty_threshold"": 5, ""spread_penalty_margin_mult"": 0.75}",2026-06-25T16:30:03.317002+00:00,2026-06-26 02:30:03 AEST,2026-06-26 02:30:03 AEST
2026-06-25T16:36:08.673200+00:00,cont-ae87d26a7b57,SHORT,59538.08,59469.0,0.100832,11.6,15.0,7,1.74,1.74,0.0,0.0,-0.0,0.0,PROFIT_LOCK_LADDER,100,0.39,62,44.0,True,SIM_LIMIT,AI_DIRECT_LIMIT,,,,,0,BEAR,SR,60-70,SPAWN,-3,-3,BEARISH_STRUCTURE,BEAR_ALIGNED,33.45,-4,3,10,0.00372,bitfinex,tBTCF0:USTF0,v11.0-genome-architecture-v1,BITFINEX_ZERO,v11.0-genome-architecture-v1,CONTINUOUS,Continuous AI Research,APPROVE,59541.0,0.04062,0.024288,FREE_RANGE,-0.006886,1.0,435.8,0.100833,0.0,12.106538,183.072,183.072,183.072,0-5m,AI_DIRECT,AI_DIRECT_CHASE,4,,2.92,0.0,0.0,0.0,False,0.0,0.0,-1.2e-05,-4.4e-05,0.000639,0.586843,2.024992,0.0,0.178334,59541.0,59621.278873,60025.818625,61650.835051,-0.006739,FREE_RANGE,SHORT_PREFERRED,0.04062,0.024288,BEAR,3.0,44.0,0.0,100,4.4,True,True,APPROVE,62,"```json
{
  ""direction"": ""SHORT"",
  ""confidence"": 62,
  ""long_score"": 25,
  ""short_score"": 75,
  ""preferred_direction"": ""SHORT"",
  ""entry_zone_low"": 59600,
  ""entry_zone_high"": 59800,
  ""limit_price"": 59700,
  ""expected_mfe"": 400,
  ""expected_mae"": 250,
  ""reversal_probability"": 51,
  ""exit_style"": ""AGGRESSIVE"",
  ""reasons_for_trade"": [
    ""BEAR_ALIGNED multi-timeframe agreement (15m, 1h, 4h all bearish)"",
    ""Bearish EMA stack: price below EMA9, EMA21, EMA200; EMA9 below EMA21, EMA21 below EMA200"",
    ""ADX 33.45 (>25) confirms trending bear market, favoring continuation"",
    ""Trend health state BEAR with bear_score 10 vs bull_score 3"",
    ""Market structure bias BEARISH_STRUCTURE with structure_score -3"",
    ""Price near micro resistance (60107) and recent high (61997), providing short entry location"",
    ""Funding rate positive (0.00339% per 8h) favoring shorts, longs paying"",
    ""Edge score 4.4 above threshold 3.0, indicating telemetry support for bearish edge""
  ],
  ""reasons_against_trade"": [
    ""Price near micro support (58885) at 1.1% distance, increasing bounce risk"",
    ""Reversal risk score 51 indicates moderate reversal probability"",
    ""Volume ratio low (0.14) suggests lack of aggressive selling pressure"",
    ""Delta positive (2.02) shows some buying interest on recent candles"",
    ""Higher low detected (HL) could indicate potential micro structure shift"",
    ""Market regime currently COMPRESSION, which may precede expansion in either direction""
  ],
  ""bull_score"": 3,
  ""bear_score"": 10
}
```

**Direction:** SHORT  
**Win probability:** 62%  
**Long score:** 25  
**Short score:** 75  
**Bull score:** 3  
**Bear score:** 10  
**Decision:** APPROVE  
**Reason:** Strong bearish alignment across all trend hierarchy layers (MTF, structure, EMA, ADX, trend health). Short score (75) exceeds long score (25) by 50 points, well above the +5 threshold. Counter-trend long would require +15 gap and reversal confirmations, which are absent. Entry near micro resistance (59700) with limit above current price (59538) aligns with bearish continuation. Exit style AGGRESSIVE due to proximity to support (58885) and moderate reversal risk.",59538.08,59469.0,MAKER,TAKER,0.025193,2.92,183.072,1.74,1.74,0.0,0.0,-0.0,0.0,11.6,6.049999,PROFIT_LOCK_LADDER,2.024992,0.586843,-4.4e-05,0.178334,False,True,"{'price': 59541.0, 'ret_1m': -0.0002518637920612533, 'ret_5m': -0.00011755222677503862, 'ema9': 59621.278872617586, 'ema21': 60025.818625010594, 'ema200': 61650.83505055265, 'dist_to_support': 0.024287896335834298, 'dist_to_resistance': 0.04061970223408362, 'volume': 0.000639344, 'volume_ratio': 0.5868430951747999, 'delta': 2.024991542000053, 'velocity': -4.363133569105116e-05, 'imbalance': 0.17833425481682247, 'candle_range': 435.8, 'body_ratio': 0.42084380901176466, 'wick_ratio': 0.47915619098823525}",4.4,"{'early_fail_enabled': True, 'invert_signal': False, 'ai_enabled': True, 'edge_threshold': 3.0, 'edge_threshold_max': None, 'edge_range_preset': 'min_only', 'ai_threshold': 44.0, 'leverage': 100, 'pullback_threshold': 0.001}","{'ema9': 59621.278872617586, 'ema21': 60025.818625010594, 'ema200': 61650.83505055265, 'ema_spread': -0.006739, 'ema9_slope_pct': 0.1025, 'ema21_slope_pct': -0.1818, 'ema9_above_ema21': False, 'ema21_above_ema200': False}",WEAK_SETUP,4.4,4.4,False,True,INV_False_EF_True,SHORT,10,6,SCENARIO_C_RUNNER_10_v3,40.0,10.0,-12.0,2.0,8.0,300,1,2,-32.0,False,False,True,False,480,3,5.0,False,5,0.75,"[[10, 6], [20, 10], [30, 20], [40, 28], [60, 45], [80, 60], [100, 75], [150, 120]]","{""trail_ladder"": [[10, 6], [20, 10], [30, 20], [40, 28], [60, 45], [80, 60], [100, 75], [150, 120]], ""ladder_first_trigger_pct"": 10, ""ladder_first_lock_pct"": 6, ""exit_profile_id"": ""SCENARIO_C_RUNNER_10_v3"", ""peak_never_loser_min_peak"": 40.0, ""peak_never_loser_floor"": 10.0, ""thesis_fast_exit_unreal_pct"": -12.0, ""thesis_mfe_protect_pct"": 2.0, ""thesis_exit_if_above_unreal_pct"": 8.0, ""thesis_min_age_sec"": 300, ""thesis_score_flip_margin"": 1, ""thesis_early_decay_delta"": 2, ""early_fail_pct_threshold"": -32.0, ""type_a_first_candle_enabled"": false, ""type_a_early_fail_enabled"": false, ""scenario_c_exit_profile"": true, ""type_a_stall_enabled"": false, ""type_a_stall_min_age_sec"": 480, ""type_a_stall_min_candles"": 3, ""type_a_stall_max_mfe_pct"": 5.0, ""trend_weakening_enabled"": false, ""spread_penalty_threshold"": 5, ""spread_penalty_margin_mult"": 0.75}",2026-06-25T16:36:08.673200+00:00,2026-06-26 02:36:08 AEST,2026-06-26 02:36:08 AEST
2026-06-25T16:41:06.418920+00:00,cont-543b1a31e603,SHORT,59562.31,59402.53,3.878411,26.83,15.0,7,4.02,4.02,0.0,0.0,-0.0,-0.0,PROFIT_LOCK_LADDER,100,0.89,72,44.0,True,SIM_LIMIT,AI_DIRECT_LIMIT,,,,,0,BEAR,SR,70+,SPAWN,-3,-3,BEARISH_STRUCTURE,BEAR_ALIGNED,33.57,-4,2,9,0.00431,bitfinex,tBTCF0:USTF0,v11.0-genome-architecture-v1,BITFINEX_ZERO,v11.0-genome-architecture-v1,CONTINUOUS,Continuous AI Research,APPROVE,59511.0,0.041774,0.023206,FREE_RANGE,-0.007127,1.0,435.8,3.878412,0.0,40.681767,61.607,61.607,61.607,0-5m,AI_DIRECT,AI_DIRECT_CHASE,2,,51.31,0.0,0.1898,0.1898,False,0.0,0.0,-0.000498,7.4e-05,0.000869,0.044241,1.919258,0.0,0.164021,59511.0,59605.278873,60018.545898,61650.039031,-0.006886,FREE_RANGE,SHORT_PREFERRED,0.041774,0.023206,BEAR,3.0,44.0,0.0,100,3.5,True,True,APPROVE,72,"```json
{
  ""direction"": ""SHORT"",
  ""confidence"": 72,
  ""long_score"": 18,
  ""short_score"": 82,
  ""preferred_direction"": ""SHORT"",
  ""entry_zone_low"": 59550,
  ""entry_zone_high"": 59700,
  ""limit_price"": 59625,
  ""expected_mfe"": 450,
  ""expected_mae"": 250,
  ""reversal_probability"": 33,
  ""exit_style"": ""AGGRESSIVE"",
  ""reasons_for_trade"": [
    ""BEAR_ALIGNED multi-timeframe agreement (15m, 1h, 4h all bearish)"",
    ""Bearish structure bias with structure_score -3 and BEAR_CONTINUATION market structure shift"",
    ""Bearish EMA stack: price below all EMAs (9, 21, 200) with bearish slope on EMA21"",
    ""ADX 33.57 (>25) confirms trending market, favoring continuation"",
    ""Trend health state BEAR with bear_score 10 vs bull_score 3 (strong bear dominance)"",
    ""Funding rate positive (0.00372% per 8h) favors shorts, longs paying"",
    ""Price near micro resistance (60107) and recent high (61997) with room to micro support (58885)"",
    ""Velocity negative and volume ratio below 1.0 suggests weak buying pressure"",
    ""Regime tracker shows recent compression breakout potential to downside""
  ],
  ""reasons_against_trade"": [
    ""Price is relatively close to micro support (0.98% away) - bounce risk if support holds"",
    ""Higher low detected on micro structure could indicate short-term basing"",
    ""Reversal risk score 33 suggests some probability of mean reversion"",
    ""Delta positive (1.92) shows some aggressive buying in recent candle"",
    ""Edge score (3.5) only slightly above threshold (3.0) - not a high-conviction edge""
  ],
  ""bull_score"": 2,
  ""bear_score"": 9
}
```

**Direction:** SHORT  
**Win probability:** 72%  
**Long score:** 18  
**Short score:** 82  
**Bull score:** 2  
**Bear score:** 9  
**Decision:** APPROVE  
**Reason:** Strong bearish alignment across all trend hierarchy layers (MTF, structure, EMA, ADX, trend health) with no valid reversal evidence. Short entry near micro resistance zone with continuation bias. Positive funding adds tailwind. The proximity to support is a minor concern but does not override the dominant bearish trend - continuation is favored over bounce.",59562.31,59402.53,MAKER,TAKER,0.025205,51.31,61.607,4.02,4.02,0.0,0.0,-0.0,-0.0,26.83,232.704737,PROFIT_LOCK_LADDER,1.919258,0.044241,7.4e-05,0.164021,False,True,"{'price': 59511.0, 'ret_1m': 0.0, 'ret_5m': 0.000655770782889427, 'ema9': 59605.278872617586, 'ema21': 60018.545897737866, 'ema200': 61650.03903065215, 'dist_to_support': 0.023320676097987162, 'dist_to_resistance': 0.04165126516347996, 'volume': 0.0008690489999999999, 'volume_ratio': 0.04424113969423001, 'delta': 1.9192576350000543, 'velocity': 7.397648206622958e-05, 'imbalance': 0.1640212510087935, 'candle_range': 435.8, 'body_ratio': 0.42084380901176466, 'wick_ratio': 0.47915619098823525}",3.5,"{'early_fail_enabled': True, 'invert_signal': False, 'ai_enabled': True, 'edge_threshold': 3.0, 'edge_threshold_max': None, 'edge_range_preset': 'min_only', 'ai_threshold': 44.0, 'leverage': 100, 'pullback_threshold': 0.001}","{'ema9': 59605.278872617586, 'ema21': 60018.545897737866, 'ema200': 61650.03903065215, 'ema_spread': -0.006886, 'ema9_slope_pct': 0.0757, 'ema21_slope_pct': -0.1939, 'ema9_above_ema21': False, 'ema21_above_ema200': False}",MOMENTUM_LONG,3.5,3.5,False,True,INV_False_EF_True,SHORT,10,6,SCENARIO_C_RUNNER_10_v3,40.0,10.0,-12.0,2.0,8.0,300,1,2,-32.0,False,False,True,False,480,3,5.0,False,5,0.75,"[[10, 6], [20, 10], [30, 20], [40, 28], [60, 45], [80, 60], [100, 75], [150, 120]]","{""trail_ladder"": [[10, 6], [20, 10], [30, 20], [40, 28], [60, 45], [80, 60], [100, 75], [150, 120]], ""ladder_first_trigger_pct"": 10, ""ladder_first_lock_pct"": 6, ""exit_profile_id"": ""SCENARIO_C_RUNNER_10_v3"", ""peak_never_loser_min_peak"": 40.0, ""peak_never_loser_floor"": 10.0, ""thesis_fast_exit_unreal_pct"": -12.0, ""thesis_mfe_protect_pct"": 2.0, ""thesis_exit_if_above_unreal_pct"": 8.0, ""thesis_min_age_sec"": 300, ""thesis_score_flip_margin"": 1, ""thesis_early_decay_delta"": 2, ""early_fail_pct_threshold"": -32.0, ""type_a_first_candle_enabled"": false, ""type_a_early_fail_enabled"": false, ""scenario_c_exit_profile"": true, ""type_a_stall_enabled"": false, ""type_a_stall_min_age_sec"": 480, ""type_a_stall_min_candles"": 3, ""type_a_stall_max_mfe_pct"": 5.0, ""trend_weakening_enabled"": false, ""spread_penalty_threshold"": 5, ""spread_penalty_margin_mult"": 0.75}",2026-06-25T16:41:06.418920+00:00,2026-06-26 02:41:06 AEST,2026-06-26 02:41:06 AEST
2026-06-25T16:46:19.817462+00:00,cont-c45e05971b5b,SHORT,59355.1,59304.9,0.344867,8.46,15.0,7,1.27,1.27,0.0,0.0,-0.0,-0.0,PROFIT_LOCK_LADDER,100,0.28,68,44.0,True,SIM_LIMIT,AI_DIRECT_LIMIT,,,,,0,BEAR,SR,60-70,SPAWN,-3,-3,BEARISH_STRUCTURE,BEAR_ALIGNED,33.71,-4,2,9,0.00486,bitfinex,tBTCF0:USTF0,v11.0-genome-architecture-v1,BITFINEX_ZERO,v11.0-genome-architecture-v1,CONTINUOUS,Continuous AI Research,APPROVE,59329.0,0.044811,0.020358,FREE_RANGE,-0.007207,0.976974,435.8,0.344868,0.0,23.940655,190.437,190.437,190.437,0-5m,AI_DIRECT,AI_DIRECT_CHASE,4,,26.1,0.0,0.2249,0.2249,False,0.0,0.0,-5.2e-05,0.0,0.0012,1.225696,1.234858,0.0,0.095729,59338.0,59587.078873,60010.27317,61649.133558,-0.007052,FREE_RANGE,SHORT_PREFERRED,0.044811,0.020358,BEAR,3.0,44.0,0.0,100,3.8,True,True,APPROVE,68,"```json
{
  ""direction"": ""SHORT"",
  ""confidence"": 68,
  ""long_score"": 18,
  ""short_score"": 82,
  ""preferred_direction"": ""SHORT"",
  ""entry_zone_low"": 59450,
  ""entry_zone_high"": 59600,
  ""limit_price"": 59525,
  ""expected_mfe"": 0.0085,
  ""expected_mae"": 0.0060,
  ""reversal_probability"": 33,
  ""exit_style"": ""PATIENT"",
  ""reasons_for_trade"": [
    ""MTF agreement is BEAR_ALIGNED across 15m, 1h, 4h"",
    ""Market structure bias is BEARISH with structure_score -3 and BEAR_CONTINUATION shift"",
    ""EMA stack is bearish (price below all EMAs, EMA9 below EMA21, EMA21 below EMA200)"",
    ""ADX at 33.71 indicates strong trending conditions favoring continuation"",
    ""Trend health state is BEAR with bear_score 10 vs bull_score 3"",
    ""Funding rate positive (0.00453% per 8h) favors shorts, longs paying"",
    ""Price is in FREE_RANGE but closer to support (2.1%) than resistance (4.4%), yet no reversal confirmation"",
    ""Higher low detected but no higher high or structure shift to invalidate bear trend"",
    ""Volume ratio above 1.0 (1.16) suggests selling pressure, delta positive but not extreme""
  ],
  ""reasons_against_trade"": [
    ""Price is near micro support at 58885 (0.81% below current), increasing bounce risk"",
    ""Reversal risk score is 33, indicating some probability of mean reversion"",
    ""Weaken signals count is 1, suggesting slight trend fatigue"",
    ""Entry near support historically reduces expectancy for shorts without strong continuation"",
    ""Candle shows wick ratio 0.48, indicating some buying rejection at lows""
  ],
  ""bull_score"": 2,
  ""bear_score"": 9
}
```

**Direction:** SHORT  
**Win probability:** 68%  
**Long score:** 18  
**Short score:** 82  
**Bull score:** 2/10  
**Bear score:** 9/10  
**Decision:** APPROVE  

**Reason:** The trend hierarchy strongly favors bear continuation: BEAR_ALIGNED multi-timeframe agreement, bearish structure bias, bearish EMA stack, and ADX > 25 all point to continuation. The short case scores 82 vs long at 18, a gap of 64 points, well above the +5 threshold. While price is near micro support (58885), there is no reversal confirmation (no structure shift, no momentum expansion in bullish direction, no MTF disagreement). The positive funding rate further supports shorts. The entry is set as a pullback short above current price (limit 59525) to avoid chasing into support. Exit style is PATIENT to allow the trend to play out toward the recent low (58130) and potentially lower.",59355.1,59304.9,MAKER,TAKER,0.025283,26.1,190.437,1.27,1.27,0.0,0.0,-0.0,-0.0,8.46,20.692118,PROFIT_LOCK_LADDER,1.234858,1.225696,0.0,0.095729,False,True,"{'price': 59338.0, 'ret_1m': 0.0, 'ret_5m': -0.000488486869809827, 'ema9': 59587.07887261758, 'ema21': 60010.27317046514, 'ema200': 61649.13355801533, 'dist_to_support': 0.020357949374768276, 'dist_to_resistance': 0.04481108227442785, 'volume': 0.0012000000000000001, 'volume_ratio': 1.2256964315196661, 'delta': 1.234857866000062, 'velocity': 2.2720063496182e-10, 'imbalance': 0.09572917627709321, 'candle_range': 435.8, 'body_ratio': 0.42084380901176466, 'wick_ratio': 0.47915619098823525}",3.8,"{'early_fail_enabled': True, 'invert_signal': False, 'ai_enabled': True, 'edge_threshold': 3.0, 'edge_threshold_max': None, 'edge_range_preset': 'min_only', 'ai_threshold': 44.0, 'leverage': 100, 'pullback_threshold': 0.001}","{'ema9': 59587.07887261758, 'ema21': 60010.27317046514, 'ema200': 61649.13355801533, 'ema_spread': -0.007052, 'ema9_slope_pct': 0.0451, 'ema21_slope_pct': -0.2076, 'ema9_above_ema21': False, 'ema21_above_ema200': False}",MOMENTUM_LONG,3.8,3.8,False,True,INV_False_EF_True,SHORT,10,6,SCENARIO_C_RUNNER_10_v3,40.0,10.0,-12.0,2.0,8.0,300,1,2,-32.0,False,False,True,False,480,3,5.0,False,5,0.75,"[[10, 6], [20, 10], [30, 20], [40, 28], [60, 45], [80, 60], [100, 75], [150, 120]]","{""trail_ladder"": [[10, 6], [20, 10], [30, 20], [40, 28], [60, 45], [80, 60], [100, 75], [150, 120]], ""ladder_first_trigger_pct"": 10, ""ladder_first_lock_pct"": 6, ""exit_profile_id"": ""SCENARIO_C_RUNNER_10_v3"", ""peak_never_loser_min_peak"": 40.0, ""peak_never_loser_floor"": 10.0, ""thesis_fast_exit_unreal_pct"": -12.0, ""thesis_mfe_protect_pct"": 2.0, ""thesis_exit_if_above_unreal_pct"": 8.0, ""thesis_min_age_sec"": 300, ""thesis_score_flip_margin"": 1, ""thesis_early_decay_delta"": 2, ""early_fail_pct_threshold"": -32.0, ""type_a_first_candle_enabled"": false, ""type_a_early_fail_enabled"": false, ""scenario_c_exit_profile"": true, ""type_a_stall_enabled"": false, ""type_a_stall_min_age_sec"": 480, ""type_a_stall_min_candles"": 3, ""type_a_stall_max_mfe_pct"": 5.0, ""trend_weakening_enabled"": false, ""spread_penalty_threshold"": 5, ""spread_penalty_margin_mult"": 0.75}",2026-06-25T16:46:19.817462+00:00,2026-06-26 02:46:19 AEST,2026-06-26 02:46:19 AEST
2026-06-25T16:53:12.148036+00:00,cont-1261a3ca3003,SHORT,59409.38,59368.0,1.244622,6.97,15.0,7,1.04,1.04,0.0,0.0,-0.0,-0.0,PROFIT_LOCK_LADDER,100,0.23,62,44.0,True,SIM_LIMIT,AI_DIRECT_LIMIT,,,,,0,BEAR,SR,60-70,SPAWN,-3,-3,BEARISH_STRUCTURE,BEAR_ALIGNED,33.37,-4,3,10,0.00589,bitfinex,tBTCF0:USTF0,v11.0-genome-architecture-v1,BITFINEX_ZERO,v11.0-genome-architecture-v1,CONTINUOUS,Continuous AI Research,APPROVE,59383.0,0.044917,0.020259,FREE_RANGE,-0.007057,1.0,317.7,1.244623,0.0,18.579558,129.074,129.074,129.074,0-5m,AI_DIRECT,AI_DIRECT_CHASE,3,,26.38,0.0,0.0,0.0,False,0.0,0.0,-0.000226,2.9e-05,0.00078,1.073039,0.688306,0.0,0.042815,59377.0,59525.543098,59942.868171,61622.733,-0.006962,FREE_RANGE,SHORT_PREFERRED,0.044917,0.020259,BEAR,3.0,44.0,0.0,100,4.2,True,True,APPROVE,62,"```json
{
  ""direction"": ""SHORT"",
  ""confidence"": 62,
  ""long_score"": 25,
  ""short_score"": 75,
  ""preferred_direction"": ""SHORT"",
  ""entry_zone_low"": 59400,
  ""entry_zone_high"": 59600,
  ""limit_price"": 59500,
  ""expected_mfe"": 350,
  ""expected_mae"": 200,
  ""reversal_probability"": 51,
  ""exit_style"": ""AGGRESSIVE"",
  ""reasons_for_trade"": [
    ""MTF agreement is BEAR_ALIGNED across 15m, 1h, 4h"",
    ""Market structure bias is BEARISH_STRUCTURE with structure_score -3"",
    ""EMA stack is bearish (price below all EMAs, ema9 below ema21 below ema200)"",
    ""ADX at 33.37 (>25) confirms trending market favoring continuation"",
    ""Trend health state is BEAR with bear_score 10 vs bull_score 3"",
    ""Regime is BEAR and market_structure_shift is BEAR_CONTINUATION"",
    ""Price is below micro resistance (60107) and near micro support (58885) - continuation likely to test support"",
    ""Funding rate positive (0.00531% per 8h) favors shorts as longs pay"",
    ""Velocity is negative (-2.19e-05) indicating downward momentum""
  ],
  ""reasons_against_trade"": [
    ""Price is relatively close to support (2.07% away) - bounce risk increases near support"",
    ""Reversal probability is 51 (moderate) - not negligible"",
    ""Volume ratio is low (0.41) - lack of strong selling conviction"",
    ""Delta is positive (0.69) - some buying pressure present"",
    ""Higher low detected on micro structure - potential for short-term bounce""
  ],
  ""bull_score"": 3,
  ""bear_score"": 10
}
```

**Direction:** SHORT  
**Win probability:** 62%  
**Long score:** 25  
**Short score:** 75  
**Bull score:** 3  
**Bear score:** 10  
**Decision:** APPROVE  

**Reason:** The trend hierarchy strongly favors bearish continuation: MTF agreement is BEAR_ALIGNED, structure is BEARISH, EMA stack is bearish, ADX > 25 confirms trending conditions, and trend health shows bear_score 10 vs bull_score 3. The market_structure_shift is BEAR_CONTINUATION. While price is near support (2.07% away), this is a location context only - not a reversal signal. The reversal probability is 51, but without structure shift or momentum expansion in the opposite direction, continuation is the default assumption. The positive funding rate further favors shorts. Entry is set slightly above current price (59500) to allow for a pullback, with aggressive exit targeting the micro support zone (~58885) for ~350 points MFE. The low volume ratio and positive delta are minor concerns but do not override the strong bearish trend hierarchy.",59409.38,59368.0,MAKER,TAKER,0.02526,26.38,129.074,1.04,1.04,0.0,0.0,-0.0,-0.0,6.97,74.677479,PROFIT_LOCK_LADDER,0.688306,1.073039,2.9e-05,0.042815,False,True,"{'price': 59351.0, 'ret_1m': -0.00021904328632327418, 'ret_5m': 6.741724533135576e-05, 'ema9': 59525.54309809407, 'ema21': 59942.86817149885, 'ema200': 61622.733000272645, 'dist_to_support': 0.020258882222072404, 'dist_to_resistance': 0.044916739702015776, 'volume': 0.000780001, 'volume_ratio': 1.073038512425249, 'delta': 0.6883055700000373, 'velocity': 2.8667780453231083e-05, 'imbalance': 0.04281529092625815, 'candle_range': 317.7, 'body_ratio': 0.47763022161302054, 'wick_ratio': 0.42236977838697953}",4.4,"{'early_fail_enabled': True, 'invert_signal': False, 'ai_enabled': True, 'edge_threshold': 3.0, 'edge_threshold_max': None, 'edge_range_preset': 'min_only', 'ai_threshold': 44.0, 'leverage': 100, 'pullback_threshold': 0.001}","{'ema9': 59525.54309809407, 'ema21': 59942.86817149885, 'ema200': 61622.733000272645, 'ema_spread': -0.006962, 'ema9_slope_pct': -0.1309, 'ema21_slope_pct': -0.2657, 'ema9_above_ema21': False, 'ema21_above_ema200': False}",MOMENTUM_LONG,4.4,4.4,False,True,INV_False_EF_True,SHORT,10,6,SCENARIO_C_RUNNER_10_v3,40.0,10.0,-12.0,2.0,8.0,300,1,2,-32.0,False,False,True,False,480,3,5.0,False,5,0.75,"[[10, 6], [20, 10], [30, 20], [40, 28], [60, 45], [80, 60], [100, 75], [150, 120]]","{""trail_ladder"": [[10, 6], [20, 10], [30, 20], [40, 28], [60, 45], [80, 60], [100, 75], [150, 120]], ""ladder_first_trigger_pct"": 10, ""ladder_first_lock_pct"": 6, ""exit_profile_id"": ""SCENARIO_C_RUNNER_10_v3"", ""peak_never_loser_min_peak"": 40.0, ""peak_never_loser_floor"": 10.0, ""thesis_fast_exit_unreal_pct"": -12.0, ""thesis_mfe_protect_pct"": 2.0, ""thesis_exit_if_above_unreal_pct"": 8.0, ""thesis_min_age_sec"": 300, ""thesis_score_flip_margin"": 1, ""thesis_early_decay_delta"": 2, ""early_fail_pct_threshold"": -32.0, ""type_a_first_candle_enabled"": false, ""type_a_early_fail_enabled"": false, ""scenario_c_exit_profile"": true, ""type_a_stall_enabled"": false, ""type_a_stall_min_age_sec"": 480, ""type_a_stall_min_candles"": 3, ""type_a_stall_max_mfe_pct"": 5.0, ""trend_weakening_enabled"": false, ""spread_penalty_threshold"": 5, ""spread_penalty_margin_mult"": 0.75}",2026-06-25T16:53:12.148036+00:00,2026-06-26 02:53:12 AEST,2026-06-26 02:53:12 AEST
2026-06-25T17:02:51.547334+00:00,cont-1036940d11e8,SHORT,59359.5,59337.0,4.772729,3.8,15.0,6,0.57,0.57,0.0,0.0,-0.0,-0.0,PROFIT_LOCK_LADDER,100,0.13,62,44.0,True,SIM_LIMIT,AI_DIRECT_LIMIT,,,,,0,BEAR,SR,60-70,SPAWN,-3,-3,BEARISH_STRUCTURE,BEAR_ALIGNED,33.37,-4,2,8,0.00698,bitfinex,tBTCF0:USTF0,v11.0-genome-architecture-v1,BITFINEX_ZERO,v11.0-genome-architecture-v1,CONTINUOUS,Continuous AI Research,APPROVE,59300.0,0.045481,0.01973,FREE_RANGE,-0.006699,0.12146,317.7,4.77273,-8.339019,13.898365,125.113,125.113,125.113,0-5m,AI_DIRECT,AI_DIRECT_CHASE,2,,59.5,0.0,0.0,0.0,False,0.0,0.0,-0.001006,1.5e-05,0.0012,1.279332,0.30896,0.0,0.017668,59300.0,59524.543098,59942.413626,61622.683249,-0.006971,FREE_RANGE,SHORT_PREFERRED,0.045481,0.01973,BEAR,3.0,44.0,0.0,100,4.7,True,True,APPROVE,62,"```json
{
  ""direction"": ""SHORT"",
  ""confidence"": 62,
  ""long_score"": 18,
  ""short_score"": 82,
  ""preferred_direction"": ""SHORT"",
  ""entry_zone_low"": 59350,
  ""entry_zone_high"": 59500,
  ""limit_price"": 59425,
  ""expected_mfe"": 180,
  ""expected_mae"": 120,
  ""reversal_probability"": 33,
  ""exit_style"": ""AGGRESSIVE"",
  ""reasons_for_trade"": [
    ""BEAR_ALIGNED multi-timeframe agreement (15m, 1h, 4h all bearish)"",
    ""Bearish market structure with LL/HL sequence and structure_score -3"",
    ""Bearish EMA stack (price below all EMAs, ema9 below ema21 below ema200)"",
    ""ADX 33.37 (>25) confirms trending conditions favoring continuation"",
    ""Trend health state BEAR with bear_score 10 vs bull_score 3"",
    ""Bearish velocity and negative ret_1m/ret_5m momentum"",
    ""Funding positive (longs pay shorts) favoring short positioning"",
    ""Price rejected near micro resistance 60107 and is pulling back from recent high 61997""
  ],
  ""reasons_against_trade"": [
    ""Price is closer to support (2.0%) than resistance (4.5%), increasing bounce risk"",
    ""Volume ratio below 1.0 (0.66) suggests weak selling conviction"",
    ""Positive delta (0.31) indicates some buying pressure at current levels"",
    ""Higher low detected on micro structure could signal potential reversal"",
    ""Reversal risk score 33 suggests non-trivial bounce probability""
  ],
  ""bull_score"": 2,
  ""bear_score"": 8
}
```",59359.5,59337.0,MAKER,TAKER,0.025295,59.5,125.113,0.57,0.57,0.0,0.0,-0.0,-0.0,3.8,286.363833,PROFIT_LOCK_LADDER,0.30896,1.279332,1.5e-05,0.017668,False,True,"{'price': 59300.0, 'ret_1m': 0.0, 'ret_5m': -5.05876599834747e-05, 'ema9': 59524.54309809407, 'ema21': 59942.413626044305, 'ema200': 61622.683249028865, 'dist_to_support': 0.01973018549747049, 'dist_to_resistance': 0.04548060708263069, 'volume': 0.0012000000000000001, 'volume_ratio': 1.279332372725299, 'delta': 0.3089602400000048, 'velocity': 1.5182527736532268e-05, 'imbalance': 0.0176681144513315, 'candle_range': 317.7, 'body_ratio': 0.47763022161302054, 'wick_ratio': 0.42236977838697953}",4.7,"{'early_fail_enabled': True, 'invert_signal': False, 'ai_enabled': True, 'edge_threshold': 3.0, 'edge_threshold_max': None, 'edge_range_preset': 'min_only', 'ai_threshold': 44.0, 'leverage': 100, 'pullback_threshold': 0.001}","{'ema9': 59524.54309809407, 'ema21': 59942.413626044305, 'ema200': 61622.683249028865, 'ema_spread': -0.006971, 'ema9_slope_pct': -0.1326, 'ema21_slope_pct': -0.2665, 'ema9_above_ema21': False, 'ema21_above_ema200': False}",MOMENTUM_LONG,4.7,4.7,False,True,INV_False_EF_True,SHORT,10,6,SCENARIO_C_RUNNER_10_v3,40.0,10.0,-12.0,2.0,8.0,300,1,2,-32.0,False,False,True,False,480,3,5.0,False,5,0.75,"[[10, 6], [20, 10], [30, 20], [40, 28], [60, 45], [80, 60], [100, 75], [150, 120]]","{""trail_ladder"": [[10, 6], [20, 10], [30, 20], [40, 28], [60, 45], [80, 60], [100, 75], [150, 120]], ""ladder_first_trigger_pct"": 10, ""ladder_first_lock_pct"": 6, ""exit_profile_id"": ""SCENARIO_C_RUNNER_10_v3"", ""peak_never_loser_min_peak"": 40.0, ""peak_never_loser_floor"": 10.0, ""thesis_fast_exit_unreal_pct"": -12.0, ""thesis_mfe_protect_pct"": 2.0, ""thesis_exit_if_above_unreal_pct"": 8.0, ""thesis_min_age_sec"": 300, ""thesis_score_flip_margin"": 1, ""thesis_early_decay_delta"": 2, ""early_fail_pct_threshold"": -32.0, ""type_a_first_candle_enabled"": false, ""type_a_early_fail_enabled"": false, ""scenario_c_exit_profile"": true, ""type_a_stall_enabled"": false, ""type_a_stall_min_age_sec"": 480, ""type_a_stall_min_candles"": 3, ""type_a_stall_max_mfe_pct"": 5.0, ""trend_weakening_enabled"": false, ""spread_penalty_threshold"": 5, ""spread_penalty_margin_mult"": 0.75}",2026-06-25T17:02:51.547334+00:00,2026-06-26 03:02:51 AEST,2026-06-26 03:02:51 AEST
2026-06-25T17:08:28.218157+00:00,cont-3bdf68d1757e,SHORT,59289.84,59261.0,0.31048,4.86,15.0,7,0.73,0.73,0.0,0.0,-0.0,-0.0,PROFIT_LOCK_LADDER,100,0.16,68,44.0,True,SIM_LIMIT,AI_DIRECT_LIMIT,,,,,0,BEAR,SR,60-70,SPAWN,-3,-3,BEARISH_STRUCTURE,BEAR_ALIGNED,32.97,-4,2,9,0.00768,bitfinex,tBTCF0:USTF0,v11.0-genome-architecture-v1,BITFINEX_ZERO,v11.0-genome-architecture-v1,CONTINUOUS,Continuous AI Research,APPROVE,59218.0,0.046628,0.018655,FREE_RANGE,-0.006954,0.928944,273.7,0.310481,-0.701638,11.273432,145.066,145.066,145.066,0-5m,AI_DIRECT,AI_DIRECT_CHASE,3,,71.84,0.0,0.0,0.0,False,0.0,0.0,-7.5e-05,-2.5e-05,0.00849,1.516158,-0.720313,0.0,0.033537,59218.0,59465.994478,59877.772718,61595.872126,-0.006877,FREE_RANGE,SHORT_PREFERRED,0.046628,0.018655,BEAR,3.0,44.0,0.0,100,3.3,True,True,APPROVE,68,"```json
{
  ""direction"": ""SHORT"",
  ""confidence"": 68,
  ""long_score"": 18,
  ""short_score"": 82,
  ""preferred_direction"": ""SHORT"",
  ""entry_zone_low"": 59350,
  ""entry_zone_high"": 59500,
  ""limit_price"": 59425,
  ""expected_mfe"": 450,
  ""expected_mae"": 180,
  ""reversal_probability"": 45,
  ""exit_style"": ""AGGRESSIVE"",
  ""reasons_for_trade"": [
    ""Multi-timeframe agreement is BEAR_ALIGNED across 15m, 1h, 4h"",
    ""Market structure bias is BEARISH_STRUCTURE with structure_score -3 and BEAR_CONTINUATION shift"",
    ""EMA stack is bearish (price below all EMAs, ema9 below ema21, ema21 below ema200, stack_bear true)"",
    ""ADX at 32.97 (>25) confirms strong trending conditions favoring continuation"",
    ""Trend health state is BEAR with bear_score 10 vs bull_score 3, indicating intact bearish momentum"",
    ""Orderflow shows negative delta (-0.70) and volume ratio elevated (1.48), supporting bearish pressure"",
    ""Price is near micro resistance (60107) and has rejected it, with distance to micro resistance 1.47% vs support 0.59%"",
    ""Funding rate positive (0.00732% per 8h) favors shorts, as longs pay shorts""
  ],
  ""reasons_against_trade"": [
    ""Price is relatively close to micro support (58885) at 0.59% distance, increasing bounce risk"",
    ""Reversal probability is 45 (moderate), with a higher low detected suggesting some buying interest"",
    ""Volume ratio is elevated but could indicate exhaustion or distribution rather than pure continuation"",
    ""Entry near support historically reduces expectancy for shorts unless strong continuation is present""
  ],
  ""bull_score"": 2,
  ""bear_score"": 9
}
```

**Direction:** SHORT  
**Win probability:** 68%  
**Long score:** 18  
**Short score:** 82  
**Bull score:** 2  
**Bear score:** 9  
**Decision:** APPROVE  
**Reason:** Strong bearish alignment across all trend hierarchy layers (MTF, structure, EMA, ADX, trend health) with supportive orderflow. Price is near micro resistance after a reject, and the bearish continuation setup is intact. The proximity to support (0.59%) introduces bounce risk, but the trend strength and negative delta favor continuation. Entry is set slightly above current price (59425) to allow for a minor pullback before the next leg down. Exit style AGGRESSIVE to capture quick moves given short duration.",59289.84,59261.0,MAKER,TAKER,0.02533,71.84,145.066,0.73,0.73,0.0,0.0,-0.0,-0.0,4.86,18.628906,PROFIT_LOCK_LADDER,-0.720313,1.516158,-2.5e-05,0.033537,False,True,"{'price': 59218.0, 'ret_1m': 0.000185788842535511, 'ret_5m': 0.0, 'ema9': 59465.99447847526, 'ema21': 59877.77271789136, 'ema200': 61595.872126442344, 'dist_to_support': 0.01865451169072339, 'dist_to_resistance': 0.04662783827129231, 'volume': 0.00848966, 'volume_ratio': 1.5161579970332757, 'delta': -0.7203128249999929, 'velocity': -2.5313941925751236e-05, 'imbalance': 0.03353660830290657, 'candle_range': 273.7, 'body_ratio': 0.4867832270775013, 'wick_ratio': 0.4132167729224986}",3.3,"{'early_fail_enabled': True, 'invert_signal': False, 'ai_enabled': True, 'edge_threshold': 3.0, 'edge_threshold_max': None, 'edge_range_preset': 'min_only', 'ai_threshold': 44.0, 'leverage': 100, 'pullback_threshold': 0.001}","{'ema9': 59465.99447847526, 'ema21': 59877.77271789136, 'ema200': 61595.872126442344, 'ema_spread': -0.006877, 'ema9_slope_pct': -0.2915, 'ema21_slope_pct': -0.3261, 'ema9_above_ema21': False, 'ema21_above_ema200': False}",MOMENTUM_SHORT,3.3,3.3,False,True,INV_False_EF_True,SHORT,10,6,SCENARIO_C_RUNNER_10_v3,40.0,10.0,-12.0,2.0,8.0,300,1,2,-32.0,False,False,True,False,480,3,5.0,False,5,0.75,"[[10, 6], [20, 10], [30, 20], [40, 28], [60, 45], [80, 60], [100, 75], [150, 120]]","{""trail_ladder"": [[10, 6], [20, 10], [30, 20], [40, 28], [60, 45], [80, 60], [100, 75], [150, 120]], ""ladder_first_trigger_pct"": 10, ""ladder_first_lock_pct"": 6, ""exit_profile_id"": ""SCENARIO_C_RUNNER_10_v3"", ""peak_never_loser_min_peak"": 40.0, ""peak_never_loser_floor"": 10.0, ""thesis_fast_exit_unreal_pct"": -12.0, ""thesis_mfe_protect_pct"": 2.0, ""thesis_exit_if_above_unreal_pct"": 8.0, ""thesis_min_age_sec"": 300, ""thesis_score_flip_margin"": 1, ""thesis_early_decay_delta"": 2, ""early_fail_pct_threshold"": -32.0, ""type_a_first_candle_enabled"": false, ""type_a_early_fail_enabled"": false, ""scenario_c_exit_profile"": true, ""type_a_stall_enabled"": false, ""type_a_stall_min_age_sec"": 480, ""type_a_stall_min_candles"": 3, ""type_a_stall_max_mfe_pct"": 5.0, ""trend_weakening_enabled"": false, ""spread_penalty_threshold"": 5, ""spread_penalty_margin_mult"": 0.75}",2026-06-25T17:08:28.218157+00:00,2026-06-26 03:08:28 AEST,2026-06-26 03:08:28 AEST
2026-06-25T17:11:03.569011+00:00,cont-04ee51af5899,SHORT,59341.0,59411.0,0.254905,-11.8,15.0,6,-1.77,-1.77,0.0,0.0,-0.0,-0.0,THESIS_FAST_CUT,100,0.39,68,44.0,True,SIM_LIMIT,AI_DIRECT_LIMIT,,,,,0,BEAR,SR,60-70,SPAWN,-3,-3,BEARISH_STRUCTURE,BEAR_ALIGNED,33.02,-4,2,8,0.00813,bitfinex,tBTCF0:USTF0,v11.0-genome-architecture-v1,BITFINEX_ZERO,v11.0-genome-architecture-v1,CONTINUOUS,Continuous AI Research,APPROVE,59259.0,0.046133,0.019118,FREE_RANGE,-0.006765,1.0,273.7,0.254906,-14.155474,1.685176,99.672,99.672,99.672,0-5m,AI_DIRECT,AI_DIRECT_CHASE,2,,82.0,0.0,0.0,0.0,False,0.0,0.0,-6.4e-05,4.7e-05,0.08407,0.136401,-1.690599,0.0,0.065772,59259.0,59462.194478,59876.045445,61595.683072,-0.006912,FREE_RANGE,SHORT_PREFERRED,0.046133,0.019118,BEAR,3.0,44.0,0.0,100,3.8,True,True,APPROVE,68,"```json
{
  ""direction"": ""SHORT"",
  ""confidence"": 68,
  ""long_score"": 18,
  ""short_score"": 82,
  ""preferred_direction"": ""SHORT"",
  ""entry_zone_low"": 59300,
  ""entry_zone_high"": 59500,
  ""limit_price"": 59400,
  ""expected_mfe"": 400,
  ""expected_mae"": 200,
  ""reversal_probability"": 63,
  ""exit_style"": ""AGGRESSIVE"",
  ""reasons_for_trade"": [
    ""BEAR_ALIGNED multi-timeframe agreement across 15m, 1h, 4h"",
    ""Bearish EMA stack (price below all EMAs, EMA9 below EMA21, EMA21 below EMA200)"",
    ""ADX 33.02 > 25 confirming trending bearish conditions"",
    ""Trend health state BEAR with bear_score 10 vs bull_score 3"",
    ""Market structure bias BEARISH_STRUCTURE with structure_score -3"",
    ""Negative delta (-1.95) and low volume ratio (0.40) supporting continuation"",
    ""Funding positive (0.00782% per 8h) favoring shorts"",
    ""Price near micro resistance (60107) with room to micro support (58885)""
  ],
  ""reasons_against_trade"": [
    ""Price near support (1.84% above recent low) increases bounce risk"",
    ""Reversal risk score 63 suggests potential for mean reversion"",
    ""Higher low detected may indicate short-term buying pressure"",
    ""Volume ratio low (0.40) could signal exhaustion of selling momentum"",
    ""Entry near support historically reduces short expectancy without strong continuation""
  ],
  ""bull_score"": 2,
  ""bear_score"": 8
}
```

**Direction:** SHORT  
**Win probability:** 68%  
**Long score:** 18  
**Short score:** 82  
**Bull score:** 2/10  
**Bear score:** 8/10  
**Decision:** APPROVE  

**Reason:** The trend hierarchy strongly favors bearish continuation: BEAR_ALIGNED MTF, bearish EMA stack, ADX > 25 trending, and bearish structure. The short score (82) far exceeds the long score (18) by more than the required 5-point gap. While price is near support (1.84% above recent low), the bearish momentum and orderflow (negative delta, low volume) suggest continuation rather than reversal. The reversal probability (63) is noted but insufficient to counter the dominant trend. Entry is set slightly above current price (59400) to allow for a minor pullback before continuation, with aggressive exit to capture quick moves in a trending environment.",59341.0,59411.0,MAKER,TAKER,0.025313,82.0,99.672,-1.77,-1.77,0.0,0.0,-0.0,-0.0,-11.8,15.294396,THESIS_FAST_CUT,-1.690599,0.136401,4.7e-05,0.065772,False,True,"{'price': 59259.0, 'ret_1m': -6.74957393314547e-05, 'ret_5m': 0.0007092557880338416, 'ema9': 59462.194478475256, 'ema21': 59876.04544516409, 'ema200': 61595.683071715976, 'dist_to_support': 0.019118168165634546, 'dist_to_resistance': 0.046133337833049286, 'volume': 0.084069898, 'volume_ratio': 0.13640133149160014, 'delta': -1.6905988999999955, 'velocity': 4.726766922937494e-05, 'imbalance': 0.0657719551968381, 'candle_range': 273.7, 'body_ratio': 0.4867832270775013, 'wick_ratio': 0.4132167729224986}",3.8,"{'early_fail_enabled': True, 'invert_signal': False, 'ai_enabled': True, 'edge_threshold': 3.0, 'edge_threshold_max': None, 'edge_range_preset': 'min_only', 'ai_threshold': 44.0, 'leverage': 100, 'pullback_threshold': 0.001}","{'ema9': 59462.194478475256, 'ema21': 59876.04544516409, 'ema200': 61595.683071715976, 'ema_spread': -0.006912, 'ema9_slope_pct': -0.2979, 'ema21_slope_pct': -0.329, 'ema9_above_ema21': False, 'ema21_above_ema200': False}",WEAK_SETUP,3.8,3.8,False,True,INV_False_EF_True,SHORT,10,6,SCENARIO_C_RUNNER_10_v3,40.0,10.0,-12.0,2.0,8.0,300,1,2,-32.0,False,False,True,False,480,3,5.0,False,5,0.75,"[[10, 6], [20, 10], [30, 20], [40, 28], [60, 45], [80, 60], [100, 75], [150, 120]]","{""trail_ladder"": [[10, 6], [20, 10], [30, 20], [40, 28], [60, 45], [80, 60], [100, 75], [150, 120]], ""ladder_first_trigger_pct"": 10, ""ladder_first_lock_pct"": 6, ""exit_profile_id"": ""SCENARIO_C_RUNNER_10_v3"", ""peak_never_loser_min_peak"": 40.0, ""peak_never_loser_floor"": 10.0, ""thesis_fast_exit_unreal_pct"": -12.0, ""thesis_mfe_protect_pct"": 2.0, ""thesis_exit_if_above_unreal_pct"": 8.0, ""thesis_min_age_sec"": 300, ""thesis_score_flip_margin"": 1, ""thesis_early_decay_delta"": 2, ""early_fail_pct_threshold"": -32.0, ""type_a_first_candle_enabled"": false, ""type_a_early_fail_enabled"": false, ""scenario_c_exit_profile"": true, ""type_a_stall_enabled"": false, ""type_a_stall_min_age_sec"": 480, ""type_a_stall_min_candles"": 3, ""type_a_stall_max_mfe_pct"": 5.0, ""trend_weakening_enabled"": false, ""spread_penalty_threshold"": 5, ""spread_penalty_margin_mult"": 0.75}",2026-06-25T17:11:03.569011+00:00,2026-06-26 03:11:03 AEST,2026-06-26 03:11:03 AEST
2026-06-25T17:15:24.441507+00:00,cont-df9ba7909563,SHORT,59472.98,59546.0,0.105394,-12.28,15.0,6,-1.84,-1.84,0.0,0.0,-0.0,0.0,THESIS_FAST_CUT,100,0.41,62,44.0,True,SIM_LIMIT,AI_DIRECT_LIMIT,,,,,0,BEAR,SR,60-70,SPAWN,-3,-3,BEARISH_STRUCTURE,BEAR_ALIGNED,32.81,-4,2,8,0.00874,bitfinex,tBTCF0:USTF0,v11.0-genome-architecture-v1,BITFINEX_ZERO,v11.0-genome-architecture-v1,CONTINUOUS,Continuous AI Research,APPROVE,59384.0,0.043773,0.021331,FREE_RANGE,-0.006035,0.505238,273.7,0.105395,-12.277844,0.0,157.266,157.266,157.266,0-5m,AI_DIRECT,AI_DIRECT_CHASE,3,,88.98,0.0,0.0,0.0,False,0.0,0.0,-2.9e-05,-2.2e-05,0.008277,1.608615,-1.161651,0.0,0.040714,59384.0,59493.394478,59890.227263,61597.235311,-0.006626,FREE_RANGE,SHORT_PREFERRED,0.043773,0.021331,BEAR,3.0,44.0,0.0,100,3.9,True,True,APPROVE,62,"```json
{
  ""direction"": ""SHORT"",
  ""confidence"": 62,
  ""long_score"": 18,
  ""short_score"": 82,
  ""preferred_direction"": ""SHORT"",
  ""entry_zone_low"": 59450,
  ""entry_zone_high"": 59650,
  ""limit_price"": 59550,
  ""expected_mfe"": 180,
  ""expected_mae"": 120,
  ""reversal_probability"": 63,
  ""exit_style"": ""AGGRESSIVE"",
  ""reasons_for_trade"": [
    ""Multi-timeframe agreement is BEAR_ALIGNED across 15m, 1h, 4h"",
    ""Market structure bias is BEARISH_STRUCTURE with structure_score -3"",
    ""EMA stack is bearish (price below all EMAs, EMA9 below EMA21, EMA21 below EMA200)"",
    ""ADX at 32.81 confirms trending market favoring continuation"",
    ""Trend health state is BEAR with bear_score 10 vs bull_score 3"",
    ""Regime label is BEAR and market_structure_shift is BEAR_CONTINUATION"",
    ""Funding rate positive (0.00829% per 8h) favors shorts as longs pay"",
    ""Price is in FREE_RANGE with more room to support (2.11%) than resistance (4.4%)""
  ],
  ""reasons_against_trade"": [
    ""Reversal risk score is elevated at 63, indicating potential bounce risk near support"",
    ""Higher low detected on micro structure suggests some buying interest"",
    ""Volume ratio is low (0.34) indicating weak participation in current move"",
    ""Price is relatively close to micro support at 58885 (0.86% away)"",
    ""Current regime is COMPRESSION which may precede expansion in either direction""
  ],
  ""bull_score"": 2,
  ""bear_score"": 8
}
```

**Direction:** SHORT  
**Win probability:** 62%  
**Long score:** 18  
**Short score:** 82  
**Bull score:** 2/10  
**Bear score:** 8/10  
**Decision:** APPROVE  

**Reason:** The bearish case is overwhelmingly stronger with full multi-timeframe alignment, bearish EMA stack, ADX > 25 confirming trend strength, and bearish market structure. The short score (82) far exceeds the long score (18) by more than the required 5-point threshold. While the reversal probability is elevated (63), this reflects potential bounce risk near support but does not constitute confirmed reversal evidence. The trend hierarchy rules mandate favoring continuation given BEAR_ALIGNED + ADX > 25, and no valid reversal confirmation exists (no structure shift, no momentum expansion in opposite direction). The entry is set slightly above current price to allow for a pullback to the EMA9 area before continuation lower. Exit style is AGGRESSIVE given the compression regime and proximity to support.",59472.98,59546.0,MAKER,TAKER,0.025259,88.98,157.266,-1.84,-1.84,0.0,0.0,-0.0,0.0,-12.28,6.323738,THESIS_FAST_CUT,-1.161651,1.608615,-2.2e-05,0.040714,False,True,"{'price': 59384.0, 'ret_1m': 0.00010104752601973795, 'ret_5m': 1.6839836316791e-05, 'ema9': 59493.39447847526, 'ema21': 59890.22726334591, 'ema200': 61597.235310521944, 'dist_to_support': 0.021331043655403472, 'dist_to_resistance': 0.04377325454147516, 'volume': 0.008276686, 'volume_ratio': 1.6086145268234049, 'delta': -1.1616513140000104, 'velocity': -2.1879197900888885e-05, 'imbalance': 0.04071433617380759, 'candle_range': 273.7, 'body_ratio': 0.4867832270775013, 'wick_ratio': 0.4132167729224986}",3.9,"{'early_fail_enabled': True, 'invert_signal': False, 'ai_enabled': True, 'edge_threshold': 3.0, 'edge_threshold_max': None, 'edge_range_preset': 'min_only', 'ai_threshold': 44.0, 'leverage': 100, 'pullback_threshold': 0.001}","{'ema9': 59493.39447847526, 'ema21': 59890.22726334591, 'ema200': 61597.235310521944, 'ema_spread': -0.006626, 'ema9_slope_pct': -0.2456, 'ema21_slope_pct': -0.3054, 'ema9_above_ema21': False, 'ema21_above_ema200': False}",MOMENTUM_SHORT,3.9,3.9,False,True,INV_False_EF_True,SHORT,10,6,SCENARIO_C_RUNNER_10_v3,40.0,10.0,-12.0,2.0,8.0,300,1,2,-32.0,False,False,True,False,480,3,5.0,False,5,0.75,"[[10, 6], [20, 10], [30, 20], [40, 28], [60, 45], [80, 60], [100, 75], [150, 120]]","{""trail_ladder"": [[10, 6], [20, 10], [30, 20], [40, 28], [60, 45], [80, 60], [100, 75], [150, 120]], ""ladder_first_trigger_pct"": 10, ""ladder_first_lock_pct"": 6, ""exit_profile_id"": ""SCENARIO_C_RUNNER_10_v3"", ""peak_never_loser_min_peak"": 40.0, ""peak_never_loser_floor"": 10.0, ""thesis_fast_exit_unreal_pct"": -12.0, ""thesis_mfe_protect_pct"": 2.0, ""thesis_exit_if_above_unreal_pct"": 8.0, ""thesis_min_age_sec"": 300, ""thesis_score_flip_margin"": 1, ""thesis_early_decay_delta"": 2, ""early_fail_pct_threshold"": -32.0, ""type_a_first_candle_enabled"": false, ""type_a_early_fail_enabled"": false, ""scenario_c_exit_profile"": true, ""type_a_stall_enabled"": false, ""type_a_stall_min_age_sec"": 480, ""type_a_stall_min_candles"": 3, ""type_a_stall_max_mfe_pct"": 5.0, ""trend_weakening_enabled"": false, ""spread_penalty_threshold"": 5, ""spread_penalty_margin_mult"": 0.75}",2026-06-25T17:15:24.441507+00:00,2026-06-26 03:15:24 AEST,2026-06-26 03:15:24 AEST
2026-06-25T17:18:55.686115+00:00,cont-48598dd5a8f9,SHORT,59621.14,59580.0,0.027075,6.9,15.0,6,1.04,1.04,0.0,0.0,-0.0,0.0,PROFIT_LOCK_LADDER,100,0.23,62,44.0,True,SIM_LIMIT,AI_DIRECT_LIMIT,,,,,0,BEAR,SR,60-70,SPAWN,-3,-3,BEARISH_STRUCTURE,BEAR_ALIGNED,32.29,-4,2,8,0.0091,bitfinex,tBTCF0:USTF0,v11.0-genome-architecture-v1,BITFINEX_ZERO,v11.0-genome-architecture-v1,CONTINUOUS,Continuous AI Research,APPROVE,59633.0,0.039869,0.024992,FREE_RANGE,-0.005784,1.0,232.6,0.027076,0.0,11.596558,183.857,183.857,183.857,0-5m,AI_DIRECT,AI_DIRECT_CHASE,4,,11.86,0.0,0.0,0.0,False,0.0,0.0,-8e-06,1.3e-05,0.025702,0.064706,0.687969,0.0,0.022071,59633.0,59493.515583,59854.752058,61572.001857,-0.006035,FREE_RANGE,SHORT_PREFERRED,0.039869,0.024992,BEAR,3.0,44.0,0.0,100,4.0,True,True,APPROVE,62,"```json
{
  ""direction"": ""SHORT"",
  ""confidence"": 62,
  ""long_score"": 18,
  ""short_score"": 82,
  ""preferred_direction"": ""SHORT"",
  ""entry_zone_low"": 59650,
  ""entry_zone_high"": 59850,
  ""limit_price"": 59750,
  ""expected_mfe"": 180,
  ""expected_mae"": 120,
  ""reversal_probability"": 51,
  ""exit_style"": ""AGGRESSIVE"",
  ""reasons_for_trade"": [
    ""BEAR_ALIGNED multi-timeframe agreement across 15m/1h/4h"",
    ""Bearish structure with LL/HL sequence and structure_score -3"",
    ""EMA stack bearish (price below EMA9, EMA21, EMA200; EMA9 below EMA21)"",
    ""ADX 32.29 (>25) confirms trending bear market, favoring continuation"",
    ""Trend health BEAR with bear_score 10 vs bull_score 3"",
    ""Market regime tracker shows recent compression after trending bear, likely continuation"",
    ""Funding positive (0.00874% per 8h) favors shorts, longs paying"",
    ""Price below micro resistance (60107) and near micro support (58885) - short from resistance zone""
  ],
  ""reasons_against_trade"": [
    ""Price near micro support (58885) - bounce risk increases"",
    ""Reversal risk score 51 indicates moderate reversal probability"",
    ""Higher low detected suggests some buying pressure"",
    ""Volume ratio very low (0.003) - low conviction move"",
    ""Candle wick ratio 0.41 shows rejection tails""
  ],
  ""bull_score"": 2,
  ""bear_score"": 8
}
```",59621.14,59580.0,MAKER,TAKER,0.025154,11.86,183.857,1.04,1.04,0.0,0.0,-0.0,0.0,6.9,1.624579,PROFIT_LOCK_LADDER,0.687969,0.064706,1.3e-05,0.022071,False,True,"{'price': 59633.0, 'ret_1m': 0.0006040572512039196, 'ret_5m': 0.0005033303692767142, 'ema9': 59493.51558278021, 'ema21': 59854.75205758717, 'ema200': 61572.001857125375, 'dist_to_support': 0.02499161355249916, 'dist_to_resistance': 0.039869171418986916, 'volume': 0.025701551, 'volume_ratio': 0.06470555852065182, 'delta': 0.6879691679999835, 'velocity': 1.345548883690471e-05, 'imbalance': 0.022071280688768076, 'candle_range': 232.6, 'body_ratio': 0.49322000868669685, 'wick_ratio': 0.40677999131330334}",4.0,"{'early_fail_enabled': True, 'invert_signal': False, 'ai_enabled': True, 'edge_threshold': 3.0, 'edge_threshold_max': None, 'edge_range_preset': 'min_only', 'ai_threshold': 44.0, 'leverage': 100, 'pullback_threshold': 0.001}","{'ema9': 59493.51558278021, 'ema21': 59854.75205758717, 'ema200': 61572.001857125375, 'ema_spread': -0.006035, 'ema9_slope_pct': -0.1245, 'ema21_slope_pct': -0.2445, 'ema9_above_ema21': False, 'ema21_above_ema200': False}",MOMENTUM_LONG,4.0,4.0,False,True,INV_False_EF_True,SHORT,10,6,SCENARIO_C_RUNNER_10_v3,40.0,10.0,-12.0,2.0,8.0,300,1,2,-32.0,False,False,True,False,480,3,5.0,False,5,0.75,"[[10, 6], [20, 10], [30, 20], [40, 28], [60, 45], [80, 60], [100, 75], [150, 120]]","{""trail_ladder"": [[10, 6], [20, 10], [30, 20], [40, 28], [60, 45], [80, 60], [100, 75], [150, 120]], ""ladder_first_trigger_pct"": 10, ""ladder_first_lock_pct"": 6, ""exit_profile_id"": ""SCENARIO_C_RUNNER_10_v3"", ""peak_never_loser_min_peak"": 40.0, ""peak_never_loser_floor"": 10.0, ""thesis_fast_exit_unreal_pct"": -12.0, ""thesis_mfe_protect_pct"": 2.0, ""thesis_exit_if_above_unreal_pct"": 8.0, ""thesis_min_age_sec"": 300, ""thesis_score_flip_margin"": 1, ""thesis_early_decay_delta"": 2, ""early_fail_pct_threshold"": -32.0, ""type_a_first_candle_enabled"": false, ""type_a_early_fail_enabled"": false, ""scenario_c_exit_profile"": true, ""type_a_stall_enabled"": false, ""type_a_stall_min_age_sec"": 480, ""type_a_stall_min_candles"": 3, ""type_a_stall_max_mfe_pct"": 5.0, ""trend_weakening_enabled"": false, ""spread_penalty_threshold"": 5, ""spread_penalty_margin_mult"": 0.75}",2026-06-25T17:18:55.686115+00:00,2026-06-26 03:18:55 AEST,2026-06-26 03:18:55 AEST
2026-06-25T17:23:23.822671+00:00,cont-0af7e36d827b,SHORT,59575.63,59533.98,1.255824,6.99,15.0,6,1.05,1.05,0.0,0.0,-0.0,-0.0,PROFIT_LOCK_LADDER,100,0.23,68,44.0,True,SIM_LIMIT,AI_DIRECT_LIMIT,,,,,0,BEAR,SR,60-70,SPAWN,-3,-3,BEARISH_STRUCTURE,BEAR_ALIGNED,31.87,-4,2,8,0.00975,bitfinex,tBTCF0:USTF0,v11.0-genome-architecture-v1,BITFINEX_ZERO,v11.0-genome-architecture-v1,CONTINUOUS,Continuous AI Research,APPROVE,59543.0,0.041214,0.023731,FREE_RANGE,-0.005883,1.0,232.6,1.255825,-0.565668,11.855519,182.56,182.56,182.56,0-5m,AI_DIRECT,AI_DIRECT_CHASE,4,,32.63,0.0,0.0247,0.0247,False,0.0,0.0,-0.000378,-4.4e-05,0.006407,0.214769,0.279888,0.0,0.008778,59543.0,59520.915583,59867.206603,61573.365041,-0.005784,FREE_RANGE,SHORT_PREFERRED,0.041214,0.023731,BEAR,3.0,44.0,0.0,100,4.0,True,True,APPROVE,68,"```json
{
  ""direction"": ""SHORT"",
  ""confidence"": 68,
  ""long_score"": 20,
  ""short_score"": 80,
  ""preferred_direction"": ""SHORT"",
  ""entry_zone_low"": 59600,
  ""entry_zone_high"": 59850,
  ""limit_price"": 59725,
  ""expected_mfe"": 450,
  ""expected_mae"": 250,
  ""reversal_probability"": 33,
  ""exit_style"": ""AGGRESSIVE"",
  ""reasons_for_trade"": [
    ""BEAR_ALIGNED multi-timeframe agreement (15m ranging, 1h/4h bearish)"",
    ""Bearish EMA stack: price below EMA21 and EMA200, EMA9 below EMA21, EMA21 below EMA200"",
    ""ADX 31.87 > 25 indicating trending market favoring continuation"",
    ""Trend health state BEAR with bear_score 10 vs bull_score 3"",
    ""Market structure bias BEARISH_STRUCTURE with structure_score -3"",
    ""Price near micro resistance (60107) with distance 0.93%, offering short entry on pullback"",
    ""Funding rate positive (0.0091% per 8h) favoring shorts"",
    ""Velocity negative (-8.38e-06) and EMA slopes declining""
  ],
  ""reasons_against_trade"": [
    ""Price near micro support (58885) at 1.12% distance, increasing bounce risk"",
    ""Higher low detected (HL) could indicate micro support forming"",
    ""Volume ratio slightly below 1 (0.97) suggesting weak selling pressure"",
    ""Delta positive (0.286) showing some buying imbalance"",
    ""Reversal risk score 33 indicates non-trivial reversal probability"",
    ""Recent compression regime may precede expansion in either direction""
  ],
  ""bull_score"": 2,
  ""bear_score"": 8
}
```",59575.63,59533.98,MAKER,TAKER,0.025192,32.63,182.56,1.05,1.05,0.0,0.0,-0.0,-0.0,6.99,75.349531,PROFIT_LOCK_LADDER,0.279888,0.214769,-4.4e-05,0.008778,False,True,"{'price': 59543.0, 'ret_1m': -0.00015112842557764641, 'ret_5m': -0.0007216460242338805, 'ema9': 59520.91558278021, 'ema21': 59867.20660304171, 'ema200': 61573.36504120498, 'dist_to_support': 0.023730749206455837, 'dist_to_resistance': 0.04121391263456661, 'volume': 0.006406735999999999, 'volume_ratio': 0.2147692473031587, 'delta': 0.2798878229999701, 'velocity': -4.364531464128142e-05, 'imbalance': 0.008778152560288466, 'candle_range': 232.6, 'body_ratio': 0.49322000868669685, 'wick_ratio': 0.40677999131330334}",4.0,"{'early_fail_enabled': True, 'invert_signal': False, 'ai_enabled': True, 'edge_threshold': 3.0, 'edge_threshold_max': None, 'edge_range_preset': 'min_only', 'ai_threshold': 44.0, 'leverage': 100, 'pullback_threshold': 0.001}","{'ema9': 59520.91558278021, 'ema21': 59867.20660304171, 'ema200': 61573.36504120498, 'ema_spread': -0.005784, 'ema9_slope_pct': -0.0785, 'ema21_slope_pct': -0.2237, 'ema9_above_ema21': False, 'ema21_above_ema200': False}",WEAK_SETUP,4.0,4.0,False,True,INV_False_EF_True,SHORT,10,6,SCENARIO_C_RUNNER_10_v3,40.0,10.0,-12.0,2.0,8.0,300,1,2,-32.0,False,False,True,False,480,3,5.0,False,5,0.75,"[[10, 6], [20, 10], [30, 20], [40, 28], [60, 45], [80, 60], [100, 75], [150, 120]]","{""trail_ladder"": [[10, 6], [20, 10], [30, 20], [40, 28], [60, 45], [80, 60], [100, 75], [150, 120]], ""ladder_first_trigger_pct"": 10, ""ladder_first_lock_pct"": 6, ""exit_profile_id"": ""SCENARIO_C_RUNNER_10_v3"", ""peak_never_loser_min_peak"": 40.0, ""peak_never_loser_floor"": 10.0, ""thesis_fast_exit_unreal_pct"": -12.0, ""thesis_mfe_protect_pct"": 2.0, ""thesis_exit_if_above_unreal_pct"": 8.0, ""thesis_min_age_sec"": 300, ""thesis_score_flip_margin"": 1, ""thesis_early_decay_delta"": 2, ""early_fail_pct_threshold"": -32.0, ""type_a_first_candle_enabled"": false, ""type_a_early_fail_enabled"": false, ""scenario_c_exit_profile"": true, ""type_a_stall_enabled"": false, ""type_a_stall_min_age_sec"": 480, ""type_a_stall_min_candles"": 3, ""type_a_stall_max_mfe_pct"": 5.0, ""trend_weakening_enabled"": false, ""spread_penalty_threshold"": 5, ""spread_penalty_margin_mult"": 0.75}",2026-06-25T17:23:23.822671+00:00,2026-06-26 03:23:23 AEST,2026-06-26 03:23:23 AEST
2026-06-25T17:28:21.001793+00:00,cont-5f6bb1976da4,SHORT,59598.5,59554.0,1.675322,7.47,15.0,6,1.12,1.12,0.0,0.0,-0.0,-0.0,PROFIT_LOCK_LADDER,100,0.25,62,44.0,True,SIM_LIMIT,AI_DIRECT_LIMIT,,,,,0,BEAR,SR,60-70,SPAWN,-3,-3,BEARISH_STRUCTURE,BEAR_ALIGNED,31.87,-4,2,8,0.01041,bitfinex,tBTCF0:USTF0,v11.0-genome-architecture-v1,BITFINEX_ZERO,v11.0-genome-architecture-v1,CONTINUOUS,Continuous AI Research,APPROVE,59534.0,0.041704,0.023271,FREE_RANGE,-0.005737,1.0,0.0,1.675323,-8.641157,10.486841,78.52,78.52,78.52,0-5m,AI_DIRECT,AI_DIRECT_CHASE,1,,64.5,0.0,0.0,0.0,False,0.0,0.0,-0.000537,0.000286,0.001,0.209902,-0.70811,0.001,0.019416,59532.0,59505.515583,59860.206603,61572.598872,-0.005925,FREE_RANGE,SHORT_PREFERRED,0.041704,0.023271,BEAR,3.0,44.0,0.0,100,3.6,True,True,APPROVE,62,"```json
{
  ""direction"": ""SHORT"",
  ""confidence"": 62,
  ""long_score"": 18,
  ""short_score"": 78,
  ""preferred_direction"": ""SHORT"",
  ""entry_zone_low"": 59550,
  ""entry_zone_high"": 59700,
  ""limit_price"": 59625,
  ""expected_mfe"": 0.008,
  ""expected_mae"": 0.012,
  ""reversal_probability"": 25,
  ""exit_style"": ""AGGRESSIVE"",
  ""reasons_for_trade"": [
    ""MTF agreement is BEAR_ALIGNED with 15m RANGING, 1h/4h BEARISH - strong bearish context"",
    ""EMA stack is bearish (price below all EMAs, ema9 below ema21, ema21 below ema200)"",
    ""ADX 31.87 > 25 confirms trending market, favoring continuation"",
    ""Trend health state BEAR with bear_score 10 vs bull_score 3"",
    ""Market structure bias BEARISH_STRUCTURE with structure_score -3"",
    ""Orderflow shows negative delta (-0.67) and bearish velocity"",
    ""Regime is TRENDING with recent compression breakout - continuation likely"",
    ""Funding positive (0.01% per 8h) favors shorts, longs paying""
  ],
  ""reasons_against_trade"": [
    ""Price is near micro support (58885) and 2.3% above recent low - bounce risk elevated"",
    ""Higher low detected on micro structure could indicate short-term exhaustion"",
    ""Volume ratio near 1.0 - no strong volume confirmation of breakdown"",
    ""Candle has small body and wick - indecision at current level"",
    ""Edge score 3.6 just above threshold - marginal edge""
  ],
  ""bull_score"": 2,
  ""bear_score"": 8
}
```

**Direction:** SHORT  
**Win probability:** 62%  
**Long score:** 18  
**Short score:** 78  
**Bull score:** 2/10  
**Bear score:** 8/10  
**Decision:** APPROVE  

**Reasoning:**  
The bearish case is overwhelming: MTF alignment (BEAR_ALIGNED), bearish EMA stack, ADX > 25 trending, negative delta, bearish structure, and positive funding all point to continuation. The only counterarguments are proximity to support and a higher low micro structure - but these are weak reversal signals without structure shift or momentum expansion. The short entry is placed above current price (pullback to 59625) to avoid chasing into support. Exit style is AGGRESSIVE given proximity to support - take profits before a potential bounce.",59598.5,59554.0,MAKER,TAKER,0.025196,64.5,78.52,1.12,1.12,0.0,0.0,-0.0,-0.0,7.47,100.519415,PROFIT_LOCK_LADDER,-0.70811,0.209902,0.000286,0.019416,False,True,"{'velocity': 0.0002856422750567084, 'volume': 0.001, 'volume_ratio': 0.20990163086010719, 'delta': -0.7081096300000596, 'imbalance': 0.01941630493245033, 'delta_change': 0.0010000000000012221}",3.6,"{'early_fail_enabled': True, 'invert_signal': False, 'ai_enabled': True, 'edge_threshold': 3.0, 'edge_threshold_max': None, 'edge_range_preset': 'min_only', 'ai_threshold': 44.0, 'leverage': 100, 'pullback_threshold': 0.001}","{'ema9': 59505.51558278021, 'ema21': 59860.20660304171, 'ema200': 61572.59887205075, 'ema_spread': -0.005925, 'ema9_slope_pct': -0.1044, 'ema21_slope_pct': -0.2354, 'ema9_above_ema21': False, 'ema21_above_ema200': False}",WEAK_SETUP,3.6,3.6,False,True,INV_False_EF_True,SHORT,10,6,SCENARIO_C_RUNNER_10_v3,40.0,10.0,-12.0,2.0,8.0,300,1,2,-32.0,False,False,True,False,480,3,5.0,False,5,0.75,"[[10, 6], [20, 10], [30, 20], [40, 28], [60, 45], [80, 60], [100, 75], [150, 120]]","{""trail_ladder"": [[10, 6], [20, 10], [30, 20], [40, 28], [60, 45], [80, 60], [100, 75], [150, 120]], ""ladder_first_trigger_pct"": 10, ""ladder_first_lock_pct"": 6, ""exit_profile_id"": ""SCENARIO_C_RUNNER_10_v3"", ""peak_never_loser_min_peak"": 40.0, ""peak_never_loser_floor"": 10.0, ""thesis_fast_exit_unreal_pct"": -12.0, ""thesis_mfe_protect_pct"": 2.0, ""thesis_exit_if_above_unreal_pct"": 8.0, ""thesis_min_age_sec"": 300, ""thesis_score_flip_margin"": 1, ""thesis_early_decay_delta"": 2, ""early_fail_pct_threshold"": -32.0, ""type_a_first_candle_enabled"": false, ""type_a_early_fail_enabled"": false, ""scenario_c_exit_profile"": true, ""type_a_stall_enabled"": false, ""type_a_stall_min_age_sec"": 480, ""type_a_stall_min_candles"": 3, ""type_a_stall_max_mfe_pct"": 5.0, ""trend_weakening_enabled"": false, ""spread_penalty_threshold"": 5, ""spread_penalty_margin_mult"": 0.75}",2026-06-25T17:28:21.001793+00:00,2026-06-26 03:28:21 AEST,2026-06-26 03:28:21 AEST
2026-06-25T17:32:42.173912+00:00,cont-42dab2a060bb,SHORT,59630.84,59594.99,0.476846,6.01,15.0,7,0.9,0.9,0.0,0.0,-0.0,-0.0,PROFIT_LOCK_LADDER,100,0.2,68,44.0,True,SIM_LIMIT,AI_DIRECT_LIMIT,,,,,0,BEAR,SR,60-70,SPAWN,-3,-3,BEARISH_STRUCTURE,BEAR_ALIGNED,31.85,-4,3,10,0.0109,bitfinex,tBTCF0:USTF0,v11.0-genome-architecture-v1,BITFINEX_ZERO,v11.0-genome-architecture-v1,CONTINUOUS,Continuous AI Research,APPROVE,59569.0,0.041074,0.023862,FREE_RANGE,-0.005111,0.402975,232.6,0.476847,0.0,10.873568,194.843,194.843,194.843,0-5m,AI_DIRECT,AI_DIRECT_CHASE,3,,61.84,0.0,0.0754,0.0754,False,0.0,0.0,-0.000162,3.5e-05,0.017312,0.546272,-0.124329,0.0,0.003218,59569.0,59526.115583,59869.570239,61573.623748,-0.005737,FREE_RANGE,SHORT_PREFERRED,0.041074,0.023862,BEAR,3.0,44.0,0.0,100,4.0,True,True,APPROVE,68,"```json
{
  ""direction"": ""SHORT"",
  ""confidence"": 68,
  ""long_score"": 18,
  ""short_score"": 82,
  ""preferred_direction"": ""SHORT"",
  ""entry_zone_low"": 59600,
  ""entry_zone_high"": 59800,
  ""limit_price"": 59700,
  ""expected_mfe"": 350,
  ""expected_mae"": 200,
  ""reversal_probability"": 43,
  ""exit_style"": ""AGGRESSIVE"",
  ""reasons_for_trade"": [
    ""Multi-timeframe agreement is BEAR_ALIGNED (15m ranging, 1h/4h bearish) - strong bearish consensus"",
    ""Market structure bias is BEARISH_STRUCTURE with structure_score -3 and last swing sequence showing LL/HL pattern"",
    ""EMA stack is bearish (price below all EMAs, EMA9 below EMA21, EMA21 below EMA200, stack_bear true)"",
    ""Trend health state is BEAR with bear_score 10 vs bull_score 3, indicating intact bearish momentum"",
    ""ADX at 31.85 (>25) confirms trending market - favor continuation over reversal"",
    ""Orderflow shows negative delta (-0.059) and negative velocity, supporting bearish pressure"",
    ""Regime is BEAR and market_structure_shift is BEAR_CONTINUATION - no reversal signal"",
    ""Funding rate positive (0.01041% per 8h) favors shorts, consistent with bearish sentiment""
  ],
  ""reasons_against_trade"": [
    ""Price is near micro support (58885) and distance_to_support is only 2.39% - bounce risk increases near support"",
    ""Reversal probability is 43 (moderate) and higher_low_detected is true, suggesting some buying interest"",
    ""Volume ratio is very low (0.0187) - low participation may lead to choppy price action"",
    ""Market regime tracker shows recent compression - potential for sudden expansion in either direction"",
    ""Edge_score of 4 is above threshold but not extremely high - moderate confidence only""
  ],
  ""bull_score"": 3,
  ""bear_score"": 10
}
```

**Direction:** SHORT  
**Win probability:** 68%  
**Long score:** 18  
**Short score:** 82  
**Bull score:** 3  
**Bear score:** 10  
**Decision:** APPROVE  
**Reason:** Strong bearish alignment across all trend hierarchy layers (MTF, structure, EMA, ADX, trend health) with no reversal confirmation. Short entry near resistance (59700) with aggressive exit to capture continuation before support zone.",59630.84,59594.99,MAKER,TAKER,0.025181,61.84,194.843,0.9,0.9,0.0,0.0,-0.0,-0.0,6.01,28.610829,PROFIT_LOCK_LADDER,-0.124329,0.546272,3.5e-05,0.003218,False,True,"{'price': 59569.0, 'ret_1m': 0.0, 'ret_5m': 0.00020148765048608896, 'ema9': 59526.11558278021, 'ema21': 59869.57023940535, 'ema200': 61573.62374767264, 'dist_to_support': 0.02386189988413293, 'dist_to_resistance': 0.04107403737972494, 'volume': 0.017311596999999998, 'volume_ratio': 0.5462719368428318, 'delta': -0.12432850200007514, 'velocity': 3.5272888549430184e-05, 'imbalance': 0.0032181672132631013, 'candle_range': 232.6, 'body_ratio': 0.49322000868669685, 'wick_ratio': 0.40677999131330334}",4.0,"{'early_fail_enabled': True, 'invert_signal': False, 'ai_enabled': True, 'edge_threshold': 3.0, 'edge_threshold_max': None, 'edge_range_preset': 'min_only', 'ai_threshold': 44.0, 'leverage': 100, 'pullback_threshold': 0.001}","{'ema9': 59526.11558278021, 'ema21': 59869.57023940535, 'ema200': 61573.62374767264, 'ema_spread': -0.005737, 'ema9_slope_pct': -0.0698, 'ema21_slope_pct': -0.2198, 'ema9_above_ema21': False, 'ema21_above_ema200': False}",WEAK_SETUP,4.0,4.0,False,True,INV_False_EF_True,SHORT,10,6,SCENARIO_C_RUNNER_10_v3,40.0,10.0,-12.0,2.0,8.0,300,1,2,-32.0,False,False,True,False,480,3,5.0,False,5,0.75,"[[10, 6], [20, 10], [30, 20], [40, 28], [60, 45], [80, 60], [100, 75], [150, 120]]","{""trail_ladder"": [[10, 6], [20, 10], [30, 20], [40, 28], [60, 45], [80, 60], [100, 75], [150, 120]], ""ladder_first_trigger_pct"": 10, ""ladder_first_lock_pct"": 6, ""exit_profile_id"": ""SCENARIO_C_RUNNER_10_v3"", ""peak_never_loser_min_peak"": 40.0, ""peak_never_loser_floor"": 10.0, ""thesis_fast_exit_unreal_pct"": -12.0, ""thesis_mfe_protect_pct"": 2.0, ""thesis_exit_if_above_unreal_pct"": 8.0, ""thesis_min_age_sec"": 300, ""thesis_score_flip_margin"": 1, ""thesis_early_decay_delta"": 2, ""early_fail_pct_threshold"": -32.0, ""type_a_first_candle_enabled"": false, ""type_a_early_fail_enabled"": false, ""scenario_c_exit_profile"": true, ""type_a_stall_enabled"": false, ""type_a_stall_min_age_sec"": 480, ""type_a_stall_min_candles"": 3, ""type_a_stall_max_mfe_pct"": 5.0, ""trend_weakening_enabled"": false, ""spread_penalty_threshold"": 5, ""spread_penalty_margin_mult"": 0.75}",2026-06-25T17:32:42.173912+00:00,2026-06-26 03:32:42 AEST,2026-06-26 03:32:42 AEST
2026-06-25T17:36:15.659717+00:00,cont-78528c14a4dd,SHORT,59706.5,59616.0,0.011116,15.16,20.0,3,3.03,3.03,0.0,0.0,-0.0,0.0,PROFIT_LOCK_LADDER,100,0.51,62,44.0,True,SIM_LIMIT,AI_DIRECT_LIMIT,,,,,0,BEAR,SR,60-70,SPAWN,0,0,MIXED,BEAR_ALIGNED,30.95,-1,3,6,0.0113,bitfinex,tBTCF0:USTF0,v11.0-genome-architecture-v1,BITFINEX_ZERO,v11.0-genome-architecture-v1,CONTINUOUS,Continuous AI Research,APPROVE,59591.0,0.040375,0.024517,FREE_RANGE,-0.005095,1.0,179.5,0.011117,-0.251229,15.157479,40.494,40.494,40.494,0-5m,AI_DIRECT,AI_DIRECT_CHASE,1,,115.5,0.0,0.0,0.0,False,0.0,0.0,-5e-06,5.7e-05,0.006584,0.060275,0.145208,0.0,0.003552,59591.0,59539.292466,59844.187821,61549.270835,-0.005095,FREE_RANGE,SHORT_PREFERRED,0.040375,0.024517,BEAR,3.0,44.0,0.0,100,1.6,True,True,APPROVE,62,"```json
{
  ""direction"": ""SHORT"",
  ""confidence"": 62,
  ""long_score"": 25,
  ""short_score"": 75,
  ""preferred_direction"": ""SHORT"",
  ""entry_zone_low"": 59650,
  ""entry_zone_high"": 59850,
  ""limit_price"": 59750,
  ""expected_mfe"": 250,
  ""expected_mae"": 150,
  ""reversal_probability"": 71,
  ""exit_style"": ""AGGRESSIVE"",
  ""reasons_for_trade"": [
    ""MTF agreement is BEAR_ALIGNED with 15m RANGING, 1h BEARISH, 4h BEARISH"",
    ""EMA stack is bearish (price below EMA9, EMA21, EMA200; EMA9 below EMA21, EMA21 below EMA200)"",
    ""ADX at 30.95 indicates trending market (>=25), favoring continuation"",
    ""Trend health state is BEAR with bear_score 6 vs bull_score 3"",
    ""Regime is BEAR and market structure shows LH/LL sequence active"",
    ""Funding rate positive (0.01116% per 8h) favors shorts"",
    ""Price is near micro resistance (60107) and above micro support (59170), offering short entry near resistance"",
    ""Edge score is 1.6 (below threshold 3), suggesting no strong edge for longs""
  ],
  ""reasons_against_trade"": [
    ""Reversal risk score is 71 (high), indicating potential bounce from micro support"",
    ""Higher low detected (HL) suggests some bullish micro structure"",
    ""Market regime tracker shows COMPRESSION, which could precede a breakout either direction"",
    ""Volume ratio is very low (0.072), indicating low conviction in current move"",
    ""Price is closer to support (2.43%) than resistance (4.05%), increasing bounce risk for shorts""
  ],
  ""bull_score"": 3,
  ""bear_score"": 6
}
```",59706.5,59616.0,MAKER,TAKER,0.033562,115.5,40.494,3.03,3.03,0.0,0.0,-0.0,0.0,15.16,0.667048,PROFIT_LOCK_LADDER,0.145208,0.060275,5.7e-05,0.003552,False,True,"{'price': 59591.0, 'ret_1m': -0.00021810616737131736, 'ret_5m': 0.000755718268229604, 'ema9': 59539.29246622417, 'ema21': 59844.18782095755, 'ema200': 61549.2708347984, 'dist_to_support': 0.02451712506922186, 'dist_to_resistance': 0.040375224446644625, 'volume': 0.006583900000000001, 'volume_ratio': 0.06027472486815173, 'delta': 0.14520783999989567, 'velocity': 5.7087260357401156e-05, 'imbalance': 0.0035515536043792357, 'candle_range': 179.5, 'body_ratio': 0.5500680387054585, 'wick_ratio': 0.3499319612945415}",1.6,"{'early_fail_enabled': True, 'invert_signal': False, 'ai_enabled': True, 'edge_threshold': 3.0, 'edge_threshold_max': None, 'edge_range_preset': 'min_only', 'ai_threshold': 44.0, 'leverage': 100, 'pullback_threshold': 0.001}","{'ema9': 59539.29246622417, 'ema21': 59844.18782095755, 'ema200': 61549.2708347984, 'ema_spread': -0.005095, 'ema9_slope_pct': 0.0261, 'ema21_slope_pct': -0.1633, 'ema9_above_ema21': False, 'ema21_above_ema200': False}",MOMENTUM_LONG,1.6,1.6,False,True,INV_False_EF_True,SHORT,10,6,SCENARIO_C_RUNNER_10_v3,40.0,10.0,-12.0,2.0,8.0,300,1,2,-32.0,False,False,True,False,480,3,5.0,False,5,0.75,"[[10, 6], [20, 10], [30, 20], [40, 28], [60, 45], [80, 60], [100, 75], [150, 120]]","{""trail_ladder"": [[10, 6], [20, 10], [30, 20], [40, 28], [60, 45], [80, 60], [100, 75], [150, 120]], ""ladder_first_trigger_pct"": 10, ""ladder_first_lock_pct"": 6, ""exit_profile_id"": ""SCENARIO_C_RUNNER_10_v3"", ""peak_never_loser_min_peak"": 40.0, ""peak_never_loser_floor"": 10.0, ""thesis_fast_exit_unreal_pct"": -12.0, ""thesis_mfe_protect_pct"": 2.0, ""thesis_exit_if_above_unreal_pct"": 8.0, ""thesis_min_age_sec"": 300, ""thesis_score_flip_margin"": 1, ""thesis_early_decay_delta"": 2, ""early_fail_pct_threshold"": -32.0, ""type_a_first_candle_enabled"": false, ""type_a_early_fail_enabled"": false, ""scenario_c_exit_profile"": true, ""type_a_stall_enabled"": false, ""type_a_stall_min_age_sec"": 480, ""type_a_stall_min_candles"": 3, ""type_a_stall_max_mfe_pct"": 5.0, ""trend_weakening_enabled"": false, ""spread_penalty_threshold"": 5, ""spread_penalty_margin_mult"": 0.75}",2026-06-25T17:36:15.659717+00:00,2026-06-26 03:36:15 AEST,2026-06-26 03:36:15 AEST
2026-06-25T17:40:17.803822+00:00,cont-b3b81c863beb,SHORT,59759.19,59731.2,0.205326,4.68,20.0,4,0.94,0.94,0.0,0.0,-0.0,-0.0,PROFIT_LOCK_LADDER,100,0.16,62,44.0,True,SIM_LIMIT,AI_DIRECT_LIMIT,,,,,0,BEAR,SR,60-70,SPAWN,0,0,MIXED,BEAR_ALIGNED,30.6,-1,3,7,0.01181,bitfinex,tBTCF0:USTF0,v11.0-genome-architecture-v1,BITFINEX_ZERO,v11.0-genome-architecture-v1,CONTINUOUS,Continuous AI Research,APPROVE,59747.0,0.038337,0.026429,FREE_RANGE,-0.004886,0.869958,179.5,0.205327,0.0,13.920871,76.664,76.664,76.664,0-5m,AI_DIRECT,AI_DIRECT_CHASE,2,,12.19,0.0,0.5087,0.5087,False,0.0,0.0,-0.000101,2.8e-05,0.007029,0.561673,2.09296,0.0,0.047764,59747.0,59565.292466,59856.006003,61550.564367,-0.004857,FREE_RANGE,SHORT_PREFERRED,0.038337,0.026429,BEAR,3.0,44.0,0.0,100,3.2,True,True,APPROVE,62,"```json
{
  ""direction"": ""SHORT"",
  ""confidence"": 62,
  ""long_score"": 25,
  ""short_score"": 75,
  ""preferred_direction"": ""SHORT"",
  ""entry_zone_low"": 59708,
  ""entry_zone_high"": 59900,
  ""limit_price"": 59804,
  ""expected_mfe"": 350,
  ""expected_mae"": 200,
  ""reversal_probability"": 35,
  ""exit_style"": ""AGGRESSIVE"",
  ""reasons_for_trade"": [
    ""MTF agreement is BEAR_ALIGNED (15m ranging, 1h/4h bearish) with 2 bear TFs vs 0 bull"",
    ""EMA stack is bearish (price below ema21 and ema200, ema9 below ema21, stack_bear true)"",
    ""ADX at 30.6 (>25) confirms trending market favoring continuation"",
    ""Trend health state is BEAR with bear_score 6 vs bull_score 3, intact bearish trend"",
    ""Market structure shows LH/LL sequence inactive but last swings are HL/LL pattern with structure bias MIXED, leaning bear"",
    ""Regime is BEAR, sr_bias is SHORT_PREFERRED, edge_score 3.2 above threshold"",
    ""Funding positive (0.0117% per 8h) favors shorts, longs paying"",
    ""Price near micro resistance (60107) at 0.67% distance, providing short entry location context"",
    ""Volume ratio low (0.39) suggests lack of buying pressure on bounces"",
    ""Velocity negative (-4.35e-5) supports bearish momentum""
  ],
  ""reasons_against_trade"": [
    ""Price is near micro support (59170) at 0.9% distance, increasing bounce risk for short entries near support"",
    ""Reversal risk score is 51 (moderate), with higher_low_detected true suggesting potential micro structure shift"",
    ""Market regime tracker shows COMPRESSION currently, which may precede expansion in either direction"",
    ""Delta positive (2.1) and imbalance positive (0.048) indicate some buying pressure in recent candles"",
    ""Candle body ratio 0.55 suggests moderate buying within the candle"",
    ""Short entry near support historically has reduced expectancy without strong bearish continuation""
  ],
  ""bull_score"": 3,
  ""bear_score"": 7
}
```

**Direction: SHORT**  
**Win probability: 62%**  
**Long score: 25**  
**Short score: 75**  
**Bull score: 3/10**  
**Bear score: 7/10**  
**Decision: APPROVE**  

**Reason:** The bearish case is significantly stronger across all trend hierarchy layers: MTF agreement is BEAR_ALIGNED, EMA stack is bearish, ADX > 25 confirms trending conditions, trend health is intact bearish, and funding favors shorts. The short score (75) exceeds the long score (25) by more than the required 5-point threshold. While price is near micro support (0.9% away), the bearish continuation bias outweighs the bounce risk given the strong trend alignment. The entry zone is set slightly above current price (pullback entry) to avoid chasing, with a limit at the midpoint. Exit style is AGGRESSIVE due to proximity to support and compression regime, suggesting quick profit-taking.",59759.19,59731.2,MAKER,TAKER,0.033474,12.19,76.664,0.94,0.94,0.0,0.0,-0.0,-0.0,4.68,12.319652,PROFIT_LOCK_LADDER,2.09296,0.561673,2.8e-05,0.047764,False,True,"{'price': 59747.0, 'ret_1m': 1.6737522177216884e-05, 'ret_5m': -0.0004349790038980811, 'ema9': 59565.29246622417, 'ema21': 59856.006002775735, 'ema200': 61550.56436713671, 'dist_to_support': 0.026428619280498427, 'dist_to_resistance': 0.0383365713137268, 'volume': 0.007028732000000001, 'volume_ratio': 0.5616726176192542, 'delta': 2.0929603959998895, 'velocity': 2.8495586984004725e-05, 'imbalance': 0.047764027247296864, 'candle_range': 179.5, 'body_ratio': 0.5500680387054585, 'wick_ratio': 0.3499319612945415}",3.2,"{'early_fail_enabled': True, 'invert_signal': False, 'ai_enabled': True, 'edge_threshold': 3.0, 'edge_threshold_max': None, 'edge_range_preset': 'min_only', 'ai_threshold': 44.0, 'leverage': 100, 'pullback_threshold': 0.001}","{'ema9': 59565.29246622417, 'ema21': 59856.006002775735, 'ema200': 61550.56436713671, 'ema_spread': -0.004857, 'ema9_slope_pct': 0.0698, 'ema21_slope_pct': -0.1435, 'ema9_above_ema21': False, 'ema21_above_ema200': False}",MOMENTUM_LONG,3.2,3.2,False,True,INV_False_EF_True,SHORT,10,6,SCENARIO_C_RUNNER_10_v3,40.0,10.0,-12.0,2.0,8.0,300,1,2,-32.0,False,False,True,False,480,3,5.0,False,5,0.75,"[[10, 6], [20, 10], [30, 20], [40, 28], [60, 45], [80, 60], [100, 75], [150, 120]]","{""trail_ladder"": [[10, 6], [20, 10], [30, 20], [40, 28], [60, 45], [80, 60], [100, 75], [150, 120]], ""ladder_first_trigger_pct"": 10, ""ladder_first_lock_pct"": 6, ""exit_profile_id"": ""SCENARIO_C_RUNNER_10_v3"", ""peak_never_loser_min_peak"": 40.0, ""peak_never_loser_floor"": 10.0, ""thesis_fast_exit_unreal_pct"": -12.0, ""thesis_mfe_protect_pct"": 2.0, ""thesis_exit_if_above_unreal_pct"": 8.0, ""thesis_min_age_sec"": 300, ""thesis_score_flip_margin"": 1, ""thesis_early_decay_delta"": 2, ""early_fail_pct_threshold"": -32.0, ""type_a_first_candle_enabled"": false, ""type_a_early_fail_enabled"": false, ""scenario_c_exit_profile"": true, ""type_a_stall_enabled"": false, ""type_a_stall_min_age_sec"": 480, ""type_a_stall_min_candles"": 3, ""type_a_stall_max_mfe_pct"": 5.0, ""trend_weakening_enabled"": false, ""spread_penalty_threshold"": 5, ""spread_penalty_margin_mult"": 0.75}",2026-06-25T17:40:17.803822+00:00,2026-06-26 03:40:17 AEST,2026-06-26 03:40:17 AEST
2026-06-25T17:40:18.202602+00:00,c604c-a0c584011630,SHORT,59762.0,59731.2,0.119444,5.15,20.0,4,1.03,1.03,0.0,0.0,-0.0,-0.0,PROFIT_LOCK_LADDER,100,0.17,62,44.0,True,SIM_LIMIT,AI_DIRECT_LIMIT,,,,,0,BEAR,SR,60-70,SPAWN,0,0,MIXED,BEAR_ALIGNED,30.6,-1,3,7,0.01181,bitfinex,tBTCF0:USTF0,v11.0-genome-architecture-v1,BITFINEX_ZERO,v11.0-genome-architecture-v1,COMBO_604_SP4_CHASE_3PLUS,AI60-65 · Spread4 · Chase 3+,APPROVE,59747.0,0.038337,0.026429,FREE_RANGE,-0.004886,0.869958,179.5,0.119445,0.0,14.390415,81.402,81.402,81.402,0-5m,AI_DIRECT,AI_DIRECT_CHASE,2,,15.0,0.0,0.5087,0.5087,False,0.0,0.0,-5.9e-05,2.8e-05,0.007029,0.561673,2.09296,0.0,0.047764,59747.0,59565.292466,59856.006003,61550.564367,-0.004857,FREE_RANGE,SHORT_PREFERRED,0.038337,0.026429,BEAR,3.0,44.0,0.0,100,3.2,True,True,APPROVE,62,"```json
{
  ""direction"": ""SHORT"",
  ""confidence"": 62,
  ""long_score"": 25,
  ""short_score"": 75,
  ""preferred_direction"": ""SHORT"",
  ""entry_zone_low"": 59708,
  ""entry_zone_high"": 59900,
  ""limit_price"": 59804,
  ""expected_mfe"": 350,
  ""expected_mae"": 200,
  ""reversal_probability"": 35,
  ""exit_style"": ""AGGRESSIVE"",
  ""reasons_for_trade"": [
    ""MTF agreement is BEAR_ALIGNED (15m ranging, 1h/4h bearish) with 2 bear TFs vs 0 bull"",
    ""EMA stack is bearish (price below ema21 and ema200, ema9 below ema21, stack_bear true)"",
    ""ADX at 30.6 (>25) confirms trending market favoring continuation"",
    ""Trend health state is BEAR with bear_score 6 vs bull_score 3, intact bearish trend"",
    ""Market structure shows LH/LL sequence inactive but last swings are HL/LL pattern with structure bias MIXED, leaning bear"",
    ""Regime is BEAR, sr_bias is SHORT_PREFERRED, edge_score 3.2 above threshold"",
    ""Funding positive (0.0117% per 8h) favors shorts, longs paying"",
    ""Price near micro resistance (60107) at 0.67% distance, providing short entry location context"",
    ""Volume ratio low (0.39) suggests lack of buying pressure on bounces"",
    ""Velocity negative (-4.35e-5) supports bearish momentum""
  ],
  ""reasons_against_trade"": [
    ""Price is near micro support (59170) at 0.9% distance, increasing bounce risk for short entries near support"",
    ""Reversal risk score is 51 (moderate), with higher_low_detected true suggesting potential micro structure shift"",
    ""Market regime tracker shows COMPRESSION currently, which may precede expansion in either direction"",
    ""Delta positive (2.1) and imbalance positive (0.048) indicate some buying pressure in recent candles"",
    ""Candle body ratio 0.55 suggests moderate buying within the candle"",
    ""Short entry near support historically has reduced expectancy without strong bearish continuation""
  ],
  ""bull_score"": 3,
  ""bear_score"": 7
}
```

**Direction: SHORT**  
**Win probability: 62%**  
**Long score: 25**  
**Short score: 75**  
**Bull score: 3/10**  
**Bear score: 7/10**  
**Decision: APPROVE**  

**Reason:** The bearish case is significantly stronger across all trend hierarchy layers: MTF agreement is BEAR_ALIGNED, EMA stack is bearish, ADX > 25 confirms trending conditions, trend health is intact bearish, and funding favors shorts. The short score (75) exceeds the long score (25) by more than the required 5-point threshold. While price is near micro support (0.9% away), the bearish continuation bias outweighs the bounce risk given the strong trend alignment. The entry zone is set slightly above current price (pullback entry) to avoid chasing, with a limit at the midpoint. Exit style is AGGRESSIVE due to proximity to support and compression regime, suggesting quick profit-taking.",59762.0,59731.2,MAKER,TAKER,0.033474,15.0,81.402,1.03,1.03,0.0,0.0,-0.0,-0.0,5.15,7.166762,PROFIT_LOCK_LADDER,2.09296,0.561673,2.8e-05,0.047764,False,True,"{'price': 59747.0, 'ret_1m': 1.6737522177216884e-05, 'ret_5m': -0.0004349790038980811, 'ema9': 59565.29246622417, 'ema21': 59856.006002775735, 'ema200': 61550.56436713671, 'dist_to_support': 0.026428619280498427, 'dist_to_resistance': 0.0383365713137268, 'volume': 0.007028732000000001, 'volume_ratio': 0.5616726176192542, 'delta': 2.0929603959998895, 'velocity': 2.8495586984004725e-05, 'imbalance': 0.047764027247296864, 'candle_range': 179.5, 'body_ratio': 0.5500680387054585, 'wick_ratio': 0.3499319612945415}",3.2,"{'early_fail_enabled': True, 'invert_signal': False, 'ai_enabled': True, 'edge_threshold': 3.0, 'edge_threshold_max': None, 'edge_range_preset': 'min_only', 'ai_threshold': 44.0, 'leverage': 100, 'pullback_threshold': 0.001}","{'ema9': 59565.29246622417, 'ema21': 59856.006002775735, 'ema200': 61550.56436713671, 'ema_spread': -0.004857, 'ema9_slope_pct': 0.0698, 'ema21_slope_pct': -0.1435, 'ema9_above_ema21': False, 'ema21_above_ema200': False}",MOMENTUM_LONG,3.2,3.2,False,True,INV_False_EF_True,SHORT,10,6,SCENARIO_C_RUNNER_10_v3,40.0,10.0,-12.0,2.0,8.0,300,1,2,-32.0,False,False,True,False,480,3,5.0,False,5,0.75,"[[10, 6], [20, 10], [30, 20], [40, 28], [60, 45], [80, 60], [100, 75], [150, 120]]","{""trail_ladder"": [[10, 6], [20, 10], [30, 20], [40, 28], [60, 45], [80, 60], [100, 75], [150, 120]], ""ladder_first_trigger_pct"": 10, ""ladder_first_lock_pct"": 6, ""exit_profile_id"": ""SCENARIO_C_RUNNER_10_v3"", ""peak_never_loser_min_peak"": 40.0, ""peak_never_loser_floor"": 10.0, ""thesis_fast_exit_unreal_pct"": -12.0, ""thesis_mfe_protect_pct"": 2.0, ""thesis_exit_if_above_unreal_pct"": 8.0, ""thesis_min_age_sec"": 300, ""thesis_score_flip_margin"": 1, ""thesis_early_decay_delta"": 2, ""early_fail_pct_threshold"": -32.0, ""type_a_first_candle_enabled"": false, ""type_a_early_fail_enabled"": false, ""scenario_c_exit_profile"": true, ""type_a_stall_enabled"": false, ""type_a_stall_min_age_sec"": 480, ""type_a_stall_min_candles"": 3, ""type_a_stall_max_mfe_pct"": 5.0, ""trend_weakening_enabled"": false, ""spread_penalty_threshold"": 5, ""spread_penalty_margin_mult"": 0.75}",2026-06-25T17:40:18.202602+00:00,2026-06-26 03:40:18 AEST,2026-06-26 03:40:18 AEST
2026-06-25T17:47:40.598654+00:00,cont-a1b99360af89,SHORT,59672.21,59560.0,2.737821,18.81,20.0,4,3.76,3.76,0.0,0.0,-0.0,-0.0,PROFIT_LOCK_LADDER,100,0.63,62,44.0,True,SIM_LIMIT,AI_DIRECT_LIMIT,,,,,0,BEAR,SR,60-70,SPAWN,0,0,MIXED,BEAR_ALIGNED,30.59,-1,3,7,0.01274,bitfinex,tBTCF0:USTF0,v11.0-genome-architecture-v1,BITFINEX_ZERO,v11.0-genome-architecture-v1,CONTINUOUS,Continuous AI Research,APPROVE,59634.0,0.039451,0.025384,FREE_RANGE,-0.004758,1.0,179.5,2.737821,0.0,30.870316,181.586,181.586,181.586,0-5m,AI_DIRECT,AI_DIRECT_CHASE,4,,38.21,0.0,0.1006,0.1006,False,0.0,0.0,-0.001441,-3.9e-05,0.001724,1.365825,1.725062,0.0,0.038891,59634.0,59558.692466,59853.006003,61550.236009,-0.004917,FREE_RANGE,SHORT_PREFERRED,0.039451,0.025384,BEAR,3.0,44.0,0.0,100,3.2,True,True,APPROVE,62,"```json
{
  ""direction"": ""SHORT"",
  ""confidence"": 62,
  ""long_score"": 28,
  ""short_score"": 72,
  ""preferred_direction"": ""SHORT"",
  ""entry_zone_low"": 59700,
  ""entry_zone_high"": 59900,
  ""limit_price"": 59800,
  ""expected_mfe"": 350,
  ""expected_mae"": 180,
  ""reversal_probability"": 33,
  ""exit_style"": ""AGGRESSIVE"",
  ""reasons_for_trade"": [
    ""MTF agreement is BEAR_ALIGNED (15m RANGING, 1h BEARISH, 4h BEARISH) - strong bearish confluence"",
    ""EMA stack is bearish (price below EMA21, EMA21 below EMA200, stack_bear=true)"",
    ""ADX at 30.59 (>25) confirms trending conditions favoring continuation"",
    ""Trend health state is BEAR with bear_score=6 vs bull_score=3"",
    ""Regime is BEAR, structure bias is LEAN_BEAR, and last 3 signals are all bear"",
    ""Price is near micro resistance (60107) and has rejected it, suggesting bearish pressure"",
    ""Volume ratio elevated (1.44) with negative velocity, supporting bearish momentum""
  ],
  ""reasons_against_trade"": [
    ""Price is relatively close to micro support (59170) - bounce risk if continuation fails"",
    ""Higher low detected (HL) could indicate short-term buying interest"",
    ""Reversal risk score is 33 (moderate) - not negligible"",
    ""Funding positive (0.012% per 8h) favors shorts but can flip if price drops sharply"",
    ""Edge score is only 3.2 (just above threshold) - not a high-conviction edge""
  ],
  ""bull_score"": 3,
  ""bear_score"": 7
}
```

**Direction:** SHORT  
**Win probability:** 62%  
**Long score:** 28  
**Short score:** 72  
**Bull score:** 3  
**Bear score:** 7  
**Decision:** APPROVE  

**Reason:** The trend hierarchy strongly favors bearish continuation: MTF is BEAR_ALIGNED, EMA stack is bearish, ADX > 25 confirms trending conditions, and trend health is bearish with a bear_score of 6 vs bull_score of 3. Price is near micro resistance (60107) and has rejected it, while volume ratio is elevated with negative velocity. The short score (72) significantly exceeds the long score (28) by more than the required 5-point gap. Although price is relatively close to micro support (59170), the bearish structure and lack of reversal confirmations (no lower high, no structure shift) make a short continuation more probable than a bounce. Entry is set above current price (59800) to capture a pullback to resistance before continuation. Exit style is AGGRESSIVE due to proximity to support and moderate reversal risk.",59672.21,59560.0,MAKER,TAKER,0.033538,38.21,181.586,3.76,3.76,0.0,0.0,-0.0,-0.0,18.81,164.2693,PROFIT_LOCK_LADDER,1.725062,1.365825,-3.9e-05,0.038891,False,True,"{'price': 59634.0, 'ret_1m': 0.0, 'ret_5m': -0.0014734938548608553, 'ema9': 59558.692466224165, 'ema21': 59853.006002775735, 'ema200': 61550.23600892775, 'dist_to_support': 0.02538394473878345, 'dist_to_resistance': 0.03945074106364429, 'volume': 0.00172362, 'volume_ratio': 1.3658251107930013, 'delta': 1.7250618609998554, 'velocity': -3.855120496261465e-05, 'imbalance': 0.038891479108386494, 'candle_range': 179.5, 'body_ratio': 0.5500680387054585, 'wick_ratio': 0.3499319612945415}",3.2,"{'early_fail_enabled': True, 'invert_signal': False, 'ai_enabled': True, 'edge_threshold': 3.0, 'edge_threshold_max': None, 'edge_range_preset': 'min_only', 'ai_threshold': 44.0, 'leverage': 100, 'pullback_threshold': 0.001}","{'ema9': 59558.692466224165, 'ema21': 59853.006002775735, 'ema200': 61550.23600892775, 'ema_spread': -0.004917, 'ema9_slope_pct': 0.0587, 'ema21_slope_pct': -0.1486, 'ema9_above_ema21': False, 'ema21_above_ema200': False}",WEAK_SETUP,3.2,3.2,False,True,INV_False_EF_True,SHORT,10,6,SCENARIO_C_RUNNER_10_v3,40.0,10.0,-12.0,2.0,8.0,300,1,2,-32.0,False,False,True,False,480,3,5.0,False,5,0.75,"[[10, 6], [20, 10], [30, 20], [40, 28], [60, 45], [80, 60], [100, 75], [150, 120]]","{""trail_ladder"": [[10, 6], [20, 10], [30, 20], [40, 28], [60, 45], [80, 60], [100, 75], [150, 120]], ""ladder_first_trigger_pct"": 10, ""ladder_first_lock_pct"": 6, ""exit_profile_id"": ""SCENARIO_C_RUNNER_10_v3"", ""peak_never_loser_min_peak"": 40.0, ""peak_never_loser_floor"": 10.0, ""thesis_fast_exit_unreal_pct"": -12.0, ""thesis_mfe_protect_pct"": 2.0, ""thesis_exit_if_above_unreal_pct"": 8.0, ""thesis_min_age_sec"": 300, ""thesis_score_flip_margin"": 1, ""thesis_early_decay_delta"": 2, ""early_fail_pct_threshold"": -32.0, ""type_a_first_candle_enabled"": false, ""type_a_early_fail_enabled"": false, ""scenario_c_exit_profile"": true, ""type_a_stall_enabled"": false, ""type_a_stall_min_age_sec"": 480, ""type_a_stall_min_candles"": 3, ""type_a_stall_max_mfe_pct"": 5.0, ""trend_weakening_enabled"": false, ""spread_penalty_threshold"": 5, ""spread_penalty_margin_mult"": 0.75}",2026-06-25T17:47:40.598654+00:00,2026-06-26 03:47:40 AEST,2026-06-26 03:47:40 AEST
2026-06-25T17:47:40.703862+00:00,c604c-f1a24e758c47,SHORT,59676.22,59560.0,2.711674,19.48,20.0,4,3.9,3.9,0.0,0.0,-0.0,-0.0,PROFIT_LOCK_LADDER,100,0.65,62,44.0,True,SIM_LIMIT,AI_DIRECT_LIMIT,,,,,0,BEAR,SR,60-70,SPAWN,0,0,MIXED,BEAR_ALIGNED,30.59,-1,3,7,0.01274,bitfinex,tBTCF0:USTF0,v11.0-genome-architecture-v1,BITFINEX_ZERO,v11.0-genome-architecture-v1,COMBO_604_SP4_CHASE_3PLUS,AI60-65 · Spread4 · Chase 3+,APPROVE,59657.0,0.039451,0.025384,FREE_RANGE,-0.004758,1.0,179.5,2.711675,0.0,31.540201,182.21,182.21,182.21,0-5m,AI_DIRECT,AI_DIRECT_CHASE,4,,19.22,0.0,0.1006,0.1006,False,0.0,0.0,-0.001427,-3.9e-05,0.001724,1.365825,1.725062,0.0,0.038891,59634.0,59558.692466,59853.006003,61550.236009,-0.004917,FREE_RANGE,SHORT_PREFERRED,0.039451,0.025384,BEAR,3.0,44.0,0.0,100,3.2,True,True,APPROVE,62,"```json
{
  ""direction"": ""SHORT"",
  ""confidence"": 62,
  ""long_score"": 28,
  ""short_score"": 72,
  ""preferred_direction"": ""SHORT"",
  ""entry_zone_low"": 59700,
  ""entry_zone_high"": 59900,
  ""limit_price"": 59800,
  ""expected_mfe"": 350,
  ""expected_mae"": 180,
  ""reversal_probability"": 33,
  ""exit_style"": ""AGGRESSIVE"",
  ""reasons_for_trade"": [
    ""MTF agreement is BEAR_ALIGNED (15m RANGING, 1h BEARISH, 4h BEARISH) - strong bearish confluence"",
    ""EMA stack is bearish (price below EMA21, EMA21 below EMA200, stack_bear=true)"",
    ""ADX at 30.59 (>25) confirms trending conditions favoring continuation"",
    ""Trend health state is BEAR with bear_score=6 vs bull_score=3"",
    ""Regime is BEAR, structure bias is LEAN_BEAR, and last 3 signals are all bear"",
    ""Price is near micro resistance (60107) and has rejected it, suggesting bearish pressure"",
    ""Volume ratio elevated (1.44) with negative velocity, supporting bearish momentum""
  ],
  ""reasons_against_trade"": [
    ""Price is relatively close to micro support (59170) - bounce risk if continuation fails"",
    ""Higher low detected (HL) could indicate short-term buying interest"",
    ""Reversal risk score is 33 (moderate) - not negligible"",
    ""Funding positive (0.012% per 8h) favors shorts but can flip if price drops sharply"",
    ""Edge score is only 3.2 (just above threshold) - not a high-conviction edge""
  ],
  ""bull_score"": 3,
  ""bear_score"": 7
}
```

**Direction:** SHORT  
**Win probability:** 62%  
**Long score:** 28  
**Short score:** 72  
**Bull score:** 3  
**Bear score:** 7  
**Decision:** APPROVE  

**Reason:** The trend hierarchy strongly favors bearish continuation: MTF is BEAR_ALIGNED, EMA stack is bearish, ADX > 25 confirms trending conditions, and trend health is bearish with a bear_score of 6 vs bull_score of 3. Price is near micro resistance (60107) and has rejected it, while volume ratio is elevated with negative velocity. The short score (72) significantly exceeds the long score (28) by more than the required 5-point gap. Although price is relatively close to micro support (59170), the bearish structure and lack of reversal confirmations (no lower high, no structure shift) make a short continuation more probable than a bounce. Entry is set above current price (59800) to capture a pullback to resistance before continuation. Exit style is AGGRESSIVE due to proximity to support and moderate reversal risk.",59676.22,59560.0,MAKER,TAKER,0.033525,19.22,182.21,3.9,3.9,0.0,0.0,-0.0,-0.0,19.48,162.700527,PROFIT_LOCK_LADDER,1.725062,1.365825,-3.9e-05,0.038891,False,True,"{'price': 59634.0, 'ret_1m': 0.0, 'ret_5m': -0.0014734938548608553, 'ema9': 59558.692466224165, 'ema21': 59853.006002775735, 'ema200': 61550.23600892775, 'dist_to_support': 0.02538394473878345, 'dist_to_resistance': 0.03945074106364429, 'volume': 0.00172362, 'volume_ratio': 1.3658251107930013, 'delta': 1.7250618609998554, 'velocity': -3.855120496261465e-05, 'imbalance': 0.038891479108386494, 'candle_range': 179.5, 'body_ratio': 0.5500680387054585, 'wick_ratio': 0.3499319612945415}",3.2,"{'early_fail_enabled': True, 'invert_signal': False, 'ai_enabled': True, 'edge_threshold': 3.0, 'edge_threshold_max': None, 'edge_range_preset': 'min_only', 'ai_threshold': 44.0, 'leverage': 100, 'pullback_threshold': 0.001}","{'ema9': 59558.692466224165, 'ema21': 59853.006002775735, 'ema200': 61550.23600892775, 'ema_spread': -0.004917, 'ema9_slope_pct': 0.0587, 'ema21_slope_pct': -0.1486, 'ema9_above_ema21': False, 'ema21_above_ema200': False}",WEAK_SETUP,3.2,3.2,False,True,INV_False_EF_True,SHORT,10,6,SCENARIO_C_RUNNER_10_v3,40.0,10.0,-12.0,2.0,8.0,300,1,2,-32.0,False,False,True,False,480,3,5.0,False,5,0.75,"[[10, 6], [20, 10], [30, 20], [40, 28], [60, 45], [80, 60], [100, 75], [150, 120]]","{""trail_ladder"": [[10, 6], [20, 10], [30, 20], [40, 28], [60, 45], [80, 60], [100, 75], [150, 120]], ""ladder_first_trigger_pct"": 10, ""ladder_first_lock_pct"": 6, ""exit_profile_id"": ""SCENARIO_C_RUNNER_10_v3"", ""peak_never_loser_min_peak"": 40.0, ""peak_never_loser_floor"": 10.0, ""thesis_fast_exit_unreal_pct"": -12.0, ""thesis_mfe_protect_pct"": 2.0, ""thesis_exit_if_above_unreal_pct"": 8.0, ""thesis_min_age_sec"": 300, ""thesis_score_flip_margin"": 1, ""thesis_early_decay_delta"": 2, ""early_fail_pct_threshold"": -32.0, ""type_a_first_candle_enabled"": false, ""type_a_early_fail_enabled"": false, ""scenario_c_exit_profile"": true, ""type_a_stall_enabled"": false, ""type_a_stall_min_age_sec"": 480, ""type_a_stall_min_candles"": 3, ""type_a_stall_max_mfe_pct"": 5.0, ""trend_weakening_enabled"": false, ""spread_penalty_threshold"": 5, ""spread_penalty_margin_mult"": 0.75}",2026-06-25T17:47:40.703862+00:00,2026-06-26 03:47:40 AEST,2026-06-26 03:47:40 AEST
2026-06-25T17:52:44.947775+00:00,cont-f4caa3293448,SHORT,59586.7,59572.0,0.018529,2.47,20.0,3,0.49,0.49,0.0,0.0,-0.0,0.0,PROFIT_LOCK_LADDER,100,0.08,62,44.0,True,SIM_LIMIT,AI_DIRECT_LIMIT,,,,,0,BEAR,SR,60-70,SPAWN,0,0,MIXED,BEAR_ALIGNED,29.53,-1,3,6,0.01358,bitfinex,tBTCF0:USTF0,v11.0-genome-architecture-v1,BITFINEX_ZERO,v11.0-genome-architecture-v1,CONTINUOUS,Continuous AI Research,APPROVE,59546.0,0.041161,0.02378,FREE_RANGE,-0.004741,1.0,136.7,0.01853,0.0,10.522482,258.362,258.362,258.362,0-5m,AI_DIRECT,AI_DIRECT_CHASE,5,,40.7,0.0,0.0,0.0,False,0.0,0.0,-8e-06,-2e-05,0.008239,1.764229,2.039233,0.0,0.042675,59546.0,59535.953973,59814.724465,61524.167489,-0.004661,FREE_RANGE,SHORT_PREFERRED,0.041161,0.02378,BEAR,3.0,44.0,0.0,100,2.5,True,True,APPROVE,62,"```json
{
  ""direction"": ""SHORT"",
  ""confidence"": 62,
  ""long_score"": 28,
  ""short_score"": 72,
  ""preferred_direction"": ""SHORT"",
  ""entry_zone_low"": 59650,
  ""entry_zone_high"": 59800,
  ""limit_price"": 59725,
  ""expected_mfe"": 350,
  ""expected_mae"": 180,
  ""reversal_probability"": 33,
  ""exit_style"": ""AGGRESSIVE"",
  ""reasons_for_trade"": [
    ""MTF agreement is BEAR_ALIGNED (15m ranging, 1h/4h bearish) - strong bearish hierarchy"",
    ""EMA stack is bearish (price below ema21, ema9 below ema21, ema21 below ema200) - bear alignment"",
    ""ADX 29.53 > 25 - trending market favors continuation, not reversal"",
    ""Trend health state BEAR with bear_score 6 vs bull_score 3 - intact bearish momentum"",
    ""Structure bias MIXED but last swing high (60107) and low (59170) show lower highs pattern"",
    ""Volume ratio 1.22 above average - selling pressure confirmed"",
    ""Funding positive (0.01288% per 8h) - longs paying shorts, consistent with bearish sentiment"",
    ""Price near micro resistance (60107) at 0.97% distance - short entry into resistance zone""
  ],
  ""reasons_against_trade"": [
    ""Price near micro support (59170) at 0.6% distance - potential bounce risk if selling exhausts"",
    ""Higher low detected (HL in swing labels) - minor bullish micro structure"",
    ""Reversal risk score 33 - non-trivial chance of mean reversion"",
    ""Edge score 2.5 below threshold 3.0 - telemetry suggests caution on this setup"",
    ""Candle body ratio 0.61 > wick ratio 0.29 - current candle has bullish body bias""
  ],
  ""bull_score"": 3,
  ""bear_score"": 6
}
```

Direction: SHORT  
Win probability: 62%  
Long score: 28  
Short score: 72  
Bull score: 3  
Bear score: 6  
Decision: APPROVE  
Reason: Strong bearish hierarchy (BEAR_ALIGNED MTF, bearish EMA stack, ADX > 25 trending) supports continuation. Short entry near micro resistance (60107) with positive funding and above-average volume confirms bearish flow. The higher low detection and proximity to support (59170) introduce bounce risk, but the trend hierarchy overrides micro structure for continuation bias. Entry zone set above current price (59530) to allow pullback to resistance before shorting.",59586.7,59572.0,MAKER,TAKER,0.033587,40.7,258.362,0.49,0.49,0.0,0.0,-0.0,0.0,2.47,1.111822,PROFIT_LOCK_LADDER,2.039233,1.764229,-2e-05,0.042675,False,True,"{'price': 59546.0, 'ret_1m': 0.0002687720477070385, 'ret_5m': 0.0006890177296025544, 'ema9': 59535.95397297933, 'ema21': 59814.72446533476, 'ema200': 61524.167488968174, 'dist_to_support': 0.02377993484029154, 'dist_to_resistance': 0.04116145500957243, 'volume': 0.008239092, 'volume_ratio': 1.7642292810015883, 'delta': 2.0392331309998495, 'velocity': -2.013816140184126e-05, 'imbalance': 0.04267513612558419, 'candle_range': 136.7, 'body_ratio': 0.609755295654167, 'wick_ratio': 0.29024470434583305}",2.5,"{'early_fail_enabled': True, 'invert_signal': False, 'ai_enabled': True, 'edge_threshold': 3.0, 'edge_threshold_max': None, 'edge_range_preset': 'min_only', 'ai_threshold': 44.0, 'leverage': 100, 'pullback_threshold': 0.001}","{'ema9': 59535.95397297933, 'ema21': 59814.72446533476, 'ema200': 61524.167488968174, 'ema_spread': -0.004661, 'ema9_slope_pct': 0.053, 'ema21_slope_pct': -0.1344, 'ema9_above_ema21': False, 'ema21_above_ema200': False}",WEAK_SETUP,2.5,2.5,False,True,INV_False_EF_True,SHORT,10,6,SCENARIO_C_RUNNER_10_v3,40.0,10.0,-12.0,2.0,8.0,300,1,2,-32.0,False,False,True,False,480,3,5.0,False,5,0.75,"[[10, 6], [20, 10], [30, 20], [40, 28], [60, 45], [80, 60], [100, 75], [150, 120]]","{""trail_ladder"": [[10, 6], [20, 10], [30, 20], [40, 28], [60, 45], [80, 60], [100, 75], [150, 120]], ""ladder_first_trigger_pct"": 10, ""ladder_first_lock_pct"": 6, ""exit_profile_id"": ""SCENARIO_C_RUNNER_10_v3"", ""peak_never_loser_min_peak"": 40.0, ""peak_never_loser_floor"": 10.0, ""thesis_fast_exit_unreal_pct"": -12.0, ""thesis_mfe_protect_pct"": 2.0, ""thesis_exit_if_above_unreal_pct"": 8.0, ""thesis_min_age_sec"": 300, ""thesis_score_flip_margin"": 1, ""thesis_early_decay_delta"": 2, ""early_fail_pct_threshold"": -32.0, ""type_a_first_candle_enabled"": false, ""type_a_early_fail_enabled"": false, ""scenario_c_exit_profile"": true, ""type_a_stall_enabled"": false, ""type_a_stall_min_age_sec"": 480, ""type_a_stall_min_candles"": 3, ""type_a_stall_max_mfe_pct"": 5.0, ""trend_weakening_enabled"": false, ""spread_penalty_threshold"": 5, ""spread_penalty_margin_mult"": 0.75}",2026-06-25T17:52:44.947775+00:00,2026-06-26 03:52:44 AEST,2026-06-26 03:52:44 AEST
2026-06-25T18:03:57.643501+00:00,cont-1a166e20eb68,SHORT,59669.03,59635.4,6.671597,5.66,20.0,3,1.13,1.13,0.0,0.0,-0.0,-0.0,PROFIT_LOCK_LADDER,100,0.19,62,44.0,True,SIM_LIMIT,AI_DIRECT_LIMIT,,,,,0,BEAR,SR,60-70,SPAWN,0,0,MIXED,BEAR_ALIGNED,29.54,-1,3,6,0.01501,bitfinex,tBTCF0:USTF0,v11.0-genome-architecture-v1,BITFINEX_ZERO,v11.0-genome-architecture-v1,CONTINUOUS,Continuous AI Research,APPROVE,59625.0,0.039276,0.025547,FREE_RANGE,-0.003771,0.503094,136.7,6.671598,-28.984885,10.228086,152.257,152.257,152.257,0-5m,AI_DIRECT,AI_DIRECT_CHASE,3,,44.03,0.0,0.047,0.047,False,0.0,0.0,-0.004065,-3.2e-05,0.004131,0.296635,2.521469,0.0,0.048962,59625.0,59558.353973,59824.906284,61525.281917,-0.004456,FREE_RANGE,SHORT_PREFERRED,0.039276,0.025547,BEAR,3.0,44.0,0.0,100,1.7,True,True,APPROVE,62,"```json
{
  ""direction"": ""SHORT"",
  ""confidence"": 62,
  ""long_score"": 28,
  ""short_score"": 72,
  ""preferred_direction"": ""SHORT"",
  ""entry_zone_low"": 59700,
  ""entry_zone_high"": 59900,
  ""limit_price"": 59800,
  ""expected_mfe"": 250,
  ""expected_mae"": 120,
  ""reversal_probability"": 53,
  ""exit_style"": ""AGGRESSIVE"",
  ""reasons_for_trade"": [
    ""MTF agreement is BEAR_ALIGNED (15m RANGING, 1h BEARISH, 4h BEARISH) - strong bearish consensus"",
    ""EMA stack is bearish (price below EMA21 and EMA200, EMA9 below EMA21, EMA21 below EMA200)"",
    ""ADX at 29.54 (>25) confirms trending market, favoring continuation"",
    ""Trend health state is BEAR with bear_score 6 vs bull_score 3, intact bearish momentum"",
    ""Market structure shows LH/LL sequence active, last swing high at 60107, last swing low at 59170 - bearish structure"",
    ""Volume ratio elevated at 3.99, delta positive but small - suggests selling pressure may resume after bounce"",
    ""Price near micro resistance (60107) and recent high (61997) - short from pullback into resistance zone aligns with bear continuation"",
    ""Funding rate positive (0.01373% per 8h) - shorts receive funding, slight tailwind for short positions""
  ],
  ""reasons_against_trade"": [
    ""Price is near micro support (59170) - short entries near support have reduced expectancy without strong continuation"",
    ""Reversal risk score is 53 - moderate risk of a bounce from current levels"",
    ""Higher low detected (HL in swing labels) - some micro bullish structure forming"",
    ""Edge score (1.7) below threshold (3.0) - signal quality not exceptional"",
    ""Candle body ratio (0.61) shows some buying absorption in recent bar"",
    ""Distance to support (2.5%) is closer than resistance (3.9%) - limited downside room before support""
  ],
  ""bull_score"": 3,
  ""bear_score"": 6
}
```

Direction: SHORT
Win probability: 62%
Long score: 28
Short score: 72
Bull score: 3
Bear score: 6
Decision: APPROVE
Reason: Strong bearish alignment across MTF, EMA stack, ADX, and trend health. Short from pullback into resistance zone (59700-59900) with aggressive exit targets support at 59170. Reversal risk moderate but not confirmed - no structure shift or momentum expansion to support a long.",59669.03,59635.4,MAKER,TAKER,0.033543,44.03,152.257,1.13,1.13,0.0,0.0,-0.0,-0.0,5.66,400.295963,PROFIT_LOCK_LADDER,2.521469,0.296635,-3.2e-05,0.048962,False,True,"{'price': 59625.0, 'ret_1m': -0.00010061880565477688, 'ret_5m': -0.00020121736505860456, 'ema9': 59558.353972979334, 'ema21': 59824.906283516575, 'ema200': 61525.28191682887, 'dist_to_support': 0.02554732289536326, 'dist_to_resistance': 0.03927649445133604, 'volume': 0.00413103, 'volume_ratio': 0.2966348696640446, 'delta': 2.5214689989998407, 'velocity': -3.184983078748755e-05, 'imbalance': 0.04896162531661502, 'candle_range': 136.7, 'body_ratio': 0.609755295654167, 'wick_ratio': 0.29024470434583305}",1.7,"{'early_fail_enabled': True, 'invert_signal': False, 'ai_enabled': True, 'edge_threshold': 3.0, 'edge_threshold_max': None, 'edge_range_preset': 'min_only', 'ai_threshold': 44.0, 'leverage': 100, 'pullback_threshold': 0.001}","{'ema9': 59558.353972979334, 'ema21': 59824.906283516575, 'ema200': 61525.28191682887, 'ema_spread': -0.004456, 'ema9_slope_pct': 0.0907, 'ema21_slope_pct': -0.1174, 'ema9_above_ema21': False, 'ema21_above_ema200': False}",WEAK_SETUP,1.7,1.7,False,True,INV_False_EF_True,SHORT,10,6,SCENARIO_C_RUNNER_10_v3,40.0,10.0,-12.0,2.0,8.0,300,1,2,-32.0,False,False,True,False,480,3,5.0,False,5,0.75,"[[10, 6], [20, 10], [30, 20], [40, 28], [60, 45], [80, 60], [100, 75], [150, 120]]","{""trail_ladder"": [[10, 6], [20, 10], [30, 20], [40, 28], [60, 45], [80, 60], [100, 75], [150, 120]], ""ladder_first_trigger_pct"": 10, ""ladder_first_lock_pct"": 6, ""exit_profile_id"": ""SCENARIO_C_RUNNER_10_v3"", ""peak_never_loser_min_peak"": 40.0, ""peak_never_loser_floor"": 10.0, ""thesis_fast_exit_unreal_pct"": -12.0, ""thesis_mfe_protect_pct"": 2.0, ""thesis_exit_if_above_unreal_pct"": 8.0, ""thesis_min_age_sec"": 300, ""thesis_score_flip_margin"": 1, ""thesis_early_decay_delta"": 2, ""early_fail_pct_threshold"": -32.0, ""type_a_first_candle_enabled"": false, ""type_a_early_fail_enabled"": false, ""scenario_c_exit_profile"": true, ""type_a_stall_enabled"": false, ""type_a_stall_min_age_sec"": 480, ""type_a_stall_min_candles"": 3, ""type_a_stall_max_mfe_pct"": 5.0, ""trend_weakening_enabled"": false, ""spread_penalty_threshold"": 5, ""spread_penalty_margin_mult"": 0.75}",2026-06-25T18:03:57.643501+00:00,2026-06-26 04:03:57 AEST,2026-06-26 04:03:57 AEST
2026-06-25T18:04:21.689870+00:00,cont-7049f7156f16,SHORT,59818.38,59699.99,1.661188,19.8,20.0,3,3.96,3.96,0.0,0.0,-0.0,-0.0,PROFIT_LOCK_LADDER,100,0.66,62,44.0,True,SIM_LIMIT,AI_DIRECT_LIMIT,,,,,0,BEAR,SR,60-70,SPAWN,0,0,MIXED,BEAR_ALIGNED,28.4,-1,3,6,0.01516,bitfinex,tBTCF0:USTF0,v11.0-genome-architecture-v1,BITFINEX_ZERO,v11.0-genome-architecture-v1,CONTINUOUS,Continuous AI Research,APPROVE,59821.0,0.036375,0.028268,FREE_RANGE,-0.003817,1.0,91.6,1.661189,0.0,36.172828,81.479,81.479,81.479,0-5m,AI_DIRECT,AI_DIRECT_CHASE,2,,2.62,0.0,0.033,0.033,False,0.0,0.0,-0.001039,2.5e-05,0.0063,2.636876,2.672028,0.0,0.048747,59821.0,59605.643178,59822.724721,61503.813644,-0.003629,FREE_RANGE,SHORT_PREFERRED,0.036375,0.028268,BEAR,3.0,44.0,0.0,100,1.6,True,True,APPROVE,62,"```json
{
  ""direction"": ""SHORT"",
  ""confidence"": 62,
  ""long_score"": 25,
  ""short_score"": 75,
  ""preferred_direction"": ""SHORT"",
  ""entry_zone_low"": 59850,
  ""entry_zone_high"": 59950,
  ""limit_price"": 59900,
  ""expected_mfe"": 0.008,
  ""expected_mae"": 0.004,
  ""reversal_probability"": 53,
  ""exit_style"": ""AGGRESSIVE"",
  ""reasons_for_trade"": [
    ""MTF agreement is BEAR_ALIGNED (15m ranging, 1h/4h bearish) - strong bearish hierarchy"",
    ""EMA stack is bearish (price below ema21 and ema200, ema9 below ema21, stack_bear true)"",
    ""ADX 28.4 > 25 - trending market favors continuation, not reversal"",
    ""Trend health state is BEAR with bear_score 6 vs bull_score 3, intact bearish momentum"",
    ""Market structure shows LH/LL sequence active, last swing high at 60107 - resistance holds"",
    ""Funding rate positive (0.01476% per 8h) - longs paying shorts, consistent with bearish bias"",
    ""Price near micro resistance (60107) and recent high (61997) - short entry above current price aligns with pullback into resistance"",
    ""Edge score 1.6 below threshold 3.0 - no strong edge for counter-trend long"",
    ""Volume ratio 0.96 - slightly below average, no aggressive buying to support reversal""
  ],
  ""reasons_against_trade"": [
    ""Price near micro support (59170) - short entry near support increases bounce risk"",
    ""Higher low detected (HL in swing labels) - some micro bullish structure"",
    ""Reversal risk score 53 - moderate probability of reversal, not negligible"",
    ""Delta positive (2.67) - slight buying pressure in recent candle"",
    ""Candle body ratio 0.62 - moderate bullish candle body, though not decisive"",
    ""Distance to support 2.71% vs resistance 3.76% - slightly closer to support, reducing short reward/risk""
  ],
  ""bull_score"": 3,
  ""bear_score"": 6
}
```",59818.38,59699.99,MAKER,TAKER,0.033433,2.62,81.479,3.96,3.96,0.0,0.0,-0.0,-0.0,19.8,99.671359,PROFIT_LOCK_LADDER,2.672028,2.636876,2.5e-05,0.048747,False,True,"{'price': 59821.0, 'ret_1m': 0.0, 'ret_5m': 0.0010542521503397035, 'ema9': 59605.64317838347, 'ema21': 59822.72472055315, 'ema200': 61503.81364433097, 'dist_to_support': 0.028267665201183532, 'dist_to_resistance': 0.03637518597148159, 'volume': 0.0063, 'volume_ratio': 2.636875895737324, 'delta': 2.672027929999783, 'velocity': 2.5081319088884787e-05, 'imbalance': 0.04874679282157705, 'candle_range': 91.6, 'body_ratio': 0.6205058027535585, 'wick_ratio': 0.27949419724644153}",1.6,"{'early_fail_enabled': True, 'invert_signal': False, 'ai_enabled': True, 'edge_threshold': 3.0, 'edge_threshold_max': None, 'edge_range_preset': 'min_only', 'ai_threshold': 44.0, 'leverage': 100, 'pullback_threshold': 0.001}","{'ema9': 59605.64317838347, 'ema21': 59822.72472055315, 'ema200': 61503.81364433097, 'ema_spread': -0.003629, 'ema9_slope_pct': 0.1386, 'ema21_slope_pct': -0.076, 'ema9_above_ema21': False, 'ema21_above_ema200': False}",MOMENTUM_LONG,1.6,1.6,False,True,INV_False_EF_True,SHORT,10,6,SCENARIO_C_RUNNER_10_v3,40.0,10.0,-12.0,2.0,8.0,300,1,2,-32.0,False,False,True,False,480,3,5.0,False,5,0.75,"[[10, 6], [20, 10], [30, 20], [40, 28], [60, 45], [80, 60], [100, 75], [150, 120]]","{""trail_ladder"": [[10, 6], [20, 10], [30, 20], [40, 28], [60, 45], [80, 60], [100, 75], [150, 120]], ""ladder_first_trigger_pct"": 10, ""ladder_first_lock_pct"": 6, ""exit_profile_id"": ""SCENARIO_C_RUNNER_10_v3"", ""peak_never_loser_min_peak"": 40.0, ""peak_never_loser_floor"": 10.0, ""thesis_fast_exit_unreal_pct"": -12.0, ""thesis_mfe_protect_pct"": 2.0, ""thesis_exit_if_above_unreal_pct"": 8.0, ""thesis_min_age_sec"": 300, ""thesis_score_flip_margin"": 1, ""thesis_early_decay_delta"": 2, ""early_fail_pct_threshold"": -32.0, ""type_a_first_candle_enabled"": false, ""type_a_early_fail_enabled"": false, ""scenario_c_exit_profile"": true, ""type_a_stall_enabled"": false, ""type_a_stall_min_age_sec"": 480, ""type_a_stall_min_candles"": 3, ""type_a_stall_max_mfe_pct"": 5.0, ""trend_weakening_enabled"": false, ""spread_penalty_threshold"": 5, ""spread_penalty_margin_mult"": 0.75}",2026-06-25T18:04:21.689870+00:00,2026-06-26 04:04:21 AEST,2026-06-26 04:04:21 AEST
2026-06-25T18:06:52.829088+00:00,cont-060c97d109e1,SHORT,59717.62,59684.0,0.292163,5.63,20.0,3,1.13,1.13,0.0,0.0,-0.0,-0.0,PROFIT_LOCK_LADDER,100,0.19,62,44.0,True,SIM_LIMIT,AI_DIRECT_LIMIT,,,,,0,BEAR,SR,60-70,SPAWN,0,0,MIXED,BEAR_ALIGNED,28.3,-1,3,6,0.01546,bitfinex,tBTCF0:USTF0,v11.0-genome-architecture-v1,BITFINEX_ZERO,v11.0-genome-architecture-v1,CONTINUOUS,Continuous AI Research,APPROVE,59699.0,0.038946,0.025858,FREE_RANGE,-0.003859,1.0,91.6,0.292164,0.0,14.672386,121.9,121.9,121.9,0-5m,AI_DIRECT,AI_DIRECT_CHASE,3,,18.62,0.0,0.0,0.0,False,0.0,0.0,-0.000188,3.9e-05,0.036286,25.303092,1.939463,0.0,0.034809,59699.0,59585.043178,59813.361084,61502.788769,-0.003817,FREE_RANGE,SHORT_PREFERRED,0.038946,0.025858,BEAR,3.0,44.0,0.0,100,2.2,True,True,APPROVE,62,"```json
{
  ""direction"": ""SHORT"",
  ""confidence"": 62,
  ""long_score"": 28,
  ""short_score"": 72,
  ""preferred_direction"": ""SHORT"",
  ""entry_zone_low"": 59700,
  ""entry_zone_high"": 59900,
  ""limit_price"": 59800,
  ""expected_mfe"": 350,
  ""expected_mae"": 180,
  ""reversal_probability"": 71,
  ""exit_style"": ""AGGRESSIVE"",
  ""reasons_for_trade"": [
    ""MTF agreement is BEAR_ALIGNED (15m ranging, 1h/4h bearish) - strong bearish hierarchy"",
    ""EMA stack is bearish (price below ema21 and ema200, ema9 below ema21, stack_bear true)"",
    ""ADX 28.3 > 25 indicates trending market, favoring continuation"",
    ""Trend health state is BEAR with bear_score 6 vs bull_score 3"",
    ""Market structure shows LH/LL sequence active, last swing high at 60107, last swing low at 59170"",
    ""Regime is BEAR, SR bias is SHORT_PREFERRED"",
    ""Price near micro resistance (60107) with distance 0.7% - potential short entry on rejection"",
    ""Volume ratio very low (0.07) suggests lack of buying conviction for a breakout"",
    ""Funding positive (0.015% per 8h) favors shorts, longs paying""
  ],
  ""reasons_against_trade"": [
    ""Reversal risk score is 71 - high probability of mean reversion/bounce from current levels"",
    ""Price is near micro support (59170) at 0.87% distance - short entry near support zone"",
    ""Higher low detected (HL) suggests some buying pressure forming"",
    ""Market structure shift shows BULL_CONTINUATION - potential for upside break"",
    ""Candle has small wick ratio (0.28) and large body (0.62) - could indicate exhaustion"",
    ""Edge score (2.2) below threshold (3.0) - weak statistical edge"",
    ""Quality score only 57.35 - moderate signal quality""
  ],
  ""bull_score"": 3,
  ""bear_score"": 6
}
```

Direction: SHORT
Win probability: 62%
Long score: 28
Short score: 72
Bull score: 3
Bear score: 6
Decision: APPROVE
Reason: Strong bearish trend hierarchy (BEAR_ALIGNED MTF, bearish EMA stack, ADX>25, bearish trend health) dominates. Short score (72) exceeds long score (28) by 44 points, well above the +5 threshold. While reversal risk is elevated (71%) and price is near micro support, the continuation bias from trend hierarchy overrides. Entry is planned as a pullback short near micro resistance (59800), with aggressive exit due to proximity to support. The low volume ratio and positive funding further support short bias.",59717.62,59684.0,MAKER,TAKER,0.033501,18.62,121.9,1.13,1.13,0.0,0.0,-0.0,-0.0,5.63,17.529858,PROFIT_LOCK_LADDER,1.939463,25.303092,3.9e-05,0.034809,False,True,"{'price': 59699.0, 'ret_1m': 0.0004357079416151358, 'ret_5m': 0.0008046805585824211, 'ema9': 59585.04317838347, 'ema21': 59813.36108418951, 'ema200': 61502.78876870908, 'dist_to_support': 0.025857590535082867, 'dist_to_resistance': 0.03894558678129137, 'volume': 0.036285904, 'volume_ratio': 25.303092276421758, 'delta': 1.939463313999799, 'velocity': 3.8547549801548976e-05, 'imbalance': 0.03480884199007254, 'candle_range': 91.6, 'body_ratio': 0.6205058027535585, 'wick_ratio': 0.27949419724644153}",2.2,"{'early_fail_enabled': True, 'invert_signal': False, 'ai_enabled': True, 'edge_threshold': 3.0, 'edge_threshold_max': None, 'edge_range_preset': 'min_only', 'ai_threshold': 44.0, 'leverage': 100, 'pullback_threshold': 0.001}","{'ema9': 59585.04317838347, 'ema21': 59813.36108418951, 'ema200': 61502.78876870908, 'ema_spread': -0.003817, 'ema9_slope_pct': 0.104, 'ema21_slope_pct': -0.0916, 'ema9_above_ema21': False, 'ema21_above_ema200': False}",MOMENTUM_LONG,2.2,2.2,False,True,INV_False_EF_True,SHORT,10,6,SCENARIO_C_RUNNER_10_v3,40.0,10.0,-12.0,2.0,8.0,300,1,2,-32.0,False,False,True,False,480,3,5.0,False,5,0.75,"[[10, 6], [20, 10], [30, 20], [40, 28], [60, 45], [80, 60], [100, 75], [150, 120]]","{""trail_ladder"": [[10, 6], [20, 10], [30, 20], [40, 28], [60, 45], [80, 60], [100, 75], [150, 120]], ""ladder_first_trigger_pct"": 10, ""ladder_first_lock_pct"": 6, ""exit_profile_id"": ""SCENARIO_C_RUNNER_10_v3"", ""peak_never_loser_min_peak"": 40.0, ""peak_never_loser_floor"": 10.0, ""thesis_fast_exit_unreal_pct"": -12.0, ""thesis_mfe_protect_pct"": 2.0, ""thesis_exit_if_above_unreal_pct"": 8.0, ""thesis_min_age_sec"": 300, ""thesis_score_flip_margin"": 1, ""thesis_early_decay_delta"": 2, ""early_fail_pct_threshold"": -32.0, ""type_a_first_candle_enabled"": false, ""type_a_early_fail_enabled"": false, ""scenario_c_exit_profile"": true, ""type_a_stall_enabled"": false, ""type_a_stall_min_age_sec"": 480, ""type_a_stall_min_candles"": 3, ""type_a_stall_max_mfe_pct"": 5.0, ""trend_weakening_enabled"": false, ""spread_penalty_threshold"": 5, ""spread_penalty_margin_mult"": 0.75}",2026-06-25T18:06:52.829088+00:00,2026-06-26 04:06:52 AEST,2026-06-26 04:06:52 AEST
2026-06-25T18:15:35.334319+00:00,cont-4d9a33b4ac69,SHORT,59610.34,59492.0,2.410297,19.86,20.0,3,3.97,3.97,0.0,0.0,-0.0,-0.0,PROFIT_LOCK_LADDER,100,0.66,62,44.0,True,SIM_LIMIT,AI_DIRECT_LIMIT,,,,,0,BEAR,SR,60-70,SPAWN,0,0,MIXED,BEAR_ALIGNED,28.3,-1,3,6,0.01668,bitfinex,tBTCF0:USTF0,v11.0-genome-architecture-v1,BITFINEX_ZERO,v11.0-genome-architecture-v1,CONTINUOUS,Continuous AI Research,APPROVE,59597.0,0.040288,0.024599,FREE_RANGE,-0.004169,1.0,91.6,2.410298,0.0,30.756409,122.228,122.228,122.228,0-5m,AI_DIRECT,AI_DIRECT_CHASE,3,,13.34,0.0,0.0,0.0,False,0.0,0.0,-0.00166,1e-05,0.003569,0.031702,7.259125,0.0,0.110289,59597.0,59587.643178,59814.542902,61502.918122,-0.003793,FREE_RANGE,SHORT_PREFERRED,0.040288,0.024599,BEAR,3.0,44.0,0.0,100,1.6,True,True,APPROVE,62,"```json
{
  ""direction"": ""SHORT"",
  ""confidence"": 62,
  ""long_score"": 25,
  ""short_score"": 72,
  ""preferred_direction"": ""SHORT"",
  ""entry_zone_low"": 59600,
  ""entry_zone_high"": 59800,
  ""limit_price"": 59700,
  ""expected_mfe"": 350,
  ""expected_mae"": 200,
  ""reversal_probability"": 29,
  ""exit_style"": ""AGGRESSIVE"",
  ""reasons_for_trade"": [
    ""MTF agreement is BEAR_ALIGNED with 15m RANGING, 1h BEARISH, 4h BEARISH"",
    ""EMA stack is bearish (ema9 below ema21, ema21 below ema200, stack_bear=true)"",
    ""ADX at 28.3 indicates trending market, favoring continuation"",
    ""Trend health state is BEAR with bear_score 6 vs bull_score 3"",
    ""Regime is BEAR and trend_state_last_3_cycles all BEAR"",
    ""Price is near micro resistance (60107) and below ema21/ema200, providing short entry location"",
    ""Funding rate positive (0.016% per 8h) favors shorts, longs paying"",
    ""Reversal risk score is high (71) but structure shows no lower high yet, continuation more likely""
  ],
  ""reasons_against_trade"": [
    ""Price is near micro support (59170) with distance 0.7%, increasing bounce risk"",
    ""Higher low detected recently, suggesting possible micro structure shift"",
    ""Volume ratio very low (0.004), indicating lack of conviction in current move"",
    ""Edge score (1.6) below threshold (3.0), suggesting weak edge telemetry"",
    ""Market regime currently COMPRESSION, which may precede breakout either direction""
  ],
  ""bull_score"": 3,
  ""bear_score"": 6
}
```",59610.34,59492.0,MAKER,TAKER,0.033559,13.34,122.228,3.97,3.97,0.0,0.0,-0.0,-0.0,19.86,144.617897,PROFIT_LOCK_LADDER,7.259125,0.031702,1e-05,0.110289,False,True,"{'price': 59597.0, 'ret_1m': 0.000335700018463501, 'ret_5m': 0.0005708241693668888, 'ema9': 59587.64317838347, 'ema21': 59814.54290237134, 'ema200': 61502.91812194291, 'dist_to_support': 0.02459896637358212, 'dist_to_resistance': 0.04028793878783811, 'volume': 0.0035690319999999998, 'volume_ratio': 0.03170208661307553, 'delta': 7.259125135999829, 'velocity': 1.0079900356251334e-05, 'imbalance': 0.11028888713604626, 'candle_range': 91.6, 'body_ratio': 0.6205058027535585, 'wick_ratio': 0.27949419724644153}",1.6,"{'early_fail_enabled': True, 'invert_signal': False, 'ai_enabled': True, 'edge_threshold': 3.0, 'edge_threshold_max': None, 'edge_range_preset': 'min_only', 'ai_threshold': 44.0, 'leverage': 100, 'pullback_threshold': 0.001}","{'ema9': 59587.64317838347, 'ema21': 59814.54290237134, 'ema200': 61502.91812194291, 'ema_spread': -0.003793, 'ema9_slope_pct': 0.1084, 'ema21_slope_pct': -0.0896, 'ema9_above_ema21': False, 'ema21_above_ema200': False}",MOMENTUM_LONG,1.6,1.6,False,True,INV_False_EF_True,SHORT,10,6,SCENARIO_C_RUNNER_10_v3,40.0,10.0,-12.0,2.0,8.0,300,1,2,-32.0,False,False,True,False,480,3,5.0,False,5,0.75,"[[10, 6], [20, 10], [30, 20], [40, 28], [60, 45], [80, 60], [100, 75], [150, 120]]","{""trail_ladder"": [[10, 6], [20, 10], [30, 20], [40, 28], [60, 45], [80, 60], [100, 75], [150, 120]], ""ladder_first_trigger_pct"": 10, ""ladder_first_lock_pct"": 6, ""exit_profile_id"": ""SCENARIO_C_RUNNER_10_v3"", ""peak_never_loser_min_peak"": 40.0, ""peak_never_loser_floor"": 10.0, ""thesis_fast_exit_unreal_pct"": -12.0, ""thesis_mfe_protect_pct"": 2.0, ""thesis_exit_if_above_unreal_pct"": 8.0, ""thesis_min_age_sec"": 300, ""thesis_score_flip_margin"": 1, ""thesis_early_decay_delta"": 2, ""early_fail_pct_threshold"": -32.0, ""type_a_first_candle_enabled"": false, ""type_a_early_fail_enabled"": false, ""scenario_c_exit_profile"": true, ""type_a_stall_enabled"": false, ""type_a_stall_min_age_sec"": 480, ""type_a_stall_min_candles"": 3, ""type_a_stall_max_mfe_pct"": 5.0, ""trend_weakening_enabled"": false, ""spread_penalty_threshold"": 5, ""spread_penalty_margin_mult"": 0.75}",2026-06-25T18:15:35.334319+00:00,2026-06-26 04:15:35 AEST,2026-06-26 04:15:35 AEST
2026-06-25T18:18:46.898904+00:00,cont-9cb4662761ff,SHORT,59727.89,59538.0,6.984492,31.82,20.0,4,6.36,6.36,0.0,0.0,-0.0,-0.0,PROFIT_LOCK_LADDER,100,1.06,62,44.0,True,SIM_LIMIT,AI_DIRECT_LIMIT,,,,,0,BEAR,SR,60-70,SPAWN,0,0,MIXED,BEAR_ALIGNED,28.3,-1,3,7,0.0171,bitfinex,tBTCF0:USTF0,v11.0-genome-architecture-v1,BITFINEX_ZERO,v11.0-genome-architecture-v1,CONTINUOUS,Continuous AI Research,APPROVE,59686.0,0.03825,0.02651,FREE_RANGE,-0.003857,1.0,91.6,6.984493,0.0,50.376801,243.465,243.465,243.465,0-5m,AI_DIRECT,AI_DIRECT_CHASE,5,,41.89,0.0,0.0,0.0,False,0.0,0.0,-0.004848,7e-05,0.004602,0.04537,2.389593,0.0,0.041495,59686.0,59595.843178,59818.270175,61503.326082,-0.003718,FREE_RANGE,SHORT_PREFERRED,0.03825,0.02651,BEAR,3.0,44.0,0.0,100,2.5,True,True,APPROVE,62,"```json
{
  ""direction"": ""SHORT"",
  ""confidence"": 62,
  ""long_score"": 25,
  ""short_score"": 72,
  ""preferred_direction"": ""SHORT"",
  ""entry_zone_low"": 59850,
  ""entry_zone_high"": 60100,
  ""limit_price"": 59975,
  ""expected_mfe"": 350,
  ""expected_mae"": 150,
  ""reversal_probability"": 71,
  ""exit_style"": ""AGGRESSIVE"",
  ""reasons_for_trade"": [
    ""MTF agreement is BEAR_ALIGNED (15m ranging, 1h/4h bearish) - strong bearish hierarchy"",
    ""EMA stack is bearish (price below ema21 and ema200, ema9 below ema21, stack_bear true)"",
    ""ADX 28.3 > 25 indicates trending conditions favoring continuation"",
    ""Trend health state is BEAR with bear_score 6 vs bull_score 3"",
    ""Market structure shows HL/LL sequence with last swing high at 60107 - potential resistance"",
    ""Funding rate positive (0.01562% per 8h) favors shorts as longs pay"",
    ""Price near micro resistance (60107) with distance_to_micro_resistance only 0.68% - good short entry zone"",
    ""Regime is COMPRESSION after trending - often precedes continuation move""
  ],
  ""reasons_against_trade"": [
    ""Reversal risk score is 71 (high) - price near support zone could bounce"",
    ""Higher low detected (59170) suggests some buying interest"",
    ""Volume ratio very low (0.02) - lack of conviction in current move"",
    ""Edge score (2.5) below threshold (3.0) - pattern quality suboptimal"",
    ""Price near micro support (59170) - short entry near support has reduced expectancy historically""
  ],
  ""bull_score"": 3,
  ""bear_score"": 7
}
```",59727.89,59538.0,MAKER,TAKER,0.033509,41.89,243.465,6.36,6.36,0.0,0.0,-0.0,-0.0,31.82,419.069633,PROFIT_LOCK_LADDER,2.389593,0.04537,7e-05,0.041495,False,True,"{'price': 59686.0, 'ret_1m': -0.00045216284561150837, 'ret_5m': 0.0006202953947258127, 'ema9': 59595.84317838347, 'ema21': 59818.27017509861, 'ema200': 61503.32608214191, 'dist_to_support': 0.02651014017048214, 'dist_to_resistance': 0.03824962738432167, 'volume': 0.00460233, 'volume_ratio': 0.045370152845693124, 'delta': 2.3895928209998374, 'velocity': 7.044818149508875e-05, 'imbalance': 0.04149459343584834, 'candle_range': 91.6, 'body_ratio': 0.6205058027535585, 'wick_ratio': 0.27949419724644153}",2.5,"{'early_fail_enabled': True, 'invert_signal': False, 'ai_enabled': True, 'edge_threshold': 3.0, 'edge_threshold_max': None, 'edge_range_preset': 'min_only', 'ai_threshold': 44.0, 'leverage': 100, 'pullback_threshold': 0.001}","{'ema9': 59595.84317838347, 'ema21': 59818.27017509861, 'ema200': 61503.32608214191, 'ema_spread': -0.003718, 'ema9_slope_pct': 0.1222, 'ema21_slope_pct': -0.0834, 'ema9_above_ema21': False, 'ema21_above_ema200': False}",MOMENTUM_LONG,2.5,2.5,False,True,INV_False_EF_True,SHORT,10,6,SCENARIO_C_RUNNER_10_v3,40.0,10.0,-12.0,2.0,8.0,300,1,2,-32.0,False,False,True,False,480,3,5.0,False,5,0.75,"[[10, 6], [20, 10], [30, 20], [40, 28], [60, 45], [80, 60], [100, 75], [150, 120]]","{""trail_ladder"": [[10, 6], [20, 10], [30, 20], [40, 28], [60, 45], [80, 60], [100, 75], [150, 120]], ""ladder_first_trigger_pct"": 10, ""ladder_first_lock_pct"": 6, ""exit_profile_id"": ""SCENARIO_C_RUNNER_10_v3"", ""peak_never_loser_min_peak"": 40.0, ""peak_never_loser_floor"": 10.0, ""thesis_fast_exit_unreal_pct"": -12.0, ""thesis_mfe_protect_pct"": 2.0, ""thesis_exit_if_above_unreal_pct"": 8.0, ""thesis_min_age_sec"": 300, ""thesis_score_flip_margin"": 1, ""thesis_early_decay_delta"": 2, ""early_fail_pct_threshold"": -32.0, ""type_a_first_candle_enabled"": false, ""type_a_early_fail_enabled"": false, ""scenario_c_exit_profile"": true, ""type_a_stall_enabled"": false, ""type_a_stall_min_age_sec"": 480, ""type_a_stall_min_candles"": 3, ""type_a_stall_max_mfe_pct"": 5.0, ""trend_weakening_enabled"": false, ""spread_penalty_threshold"": 5, ""spread_penalty_margin_mult"": 0.75}",2026-06-25T18:18:46.898904+00:00,2026-06-26 04:18:46 AEST,2026-06-26 04:18:46 AEST
2026-06-25T18:18:47.015705+00:00,c604c-f269c3b0c194,SHORT,59725.7,59538.0,6.967606,31.45,20.0,4,6.29,6.29,0.0,0.0,-0.0,-0.0,PROFIT_LOCK_LADDER,100,1.05,62,44.0,True,SIM_LIMIT,AI_DIRECT_LIMIT,,,,,0,BEAR,SR,60-70,SPAWN,0,0,MIXED,BEAR_ALIGNED,28.3,-1,3,7,0.0171,bitfinex,tBTCF0:USTF0,v11.0-genome-architecture-v1,BITFINEX_ZERO,v11.0-genome-architecture-v1,COMBO_604_SP4_CHASE_3PLUS,AI60-65 · Spread4 · Chase 3+,APPROVE,59686.0,0.038719,0.02607,FREE_RANGE,-0.003857,1.0,91.6,6.967607,0.0,50.011971,242.491,242.491,242.491,0-5m,AI_DIRECT,AI_DIRECT_CHASE,5,,39.7,0.0,0.0,0.0,False,0.0,0.0,-0.004837,1.7e-05,0.004602,0.045345,2.385366,0.0,0.041418,59686.0,59595.843178,59818.270175,61503.326082,-0.003718,FREE_RANGE,SHORT_PREFERRED,0.038719,0.02607,BEAR,3.0,44.0,0.0,100,2.5,True,True,APPROVE,62,"```json
{
  ""direction"": ""SHORT"",
  ""confidence"": 62,
  ""long_score"": 25,
  ""short_score"": 72,
  ""preferred_direction"": ""SHORT"",
  ""entry_zone_low"": 59850,
  ""entry_zone_high"": 60100,
  ""limit_price"": 59975,
  ""expected_mfe"": 350,
  ""expected_mae"": 150,
  ""reversal_probability"": 71,
  ""exit_style"": ""AGGRESSIVE"",
  ""reasons_for_trade"": [
    ""MTF agreement is BEAR_ALIGNED (15m ranging, 1h/4h bearish) - strong bearish hierarchy"",
    ""EMA stack is bearish (price below ema21 and ema200, ema9 below ema21, stack_bear true)"",
    ""ADX 28.3 > 25 indicates trending conditions favoring continuation"",
    ""Trend health state is BEAR with bear_score 6 vs bull_score 3"",
    ""Market structure shows HL/LL sequence with last swing high at 60107 - potential resistance"",
    ""Funding rate positive (0.01562% per 8h) favors shorts as longs pay"",
    ""Price near micro resistance (60107) with distance_to_micro_resistance only 0.68% - good short entry zone"",
    ""Regime is COMPRESSION after trending - often precedes continuation move""
  ],
  ""reasons_against_trade"": [
    ""Reversal risk score is 71 (high) - price near support zone could bounce"",
    ""Higher low detected (59170) suggests some buying interest"",
    ""Volume ratio very low (0.02) - lack of conviction in current move"",
    ""Edge score (2.5) below threshold (3.0) - pattern quality suboptimal"",
    ""Price near micro support (59170) - short entry near support has reduced expectancy historically""
  ],
  ""bull_score"": 3,
  ""bear_score"": 7
}
```",59725.7,59538.0,MAKER,TAKER,0.033509,39.7,242.491,6.29,6.29,0.0,0.0,-0.0,-0.0,31.45,418.056454,PROFIT_LOCK_LADDER,2.385366,0.045345,1.7e-05,0.041418,False,True,"{'price': 59686.0, 'ret_1m': 0.0, 'ret_5m': 0.0006202953947258127, 'ema9': 59595.84317838347, 'ema21': 59818.27017509861, 'ema200': 61503.32608214191, 'dist_to_support': 0.0260697651040445, 'dist_to_resistance': 0.03871929765774219, 'volume': 0.00460233, 'volume_ratio': 0.04534546487762484, 'delta': 2.385366228999837, 'velocity': 1.67965149401964e-05, 'imbalance': 0.0414178652879061, 'candle_range': 91.6, 'body_ratio': 0.6205058027535585, 'wick_ratio': 0.27949419724644153}",2.5,"{'early_fail_enabled': True, 'invert_signal': False, 'ai_enabled': True, 'edge_threshold': 3.0, 'edge_threshold_max': None, 'edge_range_preset': 'min_only', 'ai_threshold': 44.0, 'leverage': 100, 'pullback_threshold': 0.001}","{'ema9': 59595.84317838347, 'ema21': 59818.27017509861, 'ema200': 61503.32608214191, 'ema_spread': -0.003718, 'ema9_slope_pct': 0.1222, 'ema21_slope_pct': -0.0834, 'ema9_above_ema21': False, 'ema21_above_ema200': False}",MOMENTUM_LONG,2.5,2.5,False,True,INV_False_EF_True,SHORT,10,6,SCENARIO_C_RUNNER_10_v3,40.0,10.0,-12.0,2.0,8.0,300,1,2,-32.0,False,False,True,False,480,3,5.0,False,5,0.75,"[[10, 6], [20, 10], [30, 20], [40, 28], [60, 45], [80, 60], [100, 75], [150, 120]]","{""trail_ladder"": [[10, 6], [20, 10], [30, 20], [40, 28], [60, 45], [80, 60], [100, 75], [150, 120]], ""ladder_first_trigger_pct"": 10, ""ladder_first_lock_pct"": 6, ""exit_profile_id"": ""SCENARIO_C_RUNNER_10_v3"", ""peak_never_loser_min_peak"": 40.0, ""peak_never_loser_floor"": 10.0, ""thesis_fast_exit_unreal_pct"": -12.0, ""thesis_mfe_protect_pct"": 2.0, ""thesis_exit_if_above_unreal_pct"": 8.0, ""thesis_min_age_sec"": 300, ""thesis_score_flip_margin"": 1, ""thesis_early_decay_delta"": 2, ""early_fail_pct_threshold"": -32.0, ""type_a_first_candle_enabled"": false, ""type_a_early_fail_enabled"": false, ""scenario_c_exit_profile"": true, ""type_a_stall_enabled"": false, ""type_a_stall_min_age_sec"": 480, ""type_a_stall_min_candles"": 3, ""type_a_stall_max_mfe_pct"": 5.0, ""trend_weakening_enabled"": false, ""spread_penalty_threshold"": 5, ""spread_penalty_margin_mult"": 0.75}",2026-06-25T18:18:47.015705+00:00,2026-06-26 04:18:47 AEST,2026-06-26 04:18:47 AEST
2026-06-25T18:25:55.644385+00:00,cont-922ac4d2ceac,SHORT,59692.83,59658.0,1.509006,5.84,20.0,3,1.17,1.17,0.0,0.0,-0.0,-0.0,PROFIT_LOCK_LADDER,100,0.19,62,44.0,True,SIM_LIMIT,AI_DIRECT_LIMIT,,,,,0,BEAR,SR,60-70,SPAWN,0,0,MIXED,BEAR_ALIGNED,27.16,-1,3,6,0.018,bitfinex,tBTCF0:USTF0,v11.0-genome-architecture-v1,BITFINEX_ZERO,v11.0-genome-architecture-v1,CONTINUOUS,Continuous AI Research,APPROVE,59645.0,0.038928,0.025874,FREE_RANGE,-0.003687,1.0,47.6,1.509007,0.0,16.556427,190.482,190.482,190.482,0-5m,AI_DIRECT,AI_DIRECT_CHASE,4,,47.83,0.0,0.0,0.0,False,0.0,0.0,-0.001129,6.7e-05,0.017191,0.039095,11.006569,0.0,0.146063,59674.0,59575.234543,59786.014209,61477.917807,-0.003526,FREE_RANGE,SHORT_PREFERRED,0.038928,0.025874,BEAR,3.0,44.0,0.0,100,3.2,True,True,APPROVE,62,"```json
{
  ""direction"": ""SHORT"",
  ""confidence"": 62,
  ""long_score"": 25,
  ""short_score"": 72,
  ""preferred_direction"": ""SHORT"",
  ""entry_zone_low"": 59750,
  ""entry_zone_high"": 59900,
  ""limit_price"": 59825,
  ""expected_mfe"": 350,
  ""expected_mae"": 120,
  ""reversal_probability"": 35,
  ""exit_style"": ""AGGRESSIVE"",
  ""reasons_for_trade"": [
    ""MTF agreement is BEAR_ALIGNED (15m RANGING, 1h BEARISH, 4h BEARISH) with 2 bear TFs vs 0 bull TFs"",
    ""EMA stack is bearish (price below EMA21 and EMA200, EMA9 below EMA21, EMA21 below EMA200)"",
    ""Trend health state is BEAR with bear_score 6 vs bull_score 3, indicating intact bearish momentum"",
    ""ADX at 27.16 (>25) confirms trending conditions favoring continuation"",
    ""Market structure shows LH/LL sequence active and structure bias MIXED but leaning bearish with last swing high at 60107"",
    ""Price is near micro resistance (60107) and within free range, providing a short entry zone with defined risk"",
    ""Funding rate positive (0.017% per 8h) favors shorts, consistent with bearish bias"",
    ""Velocity negative and volume ratio low suggest weak buying pressure""
  ],
  ""reasons_against_trade"": [
    ""Price is relatively close to micro support (59170, ~0.84% away), increasing bounce risk if selling pressure fades"",
    ""Reversal risk score is 51, indicating moderate reversal probability that could trigger a squeeze"",
    ""Higher low detected suggests some micro bullish structure, though not confirmed as a reversal"",
    ""Candle range is narrow (47.6) and wick ratio moderate, indicating indecision near current levels"",
    ""Edge score (3.2) is just above threshold (3.0), not a strong edge signal""
  ],
  ""bull_score"": 3,
  ""bear_score"": 6
}
```",59692.83,59658.0,MAKER,TAKER,0.033532,47.83,190.482,1.17,1.17,0.0,0.0,-0.0,-0.0,5.84,90.54051,PROFIT_LOCK_LADDER,11.006569,0.039095,6.7e-05,0.146063,False,True,"{'price': 59674.0, 'ret_1m': 0.0006707582922493879, 'ret_5m': 0.0, 'ema9': 59575.23454270678, 'ema21': 59786.01420876359, 'ema200': 61477.91780701656, 'dist_to_support': 0.02587391493782887, 'dist_to_resistance': 0.03892817642524383, 'volume': 0.017191211, 'volume_ratio': 0.039094948807510244, 'delta': 11.006569173999726, 'velocity': 6.711250553906272e-05, 'imbalance': 0.14606275593122559, 'candle_range': 47.6, 'body_ratio': 0.5727657438152141, 'wick_ratio': 0.3272342561847859}",3.2,"{'early_fail_enabled': True, 'invert_signal': False, 'ai_enabled': True, 'edge_threshold': 3.0, 'edge_threshold_max': None, 'edge_range_preset': 'min_only', 'ai_threshold': 44.0, 'leverage': 100, 'pullback_threshold': 0.001}","{'ema9': 59575.23454270678, 'ema21': 59786.01420876359, 'ema200': 61477.91780701656, 'ema_spread': -0.003526, 'ema9_slope_pct': 0.0681, 'ema21_slope_pct': -0.0937, 'ema9_above_ema21': False, 'ema21_above_ema200': False}",MOMENTUM_LONG,3.2,3.2,False,True,INV_False_EF_True,SHORT,10,6,SCENARIO_C_RUNNER_10_v3,40.0,10.0,-12.0,2.0,8.0,300,1,2,-32.0,False,False,True,False,480,3,5.0,False,5,0.75,"[[10, 6], [20, 10], [30, 20], [40, 28], [60, 45], [80, 60], [100, 75], [150, 120]]","{""trail_ladder"": [[10, 6], [20, 10], [30, 20], [40, 28], [60, 45], [80, 60], [100, 75], [150, 120]], ""ladder_first_trigger_pct"": 10, ""ladder_first_lock_pct"": 6, ""exit_profile_id"": ""SCENARIO_C_RUNNER_10_v3"", ""peak_never_loser_min_peak"": 40.0, ""peak_never_loser_floor"": 10.0, ""thesis_fast_exit_unreal_pct"": -12.0, ""thesis_mfe_protect_pct"": 2.0, ""thesis_exit_if_above_unreal_pct"": 8.0, ""thesis_min_age_sec"": 300, ""thesis_score_flip_margin"": 1, ""thesis_early_decay_delta"": 2, ""early_fail_pct_threshold"": -32.0, ""type_a_first_candle_enabled"": false, ""type_a_early_fail_enabled"": false, ""scenario_c_exit_profile"": true, ""type_a_stall_enabled"": false, ""type_a_stall_min_age_sec"": 480, ""type_a_stall_min_candles"": 3, ""type_a_stall_max_mfe_pct"": 5.0, ""trend_weakening_enabled"": false, ""spread_penalty_threshold"": 5, ""spread_penalty_margin_mult"": 0.75}",2026-06-25T18:25:55.644385+00:00,2026-06-26 04:25:55 AEST,2026-06-26 04:25:55 AEST
2026-06-25T18:31:10.912157+00:00,cont-4038635b8eaf,SHORT,59706.8,59674.0,2.452032,5.5,20.0,3,1.1,1.1,0.0,0.0,-0.0,-0.0,PROFIT_LOCK_LADDER,100,0.18,62,44.0,True,SIM_LIMIT,AI_DIRECT_LIMIT,,,,,0,BEAR,SR,60-70,SPAWN,0,0,MIXED,BEAR_ALIGNED,27.16,-1,3,6,0.01871,bitfinex,tBTCF0:USTF0,v11.0-genome-architecture-v1,BITFINEX_ZERO,v11.0-genome-architecture-v1,CONTINUOUS,Continuous AI Research,APPROVE,59648.0,0.038893,0.025907,FREE_RANGE,-0.002864,0.335199,47.6,2.452032,-12.762365,11.690461,260.04,260.04,260.04,0-5m,AI_DIRECT,AI_DIRECT_CHASE,4,,58.8,0.0,0.0,0.0,False,0.0,0.0,-0.001901,8e-06,0.002956,0.041711,14.387373,0.0,0.178825,59676.0,59567.634543,59782.559663,61477.539698,-0.003595,FREE_RANGE,SHORT_PREFERRED,0.038893,0.025907,BEAR,3.0,44.0,0.0,100,1.7,True,True,APPROVE,62,"```json
{
  ""direction"": ""SHORT"",
  ""confidence"": 62,
  ""long_score"": 28,
  ""short_score"": 72,
  ""preferred_direction"": ""SHORT"",
  ""entry_zone_low"": 59750,
  ""entry_zone_high"": 59950,
  ""limit_price"": 59850,
  ""expected_mfe"": 180,
  ""expected_mae"": 120,
  ""reversal_probability"": 53,
  ""exit_style"": ""AGGRESSIVE"",
  ""reasons_for_trade"": [
    ""MTF agreement is BEAR_ALIGNED (15m ranging, 1h/4h bearish) - strong bearish hierarchy"",
    ""EMA stack is bearish (price below ema21 and ema200, ema9 below ema21, ema21 below ema200)"",
    ""Trend health state is BEAR with bear_score 6 vs bull_score 3, intact bearish momentum"",
    ""ADX at 27.16 (>25) confirms trending conditions favoring continuation"",
    ""Market structure shows last swing high at 60107 and last swing low at 59170, with bearish pivot sequence (HL, LL, HL, LL)"",
    ""Funding rate positive (0.01788% per 8h) favors shorts, longs paying"",
    ""Price near micro resistance (60107) at 59669, with distance_to_micro_resistance only 0.734% - potential rejection zone"",
    ""Volume ratio slightly above 1 (1.047) but not explosive, suggesting no strong buying pressure""
  ],
  ""reasons_against_trade"": [
    ""Reversal risk score is 53 (moderate), indicating some bounce potential near support"",
    ""Higher low detected (micro support at 59170) could indicate short-term buying interest"",
    ""Edge score is 1.7 (below threshold 3.0), suggesting weak edge telemetry"",
    ""Price is closer to support (2.57%) than resistance (3.92%), increasing bounce risk for shorts"",
    ""Candle body ratio (0.57) shows moderate buying within the current candle"",
    ""Delta positive (14.39) and imbalance positive (0.179) suggest some aggressive buying""
  ],
  ""bull_score"": 3,
  ""bear_score"": 6
}
```",59706.8,59674.0,MAKER,TAKER,0.03353,58.8,260.04,1.1,1.1,0.0,0.0,-0.0,-0.0,5.5,147.121989,PROFIT_LOCK_LADDER,14.387373,0.041711,8e-06,0.178825,False,True,"{'price': 59676.0, 'ret_1m': 0.0, 'ret_5m': 0.00016759963798478194, 'ema9': 59567.63454270678, 'ema21': 59782.559663309046, 'ema200': 61477.53969756382, 'dist_to_support': 0.025906562102017562, 'dist_to_resistance': 0.03889335746363697, 'volume': 0.0029557380000000003, 'volume_ratio': 0.041711398226449224, 'delta': 14.387372697999705, 'velocity': 8.396192367468851e-06, 'imbalance': 0.1788251717735223, 'candle_range': 47.6, 'body_ratio': 0.5727657438152141, 'wick_ratio': 0.3272342561847859}",1.7,"{'early_fail_enabled': True, 'invert_signal': False, 'ai_enabled': True, 'edge_threshold': 3.0, 'edge_threshold_max': None, 'edge_range_preset': 'min_only', 'ai_threshold': 44.0, 'leverage': 100, 'pullback_threshold': 0.001}","{'ema9': 59567.63454270678, 'ema21': 59782.559663309046, 'ema200': 61477.53969756382, 'ema_spread': -0.003595, 'ema9_slope_pct': 0.0553, 'ema21_slope_pct': -0.0995, 'ema9_above_ema21': False, 'ema21_above_ema200': False}",MOMENTUM_LONG,1.7,1.7,False,True,INV_False_EF_True,SHORT,10,6,SCENARIO_C_RUNNER_10_v3,40.0,10.0,-12.0,2.0,8.0,300,1,2,-32.0,False,False,True,False,480,3,5.0,False,5,0.75,"[[10, 6], [20, 10], [30, 20], [40, 28], [60, 45], [80, 60], [100, 75], [150, 120]]","{""trail_ladder"": [[10, 6], [20, 10], [30, 20], [40, 28], [60, 45], [80, 60], [100, 75], [150, 120]], ""ladder_first_trigger_pct"": 10, ""ladder_first_lock_pct"": 6, ""exit_profile_id"": ""SCENARIO_C_RUNNER_10_v3"", ""peak_never_loser_min_peak"": 40.0, ""peak_never_loser_floor"": 10.0, ""thesis_fast_exit_unreal_pct"": -12.0, ""thesis_mfe_protect_pct"": 2.0, ""thesis_exit_if_above_unreal_pct"": 8.0, ""thesis_min_age_sec"": 300, ""thesis_score_flip_margin"": 1, ""thesis_early_decay_delta"": 2, ""early_fail_pct_threshold"": -32.0, ""type_a_first_candle_enabled"": false, ""type_a_early_fail_enabled"": false, ""scenario_c_exit_profile"": true, ""type_a_stall_enabled"": false, ""type_a_stall_min_age_sec"": 480, ""type_a_stall_min_candles"": 3, ""type_a_stall_max_mfe_pct"": 5.0, ""trend_weakening_enabled"": false, ""spread_penalty_threshold"": 5, ""spread_penalty_margin_mult"": 0.75}",2026-06-25T18:31:10.912157+00:00,2026-06-26 04:31:10 AEST,2026-06-26 04:31:10 AEST
2026-06-25T18:43:23.086363+00:00,c604c-42f1205bdfe3,SHORT,59777.81,59510.0,13.566758,44.86,20.0,4,8.97,8.96,0.0,0.0,-0.01,-0.01,PROFIT_LOCK_LADDER,100,1.49,62,44.0,True,SIM_LIMIT,AI_DIRECT_LIMIT,,,,,0,BEAR,SR,60-70,SPAWN,0,0,MIXED,BEAR_ALIGNED,27.16,-1,3,7,0.02046,bitfinex,tBTCF0:USTF0,v11.0-genome-architecture-v1,BITFINEX_ZERO,v11.0-genome-architecture-v1,COMBO_604_SP4_CHASE_3PLUS,AI60-65 · Spread4 · Chase 3+,APPROVE,59657.0,0.039224,0.025596,FREE_RANGE,-0.003371,0.268236,47.6,13.566759,-0.868215,61.194948,120.81,120.81,120.81,0-5m,AI_DIRECT,AI_DIRECT_CHASE,2,,120.81,0.0,0.0,0.0,False,0.0,0.0,-0.011026,7e-06,0.047261,0.977268,16.200618,0.0,0.193539,59657.0,59559.834543,59779.014209,61477.151638,-0.003666,FREE_RANGE,SHORT_PREFERRED,0.039224,0.025596,BEAR,3.0,44.0,0.0,100,1.6,True,True,APPROVE,62,"```json
{
  ""direction"": ""SHORT"",
  ""confidence"": 62,
  ""long_score"": 28,
  ""short_score"": 72,
  ""preferred_direction"": ""SHORT"",
  ""entry_zone_low"": 59750,
  ""entry_zone_high"": 59950,
  ""limit_price"": 59850,
  ""expected_mfe"": 120,
  ""expected_mae"": 80,
  ""reversal_probability"": 29,
  ""exit_style"": ""AGGRESSIVE"",
  ""reasons_for_trade"": [
    ""MTF agreement is BEAR_ALIGNED (15m RANGING, 1h BEARISH, 4h BEARISH) - strong bearish confluence"",
    ""EMA stack is bearish (price below EMA21, EMA9 below EMA21, EMA21 below EMA200) - bear alignment intact"",
    ""ADX at 27.16 (>25) confirms trending conditions, favoring continuation of bearish trend"",
    ""Trend health state is BEAR with bear_score 6 vs bull_score 3 - bearish intact"",
    ""Market structure shows LH/LL sequence active, last swing high at 60107 - resistance overhead"",
    ""Funding rate positive (0.01829% per 8h) favors shorts, consistent with bearish sentiment"",
    ""Price near micro resistance (60107) and within free range - short entry near resistance zone""
  ],
  ""reasons_against_trade"": [
    ""Reversal risk score is 71 - elevated probability of mean reversion or bounce"",
    ""Higher low detected (HL) suggests potential micro support forming near 59170"",
    ""Volume ratio very low (0.06) - lack of conviction in current move"",
    ""Price near micro support (0.81% away) - short entry near support carries bounce risk"",
    ""Edge score (1.6) below threshold (3.0) - weak edge signal for this setup""
  ],
  ""bull_score"": 3,
  ""bear_score"": 7
}
```",59777.81,59510.0,MAKER,TAKER,0.033525,120.81,120.81,8.97,8.96,0.0,0.0,-0.01,-0.01,44.86,814.005562,PROFIT_LOCK_LADDER,16.200618,0.977268,7e-06,0.193539,False,True,"{'price': 59657.0, 'ret_1m': 5.029000569953398e-05, 'ret_5m': 0.00013411792318395948, 'ema9': 59559.83454270678, 'ema21': 59779.01420876359, 'ema200': 61477.151637862335, 'dist_to_support': 0.025596325661699382, 'dist_to_resistance': 0.039224231858792764, 'volume': 0.047260960000000005, 'volume_ratio': 0.9772676241165404, 'delta': 16.200617828999675, 'velocity': 6.711882647612045e-06, 'imbalance': 0.19353900022745935, 'candle_range': 47.6, 'body_ratio': 0.5727657438152141, 'wick_ratio': 0.3272342561847859}",1.6,"{'early_fail_enabled': True, 'invert_signal': False, 'ai_enabled': True, 'edge_threshold': 3.0, 'edge_threshold_max': None, 'edge_range_preset': 'min_only', 'ai_threshold': 44.0, 'leverage': 100, 'pullback_threshold': 0.001}","{'ema9': 59559.83454270678, 'ema21': 59779.01420876359, 'ema200': 61477.151637862335, 'ema_spread': -0.003666, 'ema9_slope_pct': 0.0422, 'ema21_slope_pct': -0.1054, 'ema9_above_ema21': False, 'ema21_above_ema200': False}",MOMENTUM_LONG,1.6,1.6,False,True,INV_False_EF_True,SHORT,10,6,SCENARIO_C_RUNNER_10_v3,40.0,10.0,-12.0,2.0,8.0,300,1,2,-32.0,False,False,True,False,480,3,5.0,False,5,0.75,"[[10, 6], [20, 10], [30, 20], [40, 28], [60, 45], [80, 60], [100, 75], [150, 120]]","{""trail_ladder"": [[10, 6], [20, 10], [30, 20], [40, 28], [60, 45], [80, 60], [100, 75], [150, 120]], ""ladder_first_trigger_pct"": 10, ""ladder_first_lock_pct"": 6, ""exit_profile_id"": ""SCENARIO_C_RUNNER_10_v3"", ""peak_never_loser_min_peak"": 40.0, ""peak_never_loser_floor"": 10.0, ""thesis_fast_exit_unreal_pct"": -12.0, ""thesis_mfe_protect_pct"": 2.0, ""thesis_exit_if_above_unreal_pct"": 8.0, ""thesis_min_age_sec"": 300, ""thesis_score_flip_margin"": 1, ""thesis_early_decay_delta"": 2, ""early_fail_pct_threshold"": -32.0, ""type_a_first_candle_enabled"": false, ""type_a_early_fail_enabled"": false, ""scenario_c_exit_profile"": true, ""type_a_stall_enabled"": false, ""type_a_stall_min_age_sec"": 480, ""type_a_stall_min_candles"": 3, ""type_a_stall_max_mfe_pct"": 5.0, ""trend_weakening_enabled"": false, ""spread_penalty_threshold"": 5, ""spread_penalty_margin_mult"": 0.75}",2026-06-25T18:43:23.086363+00:00,2026-06-26 04:43:23 AEST,2026-06-26 04:43:23 AEST
2026-06-25T18:48:03.633638+00:00,cont-37457753d7ab,SHORT,59581.15,59455.88,10.750919,21.07,20.0,4,4.21,4.21,0.0,0.0,-0.01,-0.01,PROFIT_LOCK_LADDER,100,0.7,62,44.0,True,SIM_LIMIT,AI_DIRECT_LIMIT,,,,,0,BEAR,SR,60-70,SPAWN,0,0,MIXED,BEAR_ALIGNED,26.1,-1,3,7,0.02096,bitfinex,tBTCF0:USTF0,v11.0-genome-architecture-v1,BITFINEX_ZERO,v11.0-genome-architecture-v1,CONTINUOUS,Continuous AI Research,APPROVE,59595.0,0.04055,0.024353,FREE_RANGE,-0.003333,0.470059,50.5,10.75092,0.0,31.746618,198.101,198.101,198.101,0-5m,AI_DIRECT,AI_DIRECT_CHASE,4,,13.85,0.0,0.1302,0.1302,False,0.0,0.0,-0.009086,4.7e-05,0.025977,6.235485,19.647964,0.0,0.218867,59581.0,59579.027634,59768.913743,61453.933603,-0.003177,FREE_RANGE,SHORT_PREFERRED,0.04055,0.024353,BEAR,3.0,44.0,0.0,100,2.4,True,True,APPROVE,62,"```json
{
  ""direction"": ""SHORT"",
  ""confidence"": 62,
  ""long_score"": 25,
  ""short_score"": 75,
  ""preferred_direction"": ""SHORT"",
  ""entry_zone_low"": 59600,
  ""entry_zone_high"": 59823,
  ""limit_price"": 59711.5,
  ""expected_mfe"": 0.008,
  ""expected_mae"": 0.004,
  ""reversal_probability"": 53,
  ""exit_style"": ""AGGRESSIVE"",
  ""reasons_for_trade"": [
    ""Multi-timeframe agreement is BEAR_ALIGNED across 15m, 1h, 4h"",
    ""EMA stack is bearish (price below EMA21 and EMA200, EMA9 below EMA21)"",
    ""ADX at 26.1 confirms trending conditions favoring continuation"",
    ""Trend health state is BEAR with bear_score 6 vs bull_score 3"",
    ""Regime is BEAR and market structure shows lower highs and lower lows"",
    ""Volume ratio elevated at 6.24 suggests strong selling pressure"",
    ""Price near micro resistance (59823) with no liquidity sweep above"",
    ""Funding positive (0.019% per 8h) favors shorts""
  ],
  ""reasons_against_trade"": [
    ""Price near micro support (59170) increases bounce risk"",
    ""Reversal risk score at 53 suggests moderate reversal potential"",
    ""Higher low detected could indicate short-term buying interest"",
    ""Distance to support (2.46%) is closer than resistance (4.05%)"",
    ""Edge score (2.4) below threshold (3.0) indicates weak edge""
  ],
  ""bull_score"": 3,
  ""bear_score"": 7
}
```

**Direction:** SHORT  
**Win probability:** 62%  
**Long score:** 25  
**Short score:** 75  
**Bull score:** 3  
**Bear score:** 7  
**Decision:** APPROVE  
**Reason:** Strong bearish alignment across all timeframes, EMA stack, ADX > 25, and trend health support continuation. Short entry near micro resistance (59823) with pullback limit at 59711.5. While near support (59170) introduces bounce risk, the bearish structure and volume dominance favor continuation. Reversal probability is moderate (53%) but lacks confirmation for a counter-trend long.",59581.15,59455.88,MAKER,TAKER,0.03356,13.85,198.101,4.21,4.21,0.0,0.0,-0.01,-0.01,21.07,645.055225,PROFIT_LOCK_LADDER,19.647964,6.235485,4.7e-05,0.218867,False,True,"{'price': 59581.0, 'ret_1m': 8.392641332080032e-05, 'ret_5m': 0.00023502946262192153, 'ema9': 59579.02763416543, 'ema21': 59768.91374349667, 'ema200': 61453.93360264086, 'dist_to_support': 0.024353401252077005, 'dist_to_resistance': 0.040549839714002785, 'volume': 0.025977105, 'volume_ratio': 6.235485422164837, 'delta': 19.64796415499967, 'velocity': 4.7020880921946514e-05, 'imbalance': 0.21886685637723824, 'candle_range': 50.5, 'body_ratio': 0.6589726403669383, 'wick_ratio': 0.34102735963306174}",2.4,"{'early_fail_enabled': True, 'invert_signal': False, 'ai_enabled': True, 'edge_threshold': 3.0, 'edge_threshold_max': None, 'edge_range_preset': 'min_only', 'ai_threshold': 44.0, 'leverage': 100, 'pullback_threshold': 0.001}","{'ema9': 59579.02763416543, 'ema21': 59768.91374349667, 'ema200': 61453.93360264086, 'ema_spread': -0.003177, 'ema9_slope_pct': 0.0159, 'ema21_slope_pct': -0.1021, 'ema9_above_ema21': False, 'ema21_above_ema200': False}",MOMENTUM_LONG,2.4,2.4,False,True,INV_False_EF_True,SHORT,10,6,SCENARIO_C_RUNNER_10_v3,40.0,10.0,-12.0,2.0,8.0,300,1,2,-32.0,False,False,True,False,480,3,5.0,False,5,0.75,"[[10, 6], [20, 10], [30, 20], [40, 28], [60, 45], [80, 60], [100, 75], [150, 120]]","{""trail_ladder"": [[10, 6], [20, 10], [30, 20], [40, 28], [60, 45], [80, 60], [100, 75], [150, 120]], ""ladder_first_trigger_pct"": 10, ""ladder_first_lock_pct"": 6, ""exit_profile_id"": ""SCENARIO_C_RUNNER_10_v3"", ""peak_never_loser_min_peak"": 40.0, ""peak_never_loser_floor"": 10.0, ""thesis_fast_exit_unreal_pct"": -12.0, ""thesis_mfe_protect_pct"": 2.0, ""thesis_exit_if_above_unreal_pct"": 8.0, ""thesis_min_age_sec"": 300, ""thesis_score_flip_margin"": 1, ""thesis_early_decay_delta"": 2, ""early_fail_pct_threshold"": -32.0, ""type_a_first_candle_enabled"": false, ""type_a_early_fail_enabled"": false, ""scenario_c_exit_profile"": true, ""type_a_stall_enabled"": false, ""type_a_stall_min_age_sec"": 480, ""type_a_stall_min_candles"": 3, ""type_a_stall_max_mfe_pct"": 5.0, ""trend_weakening_enabled"": false, ""spread_penalty_threshold"": 5, ""spread_penalty_margin_mult"": 0.75}",2026-06-25T18:48:03.633638+00:00,2026-06-26 04:48:03 AEST,2026-06-26 04:48:03 AEST
2026-06-25T18:54:52.133665+00:00,cont-28ce671cc6f4,SHORT,59591.71,59551.98,1.803746,6.68,20.0,4,1.34,1.33,0.0,0.0,-0.0,-0.0,PROFIT_LOCK_LADDER,100,0.22,62,44.0,True,SIM_LIMIT,AI_DIRECT_LIMIT,,,,,0,BEAR,SR,60-70,SPAWN,0,0,MIXED,BEAR_ALIGNED,25.27,-1,3,7,0.02187,bitfinex,tBTCF0:USTF0,v11.0-genome-architecture-v1,BITFINEX_ZERO,v11.0-genome-architecture-v1,CONTINUOUS,Continuous AI Research,APPROVE,59508.0,0.041651,0.023321,FREE_RANGE,-0.002996,0.840223,50.1,1.803747,-4.243879,11.026702,136.365,136.365,136.365,0-5m,AI_DIRECT,AI_DIRECT_CHASE,3,,83.71,0.0,0.0664,0.0664,False,0.0,0.0,-0.001636,2e-05,0.005863,0.01229,25.416065,0.0,0.247277,59518.0,59548.662107,59736.847205,61428.610932,-0.00315,FREE_RANGE,SHORT_PREFERRED,0.041651,0.023321,BEAR,3.0,44.0,0.0,100,2.8,True,True,APPROVE,62,"```json
{
  ""direction"": ""SHORT"",
  ""confidence"": 62,
  ""long_score"": 25,
  ""short_score"": 72,
  ""preferred_direction"": ""SHORT"",
  ""entry_zone_low"": 59600,
  ""entry_zone_high"": 59800,
  ""limit_price"": 59700,
  ""expected_mfe"": 350,
  ""expected_mae"": 200,
  ""reversal_probability"": 71,
  ""exit_style"": ""AGGRESSIVE"",
  ""reasons_for_trade"": [
    ""MTF agreement is BEAR_ALIGNED across 15m, 1h, 4h"",
    ""EMA stack is bearish (price below all EMAs, bearish alignment)"",
    ""ADX at 25.27 indicates trending market favoring continuation"",
    ""Trend health state is BEAR with bear_score 6 vs bull_score 3"",
    ""Market structure shows HL/LL sequence and bearish bias"",
    ""Funding positive (0.02135% per 8h) favors shorts"",
    ""Price near micro resistance (59823) in bear trend offers short entry""
  ],
  ""reasons_against_trade"": [
    ""Reversal risk score is high (71) suggesting potential bounce"",
    ""Higher low detected indicates some buying pressure"",
    ""Price near micro support (59170) could limit downside"",
    ""Volume ratio very low (0.012) suggests lack of conviction"",
    ""Edge score (2.8) below threshold (3.0) weakens signal""
  ],
  ""bull_score"": 3,
  ""bear_score"": 7
}
```",59591.71,59551.98,MAKER,TAKER,0.033609,83.71,136.365,1.34,1.33,0.0,0.0,-0.0,-0.0,6.68,108.224862,PROFIT_LOCK_LADDER,25.416065,0.01229,2e-05,0.247277,False,True,"{'price': 59518.0, 'ret_1m': 0.00016804463265443302, 'ret_5m': -8.400114241553685e-05, 'ema9': 59548.66210733234, 'ema21': 59736.84720482583, 'ema200': 61428.610931794894, 'dist_to_support': 0.023320676097987162, 'dist_to_resistance': 0.04165126516347996, 'volume': 0.005863164, 'volume_ratio': 0.012289583380835132, 'delta': 25.416065061999586, 'velocity': 2.0168321867303583e-05, 'imbalance': 0.2472765049414042, 'candle_range': 50.1, 'body_ratio': 0.6531795369186624, 'wick_ratio': 0.3468204630813376}",2.8,"{'early_fail_enabled': True, 'invert_signal': False, 'ai_enabled': True, 'edge_threshold': 3.0, 'edge_threshold_max': None, 'edge_range_preset': 'min_only', 'ai_threshold': 44.0, 'leverage': 100, 'pullback_threshold': 0.001}","{'ema9': 59548.66210733234, 'ema21': 59736.84720482583, 'ema200': 61428.610931794894, 'ema_spread': -0.00315, 'ema9_slope_pct': 0.0111, 'ema21_slope_pct': -0.0953, 'ema9_above_ema21': False, 'ema21_above_ema200': False}",MOMENTUM_LONG,2.8,2.8,False,True,INV_False_EF_True,SHORT,10,6,SCENARIO_C_RUNNER_10_v3,40.0,10.0,-12.0,2.0,8.0,300,1,2,-32.0,False,False,True,False,480,3,5.0,False,5,0.75,"[[10, 6], [20, 10], [30, 20], [40, 28], [60, 45], [80, 60], [100, 75], [150, 120]]","{""trail_ladder"": [[10, 6], [20, 10], [30, 20], [40, 28], [60, 45], [80, 60], [100, 75], [150, 120]], ""ladder_first_trigger_pct"": 10, ""ladder_first_lock_pct"": 6, ""exit_profile_id"": ""SCENARIO_C_RUNNER_10_v3"", ""peak_never_loser_min_peak"": 40.0, ""peak_never_loser_floor"": 10.0, ""thesis_fast_exit_unreal_pct"": -12.0, ""thesis_mfe_protect_pct"": 2.0, ""thesis_exit_if_above_unreal_pct"": 8.0, ""thesis_min_age_sec"": 300, ""thesis_score_flip_margin"": 1, ""thesis_early_decay_delta"": 2, ""early_fail_pct_threshold"": -32.0, ""type_a_first_candle_enabled"": false, ""type_a_early_fail_enabled"": false, ""scenario_c_exit_profile"": true, ""type_a_stall_enabled"": false, ""type_a_stall_min_age_sec"": 480, ""type_a_stall_min_candles"": 3, ""type_a_stall_max_mfe_pct"": 5.0, ""trend_weakening_enabled"": false, ""spread_penalty_threshold"": 5, ""spread_penalty_margin_mult"": 0.75}",2026-06-25T18:54:52.133665+00:00,2026-06-26 04:54:52 AEST,2026-06-26 04:54:52 AEST
2026-06-25T18:54:52.245061+00:00,c604c-addaa929bf3e,SHORT,59589.12,59551.98,1.794771,6.24,20.0,4,1.25,1.25,0.0,0.0,-0.0,-0.0,PROFIT_LOCK_LADDER,100,0.21,62,44.0,True,SIM_LIMIT,AI_DIRECT_LIMIT,,,,,0,BEAR,SR,60-70,SPAWN,0,0,MIXED,BEAR_ALIGNED,25.27,-1,3,7,0.02187,bitfinex,tBTCF0:USTF0,v11.0-genome-architecture-v1,BITFINEX_ZERO,v11.0-genome-architecture-v1,COMBO_604_SP4_CHASE_3PLUS,AI60-65 · Spread4 · Chase 3+,APPROVE,59508.0,0.041651,0.023321,FREE_RANGE,-0.002996,0.20165,50.1,1.794772,-4.678706,10.592538,133.05,133.05,133.05,0-5m,AI_DIRECT,AI_DIRECT_CHASE,3,,81.12,0.0,0.0664,0.0664,False,0.0,0.0,-0.001628,0.0,0.007695,0.82127,25.421847,0.0,0.247298,59508.0,59548.662107,59736.847205,61428.610932,-0.00315,FREE_RANGE,SHORT_PREFERRED,0.041651,0.023321,BEAR,3.0,44.0,0.0,100,2.8,True,True,APPROVE,62,"```json
{
  ""direction"": ""SHORT"",
  ""confidence"": 62,
  ""long_score"": 25,
  ""short_score"": 72,
  ""preferred_direction"": ""SHORT"",
  ""entry_zone_low"": 59600,
  ""entry_zone_high"": 59800,
  ""limit_price"": 59700,
  ""expected_mfe"": 350,
  ""expected_mae"": 200,
  ""reversal_probability"": 71,
  ""exit_style"": ""AGGRESSIVE"",
  ""reasons_for_trade"": [
    ""MTF agreement is BEAR_ALIGNED across 15m, 1h, 4h"",
    ""EMA stack is bearish (price below all EMAs, bearish alignment)"",
    ""ADX at 25.27 indicates trending market favoring continuation"",
    ""Trend health state is BEAR with bear_score 6 vs bull_score 3"",
    ""Market structure shows HL/LL sequence and bearish bias"",
    ""Funding positive (0.02135% per 8h) favors shorts"",
    ""Price near micro resistance (59823) in bear trend offers short entry""
  ],
  ""reasons_against_trade"": [
    ""Reversal risk score is high (71) suggesting potential bounce"",
    ""Higher low detected indicates some buying pressure"",
    ""Price near micro support (59170) could limit downside"",
    ""Volume ratio very low (0.012) suggests lack of conviction"",
    ""Edge score (2.8) below threshold (3.0) weakens signal""
  ],
  ""bull_score"": 3,
  ""bear_score"": 7
}
```",59589.12,59551.98,MAKER,TAKER,0.033609,81.12,133.05,1.25,1.25,0.0,0.0,-0.0,-0.0,6.24,107.686423,PROFIT_LOCK_LADDER,25.421847,0.82127,0.0,0.247298,False,True,"{'price': 59508.0, 'ret_1m': 0.0, 'ret_5m': -0.00010082508528121797, 'ema9': 59548.66210733234, 'ema21': 59736.84720482583, 'ema200': 61428.610931794894, 'dist_to_support': 0.023320676097987162, 'dist_to_resistance': 0.04165126516347996, 'volume': 0.007695063999999999, 'volume_ratio': 0.8212704041346826, 'delta': 25.421847037999584, 'velocity': 7.370526550057928e-09, 'imbalance': 0.24729793014342713, 'candle_range': 50.1, 'body_ratio': 0.6531795369186624, 'wick_ratio': 0.3468204630813376}",2.8,"{'early_fail_enabled': True, 'invert_signal': False, 'ai_enabled': True, 'edge_threshold': 3.0, 'edge_threshold_max': None, 'edge_range_preset': 'min_only', 'ai_threshold': 44.0, 'leverage': 100, 'pullback_threshold': 0.001}","{'ema9': 59548.66210733234, 'ema21': 59736.84720482583, 'ema200': 61428.610931794894, 'ema_spread': -0.00315, 'ema9_slope_pct': 0.0111, 'ema21_slope_pct': -0.0953, 'ema9_above_ema21': False, 'ema21_above_ema200': False}",MOMENTUM_LONG,2.8,2.8,False,True,INV_False_EF_True,SHORT,10,6,SCENARIO_C_RUNNER_10_v3,40.0,10.0,-12.0,2.0,8.0,300,1,2,-32.0,False,False,True,False,480,3,5.0,False,5,0.75,"[[10, 6], [20, 10], [30, 20], [40, 28], [60, 45], [80, 60], [100, 75], [150, 120]]","{""trail_ladder"": [[10, 6], [20, 10], [30, 20], [40, 28], [60, 45], [80, 60], [100, 75], [150, 120]], ""ladder_first_trigger_pct"": 10, ""ladder_first_lock_pct"": 6, ""exit_profile_id"": ""SCENARIO_C_RUNNER_10_v3"", ""peak_never_loser_min_peak"": 40.0, ""peak_never_loser_floor"": 10.0, ""thesis_fast_exit_unreal_pct"": -12.0, ""thesis_mfe_protect_pct"": 2.0, ""thesis_exit_if_above_unreal_pct"": 8.0, ""thesis_min_age_sec"": 300, ""thesis_score_flip_margin"": 1, ""thesis_early_decay_delta"": 2, ""early_fail_pct_threshold"": -32.0, ""type_a_first_candle_enabled"": false, ""type_a_early_fail_enabled"": false, ""scenario_c_exit_profile"": true, ""type_a_stall_enabled"": false, ""type_a_stall_min_age_sec"": 480, ""type_a_stall_min_candles"": 3, ""type_a_stall_max_mfe_pct"": 5.0, ""trend_weakening_enabled"": false, ""spread_penalty_threshold"": 5, ""spread_penalty_margin_mult"": 0.75}",2026-06-25T18:54:52.245061+00:00,2026-06-26 04:54:52 AEST,2026-06-26 04:54:52 AEST
2026-06-25T19:16:07.114845+00:00,c604c-e8b11badd7c8,SHORT,59361.02,59325.82,0.95739,5.93,20.0,4,1.19,1.19,0.0,0.0,-0.0,-0.0,PROFIT_LOCK_LADDER,100,0.2,62,44.0,True,SIM_LIMIT,AI_DIRECT_LIMIT,,,,,0,BEAR,SR,60-70,SPAWN,0,0,MIXED,BEAR_ALIGNED,24.59,-2,3,7,0.02452,bitfinex,tBTCF0:USTF0,v11.0-genome-architecture-v1,BITFINEX_ZERO,v11.0-genome-architecture-v1,COMBO_604_SP4_CHASE_3PLUS,AI60-65 · Spread4 · Chase 3+,APPROVE,59384.0,0.043685,0.021413,FREE_RANGE,-0.003456,1.0,51.5,0.957391,0.0,15.164834,248.744,248.744,248.744,0-5m,AI_DIRECT,AI_DIRECT_CHASE,5,,22.98,0.0,0.1288,0.1288,False,0.0,0.0,-0.000974,-3.7e-05,0.00503,1.771662,17.131752,0.0,0.144985,59384.0,59521.449686,59707.786715,61403.840723,-0.003121,FREE_RANGE,SHORT_PREFERRED,0.043685,0.021413,BEAR,3.0,44.0,0.0,100,2.5,True,True,APPROVE,62,"```json
{
  ""direction"": ""SHORT"",
  ""confidence"": 62,
  ""long_score"": 28,
  ""short_score"": 72,
  ""preferred_direction"": ""SHORT"",
  ""entry_zone_low"": 59450,
  ""entry_zone_high"": 59600,
  ""limit_price"": 59525,
  ""expected_mfe"": 180,
  ""expected_mae"": 120,
  ""reversal_probability"": 35,
  ""exit_style"": ""AGGRESSIVE"",
  ""reasons_for_trade"": [
    ""MTF agreement is BEAR_ALIGNED across 15m/1h/4h"",
    ""EMA stack is bearish (price below all EMAs, bearish alignment)"",
    ""Trend health state is BEAR with bear_score 6 vs bull_score 3"",
    ""ADX at 24.59 is near trending threshold, favoring continuation"",
    ""Market structure shows HL/LL sequence with last swing high at 59823"",
    ""Funding rate positive (0.02388% per 8h) favors shorts"",
    ""Price is closer to resistance (4.38%) than support (2.14%) in free range"",
    ""Regime is TRENDING with bearish bias, recent compression break likely bearish""
  ],
  ""reasons_against_trade"": [
    ""Higher low detected suggests potential micro support bounce"",
    ""Reversal risk score at 53 indicates moderate reversal probability"",
    ""Volume ratio elevated (1.77) could indicate absorption"",
    ""Price near micro support at 59170 may cause short-term bounce"",
    ""Edge score (2.5) below threshold (3.0) suggests weaker signal quality""
  ],
  ""bull_score"": 3,
  ""bear_score"": 7
}
```",59361.02,59325.82,MAKER,TAKER,0.033679,22.98,248.744,1.19,1.19,0.0,0.0,-0.0,-0.0,5.93,57.44348,PROFIT_LOCK_LADDER,17.131752,1.771662,-3.7e-05,0.144985,False,True,"{'price': 59384.0, 'ret_1m': -0.0003030201003333221, 'ret_5m': -1.6839269175717773e-05, 'ema9': 59521.44968586588, 'ema21': 59707.786715125396, 'ema200': 61403.84072323907, 'dist_to_support': 0.021413420423554763, 'dist_to_resistance': 0.043685397798053936, 'volume': 0.005030276, 'volume_ratio': 1.77166242822941, 'delta': 17.13175152299978, 'velocity': -3.7034826610115194e-05, 'imbalance': 0.14498520480206717, 'candle_range': 51.5, 'body_ratio': 0.6634335188385935, 'wick_ratio': 0.3365664811614065}",2.5,"{'early_fail_enabled': True, 'invert_signal': False, 'ai_enabled': True, 'edge_threshold': 3.0, 'edge_threshold_max': None, 'edge_range_preset': 'min_only', 'ai_threshold': 44.0, 'leverage': 100, 'pullback_threshold': 0.001}","{'ema9': 59521.44968586588, 'ema21': 59707.786715125396, 'ema200': 61403.84072323907, 'ema_spread': -0.003121, 'ema9_slope_pct': -0.1017, 'ema21_slope_pct': -0.136, 'ema9_above_ema21': False, 'ema21_above_ema200': False}",ORDERFLOW_SPIKE,2.5,2.5,False,True,INV_False_EF_True,SHORT,10,6,SCENARIO_C_RUNNER_10_v3,40.0,10.0,-12.0,2.0,8.0,300,1,2,-32.0,False,False,True,False,480,3,5.0,False,5,0.75,"[[10, 6], [20, 10], [30, 20], [40, 28], [60, 45], [80, 60], [100, 75], [150, 120]]","{""trail_ladder"": [[10, 6], [20, 10], [30, 20], [40, 28], [60, 45], [80, 60], [100, 75], [150, 120]], ""ladder_first_trigger_pct"": 10, ""ladder_first_lock_pct"": 6, ""exit_profile_id"": ""SCENARIO_C_RUNNER_10_v3"", ""peak_never_loser_min_peak"": 40.0, ""peak_never_loser_floor"": 10.0, ""thesis_fast_exit_unreal_pct"": -12.0, ""thesis_mfe_protect_pct"": 2.0, ""thesis_exit_if_above_unreal_pct"": 8.0, ""thesis_min_age_sec"": 300, ""thesis_score_flip_margin"": 1, ""thesis_early_decay_delta"": 2, ""early_fail_pct_threshold"": -32.0, ""type_a_first_candle_enabled"": false, ""type_a_early_fail_enabled"": false, ""scenario_c_exit_profile"": true, ""type_a_stall_enabled"": false, ""type_a_stall_min_age_sec"": 480, ""type_a_stall_min_candles"": 3, ""type_a_stall_max_mfe_pct"": 5.0, ""trend_weakening_enabled"": false, ""spread_penalty_threshold"": 5, ""spread_penalty_margin_mult"": 0.75}",2026-06-25T19:16:07.114845+00:00,2026-06-26 05:16:07 AEST,2026-06-26 05:16:07 AEST
2026-06-25T19:25:24.820892+00:00,cont-a873a02b432f,SHORT,59561.06,59405.0,23.786668,26.32,20.0,3,5.26,5.24,0.0,0.0,-0.02,-0.02,PROFIT_LOCK_LADDER,100,0.87,62,44.0,True,SIM_LIMIT,AI_DIRECT_LIMIT,,,,,0,BEAR,SR,60-70,SPAWN,0,0,MIXED,BEAR_ALIGNED,25.27,-1,3,6,0.02565,bitfinex,tBTCF0:USTF0,v11.0-genome-architecture-v1,BITFINEX_ZERO,v11.0-genome-architecture-v1,CONTINUOUS,Continuous AI Research,APPROVE,59567.0,0.040987,0.023944,FREE_RANGE,-0.003449,0.167895,50.1,23.786668,0.0,57.76593,244.273,244.273,244.273,0-5m,AI_DIRECT,AI_DIRECT_CHASE,5,,5.94,0.0,0.0,0.0,False,0.0,0.0,-0.023946,-7e-06,0.006257,0.687349,25.669211,0.0,0.24232,59556.0,59560.862107,59742.392659,61429.217897,-0.003039,FREE_RANGE,SHORT_PREFERRED,0.040987,0.023944,BEAR,3.0,44.0,0.0,100,2.9,True,True,APPROVE,62,"```json
{
  ""direction"": ""SHORT"",
  ""confidence"": 62,
  ""long_score"": 25,
  ""short_score"": 72,
  ""preferred_direction"": ""SHORT"",
  ""entry_zone_low"": 59600,
  ""entry_zone_high"": 59850,
  ""limit_price"": 59725,
  ""expected_mfe"": 350,
  ""expected_mae"": 200,
  ""reversal_probability"": 53,
  ""exit_style"": ""AGGRESSIVE"",
  ""reasons_for_trade"": [
    ""MTF agreement is BEAR_ALIGNED (15m ranging, 1h/4h bearish) - strong bearish hierarchy"",
    ""EMA stack is bearish (price below ema9, ema21, ema200; ema9 below ema21; stack_bear=true)"",
    ""ADX 25.27 >= 25 - trending market favors continuation, not reversal"",
    ""Trend health state is BEAR with bear_score 6 vs bull_score 3 - intact bearish momentum"",
    ""Regime is BEAR, last 3 regimes all BEAR - persistent downtrend"",
    ""Price near micro resistance (59823) with distance_to_micro_resistance only 0.45% - short entry zone aligns with resistance rejection"",
    ""Funding positive (0.022% per 8h) - shorts receive funding, slight tailwind"",
    ""Volume ratio 0.69 below 1.0 - low participation suggests no strong buying pressure to break resistance""
  ],
  ""reasons_against_trade"": [
    ""Reversal risk score 53 - moderate chance of bounce from micro support zone"",
    ""Higher low detected (HL in swing labels) - some micro bullish structure forming"",
    ""Market structure shift labeled BULL_CONTINUATION - conflicting signal"",
    ""Edge score 2.9 just below threshold 3.0 - telemetry not fully confirming edge"",
    ""Price near support (dist_to_support 2.4%) - short entry near support has reduced expectancy historically"",
    ""Delta positive (25.7) - slight buying pressure in recent candle""
  ],
  ""bull_score"": 3,
  ""bear_score"": 6
}
```",59561.06,59405.0,MAKER,TAKER,0.033576,5.94,244.273,5.26,5.24,0.0,0.0,-0.02,-0.02,26.32,1427.20014,PROFIT_LOCK_LADDER,25.669211,0.687349,-7e-06,0.24232,False,True,"{'price': 59556.0, 'ret_1m': 0.0, 'ret_5m': -8.394754957102802e-05, 'ema9': 59560.862107332345, 'ema21': 59742.39265937129, 'ema200': 61429.21789696902, 'dist_to_support': 0.02394385116528981, 'dist_to_resistance': 0.040986634428101285, 'volume': 0.006256997, 'volume_ratio': 0.68734862005829, 'delta': 25.66921087799969, 'velocity': -6.71408420823657e-06, 'imbalance': 0.24231960139968547, 'candle_range': 50.1, 'body_ratio': 0.6531795369186624, 'wick_ratio': 0.3468204630813376}",2.9,"{'early_fail_enabled': True, 'invert_signal': False, 'ai_enabled': True, 'edge_threshold': 3.0, 'edge_threshold_max': None, 'edge_range_preset': 'min_only', 'ai_threshold': 44.0, 'leverage': 100, 'pullback_threshold': 0.001}","{'ema9': 59560.862107332345, 'ema21': 59742.39265937129, 'ema200': 61429.21789696902, 'ema_spread': -0.003039, 'ema9_slope_pct': 0.0316, 'ema21_slope_pct': -0.086, 'ema9_above_ema21': False, 'ema21_above_ema200': False}",WEAK_SETUP,2.9,2.9,False,True,INV_False_EF_True,SHORT,10,6,SCENARIO_C_RUNNER_10_v3,40.0,10.0,-12.0,2.0,8.0,300,1,2,-32.0,False,False,True,False,480,3,5.0,False,5,0.75,"[[10, 6], [20, 10], [30, 20], [40, 28], [60, 45], [80, 60], [100, 75], [150, 120]]","{""trail_ladder"": [[10, 6], [20, 10], [30, 20], [40, 28], [60, 45], [80, 60], [100, 75], [150, 120]], ""ladder_first_trigger_pct"": 10, ""ladder_first_lock_pct"": 6, ""exit_profile_id"": ""SCENARIO_C_RUNNER_10_v3"", ""peak_never_loser_min_peak"": 40.0, ""peak_never_loser_floor"": 10.0, ""thesis_fast_exit_unreal_pct"": -12.0, ""thesis_mfe_protect_pct"": 2.0, ""thesis_exit_if_above_unreal_pct"": 8.0, ""thesis_min_age_sec"": 300, ""thesis_score_flip_margin"": 1, ""thesis_early_decay_delta"": 2, ""early_fail_pct_threshold"": -32.0, ""type_a_first_candle_enabled"": false, ""type_a_early_fail_enabled"": false, ""scenario_c_exit_profile"": true, ""type_a_stall_enabled"": false, ""type_a_stall_min_age_sec"": 480, ""type_a_stall_min_candles"": 3, ""type_a_stall_max_mfe_pct"": 5.0, ""trend_weakening_enabled"": false, ""spread_penalty_threshold"": 5, ""spread_penalty_margin_mult"": 0.75}",2026-06-25T19:25:24.820892+00:00,2026-06-26 05:25:24 AEST,2026-06-26 05:25:24 AEST
2026-06-25T19:32:25.155173+00:00,cont-44a42b30ff9e,SHORT,59427.0,59380.0,1.976913,7.92,20.0,4,1.58,1.58,0.0,0.0,-0.0,-0.0,PROFIT_LOCK_LADDER,100,0.26,62,44.0,True,SIM_LIMIT,AI_DIRECT_LIMIT,,,,,0,BEAR,SR,60-70,SPAWN,0,0,MIXED,BEAR_ALIGNED,24.49,-2,3,7,0.02654,bitfinex,tBTCF0:USTF0,v11.0-genome-architecture-v1,BITFINEX_ZERO,v11.0-genome-architecture-v1,CONTINUOUS,Continuous AI Research,APPROVE,59345.0,0.044529,0.020622,FREE_RANGE,-0.003081,1.0,41.8,1.976914,-1.682737,10.432968,203.91,203.91,203.91,0-5m,AI_DIRECT,AI_DIRECT_CHASE,3,,82.0,0.0,0.0,0.0,False,0.0,0.0,-0.00218,2.7e-05,0.007039,0.195828,6.40632,0.0,0.045155,59352.0,59477.119749,59669.665609,61378.498568,-0.003227,FREE_RANGE,SHORT_PREFERRED,0.044529,0.020622,BEAR,3.0,44.0,0.0,100,2.4,True,True,APPROVE,62,"```json
{
  ""direction"": ""SHORT"",
  ""confidence"": 62,
  ""long_score"": 25,
  ""short_score"": 72,
  ""preferred_direction"": ""SHORT"",
  ""entry_zone_low"": 59450,
  ""entry_zone_high"": 59600,
  ""limit_price"": 59525,
  ""expected_mfe"": 180,
  ""expected_mae"": 120,
  ""reversal_probability"": 71,
  ""exit_style"": ""AGGRESSIVE"",
  ""reasons_for_trade"": [
    ""MTF agreement is BEAR_ALIGNED across 15m, 1h, 4h"",
    ""EMA stack is bearish (price below all EMAs, ema9 below ema21 below ema200)"",
    ""Trend health state is BEAR with bear_score 6 vs bull_score 3"",
    ""ADX at 24.49 is near trending threshold, favoring continuation"",
    ""Funding rate positive (0.026% per 8h) favors shorts"",
    ""Price is in compression after a trending bear phase, likely to resume"",
    ""Micro structure shows lower highs and higher lows (compression), but no bullish shift confirmed""
  ],
  ""reasons_against_trade"": [
    ""Reversal risk score is high (71), indicating potential bounce from micro support at 59170"",
    ""Distance to support is only 2.06%, increasing risk of a snap-back"",
    ""Volume ratio is low (0.20), suggesting lack of conviction in current move"",
    ""Edge score (2.4) is below threshold (3.0), indicating weak statistical edge"",
    ""Market regime is COMPRESSION, which can lead to false breakouts""
  ],
  ""bull_score"": 3,
  ""bear_score"": 7
}
```

**Direction:** SHORT  
**Win probability:** 62%  
**Long score:** 25  
**Short score:** 72  
**Bull score:** 3/10  
**Bear score:** 7/10  
**Decision:** APPROVE  
**Reason:** Strong bearish alignment across all timeframes (MTF BEAR_ALIGNED, bearish EMA stack, bearish trend health) supports continuation. The market is in compression after a bearish trending phase, and the positive funding rate adds pressure on longs. While the reversal risk is elevated (71) due to proximity to support, the trend hierarchy rules prioritize the multi-timeframe bearish agreement over a lone support bounce. The short score (72) exceeds the long score (25) by more than 5 points, meeting the approval threshold. Entry is set slightly above current price (pullback to resistance zone near 59525) to avoid chasing. Exit style is AGGRESSIVE given the compression regime and high reversal risk - take profits quickly on any bearish impulse.",59427.0,59380.0,MAKER,TAKER,0.033701,82.0,203.91,1.58,1.58,0.0,0.0,-0.0,-0.0,7.92,118.614897,PROFIT_LOCK_LADDER,6.40632,0.195828,2.7e-05,0.045155,False,True,"{'price': 59369.0, 'ret_1m': 0.00025272096236142466, 'ret_5m': -1.684352366515075e-05, 'ema9': 59477.119748692705, 'ema21': 59669.665608785734, 'ema200': 61378.49856837806, 'dist_to_support': 0.020622030528692253, 'dist_to_resistance': 0.044529433568083025, 'volume': 0.007038967, 'volume_ratio': 0.1958275632089075, 'delta': 6.4063196349998695, 'velocity': 2.7004863828705477e-05, 'imbalance': 0.04515481942405396, 'candle_range': 41.8, 'body_ratio': 0.6927985982036728, 'wick_ratio': 0.3072014017963271}",2.4,"{'early_fail_enabled': True, 'invert_signal': False, 'ai_enabled': True, 'edge_threshold': 3.0, 'edge_threshold_max': None, 'edge_range_preset': 'min_only', 'ai_threshold': 44.0, 'leverage': 100, 'pullback_threshold': 0.001}","{'ema9': 59477.119748692705, 'ema21': 59669.665608785734, 'ema200': 61378.49856837806, 'ema_spread': -0.003227, 'ema9_slope_pct': -0.1372, 'ema21_slope_pct': -0.1507, 'ema9_above_ema21': False, 'ema21_above_ema200': False}",MOMENTUM_LONG,2.4,2.4,False,True,INV_False_EF_True,SHORT,10,6,SCENARIO_C_RUNNER_10_v3,40.0,10.0,-12.0,2.0,8.0,300,1,2,-32.0,False,False,True,False,480,3,5.0,False,5,0.75,"[[10, 6], [20, 10], [30, 20], [40, 28], [60, 45], [80, 60], [100, 75], [150, 120]]","{""trail_ladder"": [[10, 6], [20, 10], [30, 20], [40, 28], [60, 45], [80, 60], [100, 75], [150, 120]], ""ladder_first_trigger_pct"": 10, ""ladder_first_lock_pct"": 6, ""exit_profile_id"": ""SCENARIO_C_RUNNER_10_v3"", ""peak_never_loser_min_peak"": 40.0, ""peak_never_loser_floor"": 10.0, ""thesis_fast_exit_unreal_pct"": -12.0, ""thesis_mfe_protect_pct"": 2.0, ""thesis_exit_if_above_unreal_pct"": 8.0, ""thesis_min_age_sec"": 300, ""thesis_score_flip_margin"": 1, ""thesis_early_decay_delta"": 2, ""early_fail_pct_threshold"": -32.0, ""type_a_first_candle_enabled"": false, ""type_a_early_fail_enabled"": false, ""scenario_c_exit_profile"": true, ""type_a_stall_enabled"": false, ""type_a_stall_min_age_sec"": 480, ""type_a_stall_min_candles"": 3, ""type_a_stall_max_mfe_pct"": 5.0, ""trend_weakening_enabled"": false, ""spread_penalty_threshold"": 5, ""spread_penalty_margin_mult"": 0.75}",2026-06-25T19:32:25.155173+00:00,2026-06-26 05:32:25 AEST,2026-06-26 05:32:25 AEST
2026-06-25T19:32:30.197178+00:00,c604c-318f0e35941d,SHORT,59427.0,59400.0,2.050855,4.55,20.0,4,0.91,0.91,0.0,0.0,-0.0,-0.0,PROFIT_LOCK_LADDER,100,0.15,62,44.0,True,SIM_LIMIT,AI_DIRECT_LIMIT,,,,,0,BEAR,SR,60-70,SPAWN,0,0,MIXED,BEAR_ALIGNED,24.49,-2,3,7,0.02654,bitfinex,tBTCF0:USTF0,v11.0-genome-architecture-v1,BITFINEX_ZERO,v11.0-genome-architecture-v1,COMBO_604_SP4_CHASE_3PLUS,AI60-65 · Spread4 · Chase 3+,APPROVE,59345.0,0.044529,0.020622,FREE_RANGE,-0.003142,1.0,41.8,2.050856,-1.682737,10.432968,201.893,201.893,201.893,0-5m,AI_DIRECT,AI_DIRECT_CHASE,3,,82.0,0.0,0.0,0.0,False,0.0,0.0,-0.002261,-2.4e-05,0.00912,0.22196,6.384918,0.0,0.044997,59345.0,59477.119749,59669.665609,61378.498568,-0.003227,FREE_RANGE,SHORT_PREFERRED,0.044529,0.020622,BEAR,3.0,44.0,0.0,100,2.4,True,True,APPROVE,62,"```json
{
  ""direction"": ""SHORT"",
  ""confidence"": 62,
  ""long_score"": 25,
  ""short_score"": 72,
  ""preferred_direction"": ""SHORT"",
  ""entry_zone_low"": 59450,
  ""entry_zone_high"": 59600,
  ""limit_price"": 59525,
  ""expected_mfe"": 180,
  ""expected_mae"": 120,
  ""reversal_probability"": 71,
  ""exit_style"": ""AGGRESSIVE"",
  ""reasons_for_trade"": [
    ""MTF agreement is BEAR_ALIGNED across 15m, 1h, 4h"",
    ""EMA stack is bearish (price below all EMAs, ema9 below ema21 below ema200)"",
    ""Trend health state is BEAR with bear_score 6 vs bull_score 3"",
    ""ADX at 24.49 is near trending threshold, favoring continuation"",
    ""Funding rate positive (0.026% per 8h) favors shorts"",
    ""Price is in compression after a trending bear phase, likely to resume"",
    ""Micro structure shows lower highs and higher lows (compression), but no bullish shift confirmed""
  ],
  ""reasons_against_trade"": [
    ""Reversal risk score is high (71), indicating potential bounce from micro support at 59170"",
    ""Distance to support is only 2.06%, increasing risk of a snap-back"",
    ""Volume ratio is low (0.20), suggesting lack of conviction in current move"",
    ""Edge score (2.4) is below threshold (3.0), indicating weak statistical edge"",
    ""Market regime is COMPRESSION, which can lead to false breakouts""
  ],
  ""bull_score"": 3,
  ""bear_score"": 7
}
```

**Direction:** SHORT  
**Win probability:** 62%  
**Long score:** 25  
**Short score:** 72  
**Bull score:** 3/10  
**Bear score:** 7/10  
**Decision:** APPROVE  
**Reason:** Strong bearish alignment across all timeframes (MTF BEAR_ALIGNED, bearish EMA stack, bearish trend health) supports continuation. The market is in compression after a bearish trending phase, and the positive funding rate adds pressure on longs. While the reversal risk is elevated (71) due to proximity to support, the trend hierarchy rules prioritize the multi-timeframe bearish agreement over a lone support bounce. The short score (72) exceeds the long score (25) by more than 5 points, meeting the approval threshold. Entry is set slightly above current price (pullback to resistance zone near 59525) to avoid chasing. Exit style is AGGRESSIVE given the compression regime and high reversal risk - take profits quickly on any bearish impulse.",59427.0,59400.0,MAKER,TAKER,0.033701,82.0,201.893,0.91,0.91,0.0,0.0,-0.0,-0.0,4.55,123.051421,PROFIT_LOCK_LADDER,6.384918,0.22196,-2.4e-05,0.044997,False,True,"{'price': 59345.0, 'ret_1m': 0.0, 'ret_5m': -0.0005894240485011788, 'ema9': 59477.119748692705, 'ema21': 59669.665608785734, 'ema200': 61378.49856837806, 'dist_to_support': 0.020622030528692253, 'dist_to_resistance': 0.044529433568083025, 'volume': 0.00912, 'volume_ratio': 0.22196030511622405, 'delta': 6.384917568999865, 'velocity': -2.353796913663647e-05, 'imbalance': 0.044996562296015445, 'candle_range': 41.8, 'body_ratio': 0.6927985982036728, 'wick_ratio': 0.3072014017963271}",2.4,"{'early_fail_enabled': True, 'invert_signal': False, 'ai_enabled': True, 'edge_threshold': 3.0, 'edge_threshold_max': None, 'edge_range_preset': 'min_only', 'ai_threshold': 44.0, 'leverage': 100, 'pullback_threshold': 0.001}","{'ema9': 59477.119748692705, 'ema21': 59669.665608785734, 'ema200': 61378.49856837806, 'ema_spread': -0.003227, 'ema9_slope_pct': -0.1372, 'ema21_slope_pct': -0.1507, 'ema9_above_ema21': False, 'ema21_above_ema200': False}",WEAK_SETUP,2.4,2.4,False,True,INV_False_EF_True,SHORT,10,6,SCENARIO_C_RUNNER_10_v3,40.0,10.0,-12.0,2.0,8.0,300,1,2,-32.0,False,False,True,False,480,3,5.0,False,5,0.75,"[[10, 6], [20, 10], [30, 20], [40, 28], [60, 45], [80, 60], [100, 75], [150, 120]]","{""trail_ladder"": [[10, 6], [20, 10], [30, 20], [40, 28], [60, 45], [80, 60], [100, 75], [150, 120]], ""ladder_first_trigger_pct"": 10, ""ladder_first_lock_pct"": 6, ""exit_profile_id"": ""SCENARIO_C_RUNNER_10_v3"", ""peak_never_loser_min_peak"": 40.0, ""peak_never_loser_floor"": 10.0, ""thesis_fast_exit_unreal_pct"": -12.0, ""thesis_mfe_protect_pct"": 2.0, ""thesis_exit_if_above_unreal_pct"": 8.0, ""thesis_min_age_sec"": 300, ""thesis_score_flip_margin"": 1, ""thesis_early_decay_delta"": 2, ""early_fail_pct_threshold"": -32.0, ""type_a_first_candle_enabled"": false, ""type_a_early_fail_enabled"": false, ""scenario_c_exit_profile"": true, ""type_a_stall_enabled"": false, ""type_a_stall_min_age_sec"": 480, ""type_a_stall_min_candles"": 3, ""type_a_stall_max_mfe_pct"": 5.0, ""trend_weakening_enabled"": false, ""spread_penalty_threshold"": 5, ""spread_penalty_margin_mult"": 0.75}",2026-06-25T19:32:30.197178+00:00,2026-06-26 05:32:30 AEST,2026-06-26 05:32:30 AEST
2026-06-25T19:36:15.932686+00:00,cont-e5a2433f20d0,SHORT,59454.75,59416.0,1.733892,6.53,20.0,3,1.31,1.3,0.0,0.0,-0.0,-0.0,PROFIT_LOCK_LADDER,100,0.22,62,44.0,True,SIM_LIMIT,AI_DIRECT_LIMIT,,,,,0,BEAR,SR,60-70,SPAWN,0,0,MIXED,BEAR_ALIGNED,24.15,-2,3,6,0.02699,bitfinex,tBTCF0:USTF0,v11.0-genome-architecture-v1,BITFINEX_ZERO,v11.0-genome-architecture-v1,CONTINUOUS,Continuous AI Research,APPROVE,59334.0,0.044882,0.020292,FREE_RANGE,-0.003094,1.0,37.2,1.733892,-0.042049,11.563416,58.948,58.948,58.948,0-5m,AI_DIRECT,AI_DIRECT_CHASE,1,,120.75,0.0,0.0,0.0,False,0.0,0.0,-0.001946,-9.6e-05,0.005046,2.129415,5.491565,0.0,0.038445,59334.0,59454.575799,59641.943942,61354.14857,-0.003142,FREE_RANGE,SHORT_PREFERRED,0.044882,0.020292,BEAR,3.0,44.0,0.0,100,3.4,True,True,APPROVE,62,"```json
{
  ""direction"": ""SHORT"",
  ""confidence"": 62,
  ""long_score"": 25,
  ""short_score"": 75,
  ""preferred_direction"": ""SHORT"",
  ""entry_zone_low"": 59400,
  ""entry_zone_high"": 59600,
  ""limit_price"": 59500,
  ""expected_mfe"": 250,
  ""expected_mae"": 120,
  ""reversal_probability"": 51,
  ""exit_style"": ""AGGRESSIVE"",
  ""reasons_for_trade"": [
    ""Multi-timeframe agreement is BEAR_ALIGNED across 15m, 1h, 4h"",
    ""EMA stack is bearish (price below all EMAs, EMA9 below EMA21, EMA21 below EMA200)"",
    ""Trend health state is BEAR with bear_score 6 vs bull_score 3"",
    ""ADX at 24.15 is near trending threshold, supporting continuation bias"",
    ""Market structure shows LH/LL sequence active and structure bias MIXED but leaning bearish"",
    ""Funding rate positive (0.02665% per 8h) favors shorts as longs pay"",
    ""Price is in FREE_RANGE but closer to support (2.07%) than resistance (4.44%), limiting short downside risk"",
    ""Micro structure shows lower high detected and structure bias LEAN_BEAR"",
    ""Entry stage is EARLY in bear trend, allowing room for continuation""
  ],
  ""reasons_against_trade"": [
    ""Reversal risk score is 51, indicating moderate reversal probability"",
    ""Higher low detected on micro structure could signal potential bounce"",
    ""Volume ratio is very low (0.038), suggesting lack of conviction in current move"",
    ""Price is near micro support (59170) which may attract buyers"",
    ""ADX below 25 suggests trend strength is not fully confirmed"",
    ""Candle range is narrow (37.2) indicating compression, which can precede sharp reversals""
  ],
  ""bull_score"": 3,
  ""bear_score"": 6
}
```

**Direction:** SHORT  
**Win probability:** 62%  
**Long score:** 25  
**Short score:** 75  
**Bull score:** 3  
**Bear score:** 6  
**Decision:** APPROVE  
**Reason:** Strong bearish alignment across all timeframes, EMA stack, and trend health supports short continuation. Price is in a compression zone near micro support, but the bearish structure and funding rate favor shorts. The low volume and moderate reversal risk warrant a cautious APPROVE rather than STRONG_APPROVE. Entry above current price (pullback to 59500) allows for better risk/reward.",59454.75,59416.0,MAKER,TAKER,0.033707,120.75,58.948,1.31,1.3,0.0,0.0,-0.0,-0.0,6.53,104.033578,PROFIT_LOCK_LADDER,5.491565,2.129415,-9.6e-05,0.038445,False,True,"{'price': 59334.0, 'ret_1m': 0.0, 'ret_5m': -0.0005895332580976604, 'ema9': 59454.57579895417, 'ema21': 59641.94394186514, 'ema200': 61354.14857031486, 'dist_to_support': 0.0202919068325075, 'dist_to_resistance': 0.04488151818518893, 'volume': 0.005045862, 'volume_ratio': 2.1294154154576588, 'delta': 5.491564504999775, 'velocity': -9.600241321245093e-05, 'imbalance': 0.038444936227303536, 'candle_range': 37.2, 'body_ratio': 0.7719652648703395, 'wick_ratio': 0.22803473512966047}",3.4,"{'early_fail_enabled': True, 'invert_signal': False, 'ai_enabled': True, 'edge_threshold': 3.0, 'edge_threshold_max': None, 'edge_range_preset': 'min_only', 'ai_threshold': 44.0, 'leverage': 100, 'pullback_threshold': 0.001}","{'ema9': 59454.57579895417, 'ema21': 59641.94394186514, 'ema200': 61354.14857031486, 'ema_spread': -0.003142, 'ema9_slope_pct': -0.1721, 'ema21_slope_pct': -0.1652, 'ema9_above_ema21': False, 'ema21_above_ema200': False}",WEAK_SETUP,3.4,3.4,False,True,INV_False_EF_True,SHORT,10,6,SCENARIO_C_RUNNER_10_v3,40.0,10.0,-12.0,2.0,8.0,300,1,2,-32.0,False,False,True,False,480,3,5.0,False,5,0.75,"[[10, 6], [20, 10], [30, 20], [40, 28], [60, 45], [80, 60], [100, 75], [150, 120]]","{""trail_ladder"": [[10, 6], [20, 10], [30, 20], [40, 28], [60, 45], [80, 60], [100, 75], [150, 120]], ""ladder_first_trigger_pct"": 10, ""ladder_first_lock_pct"": 6, ""exit_profile_id"": ""SCENARIO_C_RUNNER_10_v3"", ""peak_never_loser_min_peak"": 40.0, ""peak_never_loser_floor"": 10.0, ""thesis_fast_exit_unreal_pct"": -12.0, ""thesis_mfe_protect_pct"": 2.0, ""thesis_exit_if_above_unreal_pct"": 8.0, ""thesis_min_age_sec"": 300, ""thesis_score_flip_margin"": 1, ""thesis_early_decay_delta"": 2, ""early_fail_pct_threshold"": -32.0, ""type_a_first_candle_enabled"": false, ""type_a_early_fail_enabled"": false, ""scenario_c_exit_profile"": true, ""type_a_stall_enabled"": false, ""type_a_stall_min_age_sec"": 480, ""type_a_stall_min_candles"": 3, ""type_a_stall_max_mfe_pct"": 5.0, ""trend_weakening_enabled"": false, ""spread_penalty_threshold"": 5, ""spread_penalty_margin_mult"": 0.75}",2026-06-25T19:36:15.932686+00:00,2026-06-26 05:36:15 AEST,2026-06-26 05:36:15 AEST
2026-06-25T19:41:36.383516+00:00,cont-96fc3ebf1f1d,SHORT,59431.91,59397.0,1.44783,5.88,20.0,4,1.18,1.17,0.0,0.0,-0.0,-0.0,PROFIT_LOCK_LADDER,100,0.2,62,44.0,True,SIM_LIMIT,AI_DIRECT_LIMIT,,,,,0,BEAR,SR,60-70,SPAWN,0,0,MIXED,BEAR_ALIGNED,23.96,-2,3,7,0.02756,bitfinex,tBTCF0:USTF0,v11.0-genome-architecture-v1,BITFINEX_ZERO,v11.0-genome-architecture-v1,CONTINUOUS,Continuous AI Research,APPROVE,59386.0,0.04365,0.021446,FREE_RANGE,-0.003,0.404136,37.2,1.447831,-8.596392,10.416963,202.808,202.808,202.808,0-5m,AI_DIRECT,AI_DIRECT_CHASE,3,,45.91,0.0,0.0,0.0,False,0.0,0.0,-0.00166,1.9e-05,0.06968,0.64779,6.851238,0.0,0.04735,59398.0,59459.775799,59644.307578,61354.407277,-0.003094,FREE_RANGE,SHORT_PREFERRED,0.04365,0.021446,BEAR,3.0,44.0,0.0,100,2.8,True,True,APPROVE,62,"```json
{
  ""direction"": ""SHORT"",
  ""confidence"": 62,
  ""long_score"": 25,
  ""short_score"": 72,
  ""preferred_direction"": ""SHORT"",
  ""entry_zone_low"": 59450,
  ""entry_zone_high"": 59600,
  ""limit_price"": 59525,
  ""expected_mfe"": 180,
  ""expected_mae"": 120,
  ""reversal_probability"": 71,
  ""exit_style"": ""AGGRESSIVE"",
  ""reasons_for_trade"": [
    ""Multi-timeframe agreement is BEAR_ALIGNED across 15m, 1h, 4h"",
    ""EMA stack is bearish (price below all EMAs, EMA9 below EMA21, EMA21 below EMA200)"",
    ""Trend health state is BEAR with bear_score 6 vs bull_score 3"",
    ""ADX at 23.96 is near trending threshold, supporting bear continuation"",
    ""Market structure shows lower highs and lower lows sequence active"",
    ""Funding rate positive (0.027% per 8h) favors shorts, longs paying"",
    ""Price is in compression after a bearish trending phase, likely to resume downside"",
    ""Micro structure shows LEAN_BEAR bias with price near micro resistance (59823)""
  ],
  ""reasons_against_trade"": [
    ""Reversal risk score is elevated at 71, indicating potential bounce from support zone"",
    ""Price is relatively close to micro support (59170) and recent low (58130)"",
    ""Volume ratio is very low (0.038), suggesting lack of conviction in current move"",
    ""Higher low detected recently could signal short-term bullish structure"",
    ""Edge score (2.8) is below threshold (3.0), indicating weak edge telemetry""
  ],
  ""bull_score"": 3,
  ""bear_score"": 7
}
```

**Direction:** SHORT  
**Win probability:** 62%  
**Long score:** 25  
**Short score:** 72  
**Bull score:** 3  
**Bear score:** 7  
**Decision:** APPROVE  
**Reason:** Strong bearish alignment across all timeframes, EMA stack, and trend health. Price is in compression after a bearish trending phase, with positive funding favoring shorts. The elevated reversal risk (71) is noted but does not outweigh the dominant bearish structure. Entry is planned near micro resistance (59525) for a pullback short, targeting a move back toward support. The low volume ratio suggests caution, but the trend hierarchy strongly favors continuation.",59431.91,59397.0,MAKER,TAKER,0.033678,45.91,202.808,1.18,1.17,0.0,0.0,-0.0,-0.0,5.88,86.869909,PROFIT_LOCK_LADDER,6.851238,0.64779,1.9e-05,0.04735,False,True,"{'price': 59398.0, 'ret_1m': -1.6835300257580095e-05, 'ret_5m': 0.00020206782743407536, 'ema9': 59459.775798954164, 'ema21': 59644.30757822877, 'ema200': 61354.40727678252, 'dist_to_support': 0.021446367247996766, 'dist_to_resistance': 0.0436502592418019, 'volume': 0.069679788, 'volume_ratio': 0.647790464080823, 'delta': 6.851238268999731, 'velocity': 1.8533706666337243e-05, 'imbalance': 0.0473504486922541, 'candle_range': 37.2, 'body_ratio': 0.7719652648703395, 'wick_ratio': 0.22803473512966047}",2.8,"{'early_fail_enabled': True, 'invert_signal': False, 'ai_enabled': True, 'edge_threshold': 3.0, 'edge_threshold_max': None, 'edge_range_preset': 'min_only', 'ai_threshold': 44.0, 'leverage': 100, 'pullback_threshold': 0.001}","{'ema9': 59459.775798954164, 'ema21': 59644.30757822877, 'ema200': 61354.40727678252, 'ema_spread': -0.003094, 'ema9_slope_pct': -0.1633, 'ema21_slope_pct': -0.1613, 'ema9_above_ema21': False, 'ema21_above_ema200': False}",MOMENTUM_LONG,2.8,2.8,False,True,INV_False_EF_True,SHORT,10,6,SCENARIO_C_RUNNER_10_v3,40.0,10.0,-12.0,2.0,8.0,300,1,2,-32.0,False,False,True,False,480,3,5.0,False,5,0.75,"[[10, 6], [20, 10], [30, 20], [40, 28], [60, 45], [80, 60], [100, 75], [150, 120]]","{""trail_ladder"": [[10, 6], [20, 10], [30, 20], [40, 28], [60, 45], [80, 60], [100, 75], [150, 120]], ""ladder_first_trigger_pct"": 10, ""ladder_first_lock_pct"": 6, ""exit_profile_id"": ""SCENARIO_C_RUNNER_10_v3"", ""peak_never_loser_min_peak"": 40.0, ""peak_never_loser_floor"": 10.0, ""thesis_fast_exit_unreal_pct"": -12.0, ""thesis_mfe_protect_pct"": 2.0, ""thesis_exit_if_above_unreal_pct"": 8.0, ""thesis_min_age_sec"": 300, ""thesis_score_flip_margin"": 1, ""thesis_early_decay_delta"": 2, ""early_fail_pct_threshold"": -32.0, ""type_a_first_candle_enabled"": false, ""type_a_early_fail_enabled"": false, ""scenario_c_exit_profile"": true, ""type_a_stall_enabled"": false, ""type_a_stall_min_age_sec"": 480, ""type_a_stall_min_candles"": 3, ""type_a_stall_max_mfe_pct"": 5.0, ""trend_weakening_enabled"": false, ""spread_penalty_threshold"": 5, ""spread_penalty_margin_mult"": 0.75}",2026-06-25T19:41:36.383516+00:00,2026-06-26 05:41:36 AEST,2026-06-26 05:41:36 AEST
2026-06-25T19:41:46.834504+00:00,c604c-a42d2a43a5e9,SHORT,59434.16,59419.0,1.609778,2.56,20.0,4,0.51,0.51,0.0,0.0,-0.0,-0.0,PROFIT_LOCK_LADDER,100,0.09,62,44.0,True,SIM_LIMIT,AI_DIRECT_LIMIT,,,,,0,BEAR,SR,60-70,SPAWN,0,0,MIXED,BEAR_ALIGNED,23.96,-2,3,7,0.02756,bitfinex,tBTCF0:USTF0,v11.0-genome-architecture-v1,BITFINEX_ZERO,v11.0-genome-architecture-v1,COMBO_604_SP4_CHASE_3PLUS,AI60-65 · Spread4 · Chase 3+,APPROVE,59387.0,0.04365,0.021446,FREE_RANGE,-0.003,0.303051,37.2,1.609779,-8.217496,10.795139,201.087,201.087,201.087,0-5m,AI_DIRECT,AI_DIRECT_CHASE,3,,47.16,0.0,0.0,0.0,False,0.0,0.0,-0.001846,-2.7e-05,0.06828,0.038079,6.965298,0.0,0.048095,59387.0,59459.775799,59644.307578,61354.407277,-0.003094,FREE_RANGE,SHORT_PREFERRED,0.04365,0.021446,BEAR,3.0,44.0,0.0,100,2.8,True,True,APPROVE,62,"```json
{
  ""direction"": ""SHORT"",
  ""confidence"": 62,
  ""long_score"": 25,
  ""short_score"": 72,
  ""preferred_direction"": ""SHORT"",
  ""entry_zone_low"": 59450,
  ""entry_zone_high"": 59600,
  ""limit_price"": 59525,
  ""expected_mfe"": 180,
  ""expected_mae"": 120,
  ""reversal_probability"": 71,
  ""exit_style"": ""AGGRESSIVE"",
  ""reasons_for_trade"": [
    ""Multi-timeframe agreement is BEAR_ALIGNED across 15m, 1h, 4h"",
    ""EMA stack is bearish (price below all EMAs, EMA9 below EMA21, EMA21 below EMA200)"",
    ""Trend health state is BEAR with bear_score 6 vs bull_score 3"",
    ""ADX at 23.96 is near trending threshold, supporting bear continuation"",
    ""Market structure shows lower highs and lower lows sequence active"",
    ""Funding rate positive (0.027% per 8h) favors shorts, longs paying"",
    ""Price is in compression after a bearish trending phase, likely to resume downside"",
    ""Micro structure shows LEAN_BEAR bias with price near micro resistance (59823)""
  ],
  ""reasons_against_trade"": [
    ""Reversal risk score is elevated at 71, indicating potential bounce from support zone"",
    ""Price is relatively close to micro support (59170) and recent low (58130)"",
    ""Volume ratio is very low (0.038), suggesting lack of conviction in current move"",
    ""Higher low detected recently could signal short-term bullish structure"",
    ""Edge score (2.8) is below threshold (3.0), indicating weak edge telemetry""
  ],
  ""bull_score"": 3,
  ""bear_score"": 7
}
```

**Direction:** SHORT  
**Win probability:** 62%  
**Long score:** 25  
**Short score:** 72  
**Bull score:** 3  
**Bear score:** 7  
**Decision:** APPROVE  
**Reason:** Strong bearish alignment across all timeframes, EMA stack, and trend health. Price is in compression after a bearish trending phase, with positive funding favoring shorts. The elevated reversal risk (71) is noted but does not outweigh the dominant bearish structure. Entry is planned near micro resistance (59525) for a pullback short, targeting a move back toward support. The low volume ratio suggests caution, but the trend hierarchy strongly favors continuation.",59434.16,59419.0,MAKER,TAKER,0.033677,47.16,201.087,0.51,0.51,0.0,0.0,-0.0,-0.0,2.56,96.586807,PROFIT_LOCK_LADDER,6.965298,0.038079,-2.7e-05,0.048095,False,True,"{'price': 59387.0, 'ret_1m': 1.6838985619506282e-05, 'ret_5m': -0.0001515253552427773, 'ema9': 59459.775798954164, 'ema21': 59644.30757822877, 'ema200': 61354.40727678252, 'dist_to_support': 0.021446367247996766, 'dist_to_resistance': 0.0436502592418019, 'volume': 0.06827978800000001, 'volume_ratio': 0.03807858535070061, 'delta': 6.965297844999727, 'velocity': -2.6926593310454084e-05, 'imbalance': 0.04809525571014475, 'candle_range': 37.2, 'body_ratio': 0.7719652648703395, 'wick_ratio': 0.22803473512966047}",2.8,"{'early_fail_enabled': True, 'invert_signal': False, 'ai_enabled': True, 'edge_threshold': 3.0, 'edge_threshold_max': None, 'edge_range_preset': 'min_only', 'ai_threshold': 44.0, 'leverage': 100, 'pullback_threshold': 0.001}","{'ema9': 59459.775798954164, 'ema21': 59644.30757822877, 'ema200': 61354.40727678252, 'ema_spread': -0.003094, 'ema9_slope_pct': -0.1633, 'ema21_slope_pct': -0.1613, 'ema9_above_ema21': False, 'ema21_above_ema200': False}",WEAK_SETUP,2.8,2.8,False,True,INV_False_EF_True,SHORT,10,6,SCENARIO_C_RUNNER_10_v3,40.0,10.0,-12.0,2.0,8.0,300,1,2,-32.0,False,False,True,False,480,3,5.0,False,5,0.75,"[[10, 6], [20, 10], [30, 20], [40, 28], [60, 45], [80, 60], [100, 75], [150, 120]]","{""trail_ladder"": [[10, 6], [20, 10], [30, 20], [40, 28], [60, 45], [80, 60], [100, 75], [150, 120]], ""ladder_first_trigger_pct"": 10, ""ladder_first_lock_pct"": 6, ""exit_profile_id"": ""SCENARIO_C_RUNNER_10_v3"", ""peak_never_loser_min_peak"": 40.0, ""peak_never_loser_floor"": 10.0, ""thesis_fast_exit_unreal_pct"": -12.0, ""thesis_mfe_protect_pct"": 2.0, ""thesis_exit_if_above_unreal_pct"": 8.0, ""thesis_min_age_sec"": 300, ""thesis_score_flip_margin"": 1, ""thesis_early_decay_delta"": 2, ""early_fail_pct_threshold"": -32.0, ""type_a_first_candle_enabled"": false, ""type_a_early_fail_enabled"": false, ""scenario_c_exit_profile"": true, ""type_a_stall_enabled"": false, ""type_a_stall_min_age_sec"": 480, ""type_a_stall_min_candles"": 3, ""type_a_stall_max_mfe_pct"": 5.0, ""trend_weakening_enabled"": false, ""spread_penalty_threshold"": 5, ""spread_penalty_margin_mult"": 0.75}",2026-06-25T19:41:46.834504+00:00,2026-06-26 05:41:46 AEST,2026-06-26 05:41:46 AEST
2026-06-25T19:49:51.171793+00:00,cont-830fb71cae8e,SHORT,59345.56,59277.0,24.469071,11.69,20.0,3,2.34,2.31,0.0,0.0,-0.03,-0.03,PROFIT_LOCK_LADDER,100,0.39,62,44.0,True,SIM_LIMIT,AI_DIRECT_LIMIT,,,,,0,BEAR,SR,60-70,SPAWN,0,0,MIXED,BEAR_ALIGNED,24.4,-2,3,6,0.02839,bitfinex,tBTCF0:USTF0,v11.0-genome-architecture-v1,BITFINEX_ZERO,v11.0-genome-architecture-v1,CONTINUOUS,Continuous AI Research,APPROVE,59322.0,0.045639,0.019581,FREE_RANGE,-0.003236,0.421614,41.8,24.469072,-23.159273,22.505475,114.813,114.813,114.813,0-5m,AI_DIRECT,AI_DIRECT_CHASE,2,,23.56,0.0,0.0,0.0,False,0.0,0.0,-0.027641,-2.7e-05,0.005384,0.111161,16.512016,0.0,0.132318,59291.0,59459.919749,59661.847427,61377.642847,-0.003385,FREE_RANGE,SHORT_PREFERRED,0.045639,0.019581,BEAR,3.0,44.0,0.0,100,3.2,True,True,APPROVE,62,"```json
{
  ""direction"": ""SHORT"",
  ""confidence"": 62,
  ""long_score"": 25,
  ""short_score"": 72,
  ""preferred_direction"": ""SHORT"",
  ""entry_zone_low"": 59350,
  ""entry_zone_high"": 59450,
  ""limit_price"": 59400,
  ""expected_mfe"": 180,
  ""expected_mae"": 120,
  ""reversal_probability"": 53,
  ""exit_style"": ""AGGRESSIVE"",
  ""reasons_for_trade"": [
    ""MTF agreement is BEAR_ALIGNED across 15m/1h/4h"",
    ""EMA stack is bearish (price below all EMAs, EMA9 below EMA21, EMA21 below EMA200)"",
    ""Trend health state is BEAR with bear_score 6 vs bull_score 3"",
    ""ADX at 24.4 is near trending threshold, favoring continuation"",
    ""Funding positive (0.0254% per 8h) favors shorts, longs paying"",
    ""Market structure shows lower highs and lower lows, structure bias MIXED but leaning bear"",
    ""Price is closer to support (1.99%) than resistance (4.53%), but no reversal confirmation"",
    ""Reversal risk score is 53 (moderate), but no structure shift or momentum expansion to confirm reversal"",
    ""Higher low detected but no higher high yet - incomplete reversal structure"",
    ""Volume ratio near 1.0, no aggressive buying pressure""
  ],
  ""reasons_against_trade"": [
    ""Price is near micro support (59170) and only 0.23% above it - bounce risk"",
    ""Reversal probability at 53% suggests non-trivial chance of mean reversion"",
    ""ADX below 25 indicates trend may not be fully established"",
    ""Candle range is small (41.8), suggesting low volatility"",
    ""Edge score (3.2) only slightly above threshold (3.0), not a strong signal""
  ],
  ""bull_score"": 3,
  ""bear_score"": 6
}
```",59345.56,59277.0,MAKER,TAKER,0.033714,23.56,114.813,2.34,2.31,0.0,0.0,-0.03,-0.03,11.69,1468.144408,PROFIT_LOCK_LADDER,16.512016,0.111161,-2.7e-05,0.132318,False,True,"{'price': 59291.0, 'ret_1m': -8.432271991365354e-05, 'ret_5m': -0.00013490952629892578, 'ema9': 59459.91974869271, 'ema21': 59661.84742696755, 'ema200': 61377.64284698503, 'dist_to_support': 0.01958138671973824, 'dist_to_resistance': 0.045639304447555276, 'volume': 0.005384281, 'volume_ratio': 0.11116146725577797, 'delta': 16.512016031999813, 'velocity': -2.6976588095223426e-05, 'imbalance': 0.13231838595782325, 'candle_range': 41.8, 'body_ratio': 0.6927985982036728, 'wick_ratio': 0.3072014017963271}",3.2,"{'early_fail_enabled': True, 'invert_signal': False, 'ai_enabled': True, 'edge_threshold': 3.0, 'edge_threshold_max': None, 'edge_range_preset': 'min_only', 'ai_threshold': 44.0, 'leverage': 100, 'pullback_threshold': 0.001}","{'ema9': 59459.91974869271, 'ema21': 59661.84742696755, 'ema200': 61377.64284698503, 'ema_spread': -0.003385, 'ema9_slope_pct': -0.1661, 'ema21_slope_pct': -0.1638, 'ema9_above_ema21': False, 'ema21_above_ema200': False}",WEAK_SETUP,3.2,3.2,False,True,INV_False_EF_True,SHORT,10,6,SCENARIO_C_RUNNER_10_v3,40.0,10.0,-12.0,2.0,8.0,300,1,2,-32.0,False,False,True,False,480,3,5.0,False,5,0.75,"[[10, 6], [20, 10], [30, 20], [40, 28], [60, 45], [80, 60], [100, 75], [150, 120]]","{""trail_ladder"": [[10, 6], [20, 10], [30, 20], [40, 28], [60, 45], [80, 60], [100, 75], [150, 120]], ""ladder_first_trigger_pct"": 10, ""ladder_first_lock_pct"": 6, ""exit_profile_id"": ""SCENARIO_C_RUNNER_10_v3"", ""peak_never_loser_min_peak"": 40.0, ""peak_never_loser_floor"": 10.0, ""thesis_fast_exit_unreal_pct"": -12.0, ""thesis_mfe_protect_pct"": 2.0, ""thesis_exit_if_above_unreal_pct"": 8.0, ""thesis_min_age_sec"": 300, ""thesis_score_flip_margin"": 1, ""thesis_early_decay_delta"": 2, ""early_fail_pct_threshold"": -32.0, ""type_a_first_candle_enabled"": false, ""type_a_early_fail_enabled"": false, ""scenario_c_exit_profile"": true, ""type_a_stall_enabled"": false, ""type_a_stall_min_age_sec"": 480, ""type_a_stall_min_candles"": 3, ""type_a_stall_max_mfe_pct"": 5.0, ""trend_weakening_enabled"": false, ""spread_penalty_threshold"": 5, ""spread_penalty_margin_mult"": 0.75}",2026-06-25T19:49:51.171793+00:00,2026-06-26 05:49:51 AEST,2026-06-26 05:49:51 AEST
2026-06-25T19:50:00.206025+00:00,cont-8262c99b72de,SHORT,59365.75,59316.0,3.336419,8.4,20.0,3,1.68,1.68,0.0,0.0,-0.0,-0.0,PROFIT_LOCK_LADDER,100,0.28,62,44.0,True,SIM_LIMIT,AI_DIRECT_LIMIT,,,,,0,BEAR,SR,60-70,SPAWN,0,0,MIXED,BEAR_ALIGNED,23.87,-2,3,6,0.02839,bitfinex,tBTCF0:USTF0,v11.0-genome-architecture-v1,BITFINEX_ZERO,v11.0-genome-architecture-v1,CONTINUOUS,Continuous AI Research,APPROVE,59386.0,0.044424,0.020721,FREE_RANGE,-0.003236,0.842091,37.2,3.336419,0.0,25.898772,182.348,182.348,182.348,0-5m,AI_DIRECT,AI_DIRECT_CHASE,4,,20.25,0.0,0.0,0.0,False,0.0,0.0,-0.003927,4.7e-05,0.010935,8.11555,7.434862,0.0,0.050792,59386.0,59454.175799,59641.762124,61354.12867,-0.003145,FREE_RANGE,SHORT_PREFERRED,0.044424,0.020721,BEAR,3.0,44.0,0.0,100,1.8,True,True,APPROVE,62,"```json
{
  ""direction"": ""SHORT"",
  ""confidence"": 62,
  ""long_score"": 25,
  ""short_score"": 75,
  ""preferred_direction"": ""SHORT"",
  ""entry_zone_low"": 59400,
  ""entry_zone_high"": 59600,
  ""limit_price"": 59500,
  ""expected_mfe"": 180,
  ""expected_mae"": 120,
  ""reversal_probability"": 53,
  ""exit_style"": ""AGGRESSIVE"",
  ""reasons_for_trade"": [
    ""MTF agreement is BEAR_ALIGNED across 15m, 1h, 4h"",
    ""EMA stack is bearish (price below all EMAs, ema9 below ema21 below ema200)"",
    ""Trend health state is BEAR with bear_score 6 vs bull_score 3"",
    ""ADX at 23.87 near trending threshold, trend_score -2 favors continuation"",
    ""Market structure shows HL/LL sequence with last swing high at 59823 and low at 59170, bearish bias"",
    ""Volume ratio elevated at 2.15 supporting bearish momentum"",
    ""Funding rate positive (0.0278% per 8h) favors shorts, longs paying"",
    ""Regime is BEAR and trending, recent compression breakout likely to continue downward""
  ],
  ""reasons_against_trade"": [
    ""Price is near micro support at 59170 (0.3% away), bounce risk elevated"",
    ""Reversal risk score is 53, indicating moderate reversal probability"",
    ""Higher low detected suggests some buying pressure at support"",
    ""Edge score (1.8) below threshold (3.0), signal quality moderate"",
    ""Candle range small (37.2) with high body ratio, potential indecision"",
    ""Distance to support (2.07%) is closer than resistance (4.44%), limiting downside room""
  ],
  ""bull_score"": 3,
  ""bear_score"": 6
}
```

Direction: SHORT
Win probability: 62
Long score: 25
Short score: 75
Bull score: 3
Bear score: 6
Decision: APPROVE
Reason: Strong bearish alignment across all trend hierarchy layers (MTF, EMA stack, trend health, structure) with elevated volume and positive funding favoring shorts. Price near micro support introduces bounce risk, but the bearish continuation case outweighs given no reversal confirmation. Entry above current price (pullback to 59500) allows for a short near micro resistance. Exit aggressive due to proximity to support.",59365.75,59316.0,MAKER,TAKER,0.033678,20.25,182.348,1.68,1.68,0.0,0.0,-0.0,-0.0,8.4,200.185212,PROFIT_LOCK_LADDER,7.434862,8.11555,4.7e-05,0.050792,False,True,"{'price': 59386.0, 'ret_1m': 0.00016841821611425492, 'ret_5m': 0.00016841821611425492, 'ema9': 59454.175798954166, 'ema21': 59641.76212368332, 'ema200': 61354.12866981735, 'dist_to_support': 0.020721024258760108, 'dist_to_resistance': 0.044423854447439355, 'volume': 0.010935324, 'volume_ratio': 8.11555011002149, 'delta': 7.434862071999545, 'velocity': 4.716793901482815e-05, 'imbalance': 0.05079184642925316, 'candle_range': 37.2, 'body_ratio': 0.7719652648703395, 'wick_ratio': 0.22803473512966047}",1.8,"{'early_fail_enabled': True, 'invert_signal': False, 'ai_enabled': True, 'edge_threshold': 3.0, 'edge_threshold_max': None, 'edge_range_preset': 'min_only', 'ai_threshold': 44.0, 'leverage': 100, 'pullback_threshold': 0.001}","{'ema9': 59454.175798954166, 'ema21': 59641.76212368332, 'ema200': 61354.12866981735, 'ema_spread': -0.003145, 'ema9_slope_pct': -0.1728, 'ema21_slope_pct': -0.1656, 'ema9_above_ema21': False, 'ema21_above_ema200': False}",MOMENTUM_LONG,1.8,1.8,False,True,INV_False_EF_True,SHORT,10,6,SCENARIO_C_RUNNER_10_v3,40.0,10.0,-12.0,2.0,8.0,300,1,2,-32.0,False,False,True,False,480,3,5.0,False,5,0.75,"[[10, 6], [20, 10], [30, 20], [40, 28], [60, 45], [80, 60], [100, 75], [150, 120]]","{""trail_ladder"": [[10, 6], [20, 10], [30, 20], [40, 28], [60, 45], [80, 60], [100, 75], [150, 120]], ""ladder_first_trigger_pct"": 10, ""ladder_first_lock_pct"": 6, ""exit_profile_id"": ""SCENARIO_C_RUNNER_10_v3"", ""peak_never_loser_min_peak"": 40.0, ""peak_never_loser_floor"": 10.0, ""thesis_fast_exit_unreal_pct"": -12.0, ""thesis_mfe_protect_pct"": 2.0, ""thesis_exit_if_above_unreal_pct"": 8.0, ""thesis_min_age_sec"": 300, ""thesis_score_flip_margin"": 1, ""thesis_early_decay_delta"": 2, ""early_fail_pct_threshold"": -32.0, ""type_a_first_candle_enabled"": false, ""type_a_early_fail_enabled"": false, ""scenario_c_exit_profile"": true, ""type_a_stall_enabled"": false, ""type_a_stall_min_age_sec"": 480, ""type_a_stall_min_candles"": 3, ""type_a_stall_max_mfe_pct"": 5.0, ""trend_weakening_enabled"": false, ""spread_penalty_threshold"": 5, ""spread_penalty_margin_mult"": 0.75}",2026-06-25T19:50:00.206025+00:00,2026-06-26 05:50:00 AEST,2026-06-26 05:50:00 AEST
2026-06-25T20:00:11.280716+00:00,c604c-093798b85462,SHORT,59376.62,59375.0,5.327488,0.31,20.0,4,0.06,0.05,0.0,0.0,-0.01,-0.01,PROFIT_LOCK_LADDER,100,0.01,62,44.0,True,SIM_LIMIT,AI_DIRECT_LIMIT,,,,,0,BEAR,SR,60-70,SPAWN,0,0,MIXED,BEAR_ALIGNED,23.61,-2,3,7,0.02963,bitfinex,tBTCF0:USTF0,v11.0-genome-architecture-v1,BITFINEX_ZERO,v11.0-genome-architecture-v1,COMBO_604_SP4_CHASE_3PLUS,AI60-65 · Spread4 · Chase 3+,APPROVE,59320.0,0.045146,0.020044,FREE_RANGE,-0.003031,1.0,36.0,5.327489,-4.958181,12.904069,280.375,280.375,280.375,0-5m,AI_DIRECT,AI_DIRECT_CHASE,5,,56.62,0.0,0.0,0.0,False,0.0,0.0,-0.006463,5.7e-05,0.048024,0.068737,7.395945,0.0,0.050153,59319.0,59412.860639,59605.750691,61329.125222,-0.003236,FREE_RANGE,SHORT_PREFERRED,0.045146,0.020044,BEAR,3.0,44.0,0.0,100,1.8,True,True,APPROVE,62,"```json
{
  ""direction"": ""SHORT"",
  ""confidence"": 62,
  ""long_score"": 25,
  ""short_score"": 72,
  ""preferred_direction"": ""SHORT"",
  ""entry_zone_low"": 59450,
  ""entry_zone_high"": 59600,
  ""limit_price"": 59525,
  ""expected_mfe"": 180,
  ""expected_mae"": 120,
  ""reversal_probability"": 71,
  ""exit_style"": ""AGGRESSIVE"",
  ""reasons_for_trade"": [
    ""MTF agreement is BEAR_ALIGNED across 15m/1h/4h"",
    ""EMA stack is bearish (price below all EMAs, bearish slope)"",
    ""Trend health state is BEAR with bear_score 6 vs bull_score 3"",
    ""ADX at 23.61 is near trending threshold, favoring continuation"",
    ""Regime is BEAR and market structure shows no lower high yet, but structure bias is MIXED with lean bear"",
    ""Funding rate positive (0.0285% per 8h) favors shorts, longs paying"",
    ""Price is closer to support (2.0%) than resistance (4.5%), but SR is context only - bearish continuation more likely than bounce"",
    ""Volume ratio is very low (0.069), suggesting lack of buying conviction on any bounce"",
    ""Reversal risk score is high (71) but this is a warning of potential bounce, not a strong reversal signal - continuation still favored""
  ],
  ""reasons_against_trade"": [
    ""Price is near micro support (59170) and recent low (58130), increasing bounce risk"",
    ""Reversal probability is 71%, indicating elevated risk of a mean-reversion move"",
    ""Higher low detected suggests some buying interest at lows"",
    ""ADX below 25 means trend is not strongly established, could be choppy"",
    ""Candle range is small (36) and wick ratio moderate, suggesting indecision"",
    ""Edge score (1.8) is below threshold (3.0), indicating weak edge telemetry""
  ],
  ""bull_score"": 3,
  ""bear_score"": 7
}
```",59376.62,59375.0,MAKER,TAKER,0.033715,56.62,280.375,0.06,0.05,0.0,0.0,-0.01,-0.01,0.31,319.649396,PROFIT_LOCK_LADDER,7.395945,0.068737,5.7e-05,0.050153,False,True,"{'price': 59319.0, 'ret_1m': 0.00030353619669145547, 'ret_5m': 0.0009787212500632794, 'ema9': 59412.86063916334, 'ema21': 59605.75069094783, 'ema200': 61329.12522214001, 'dist_to_support': 0.020044167973162056, 'dist_to_resistance': 0.045145737453429764, 'volume': 0.048023737000000004, 'volume_ratio': 0.06873675657503163, 'delta': 7.395945106999555, 'velocity': 5.734132751128737e-05, 'imbalance': 0.0501533899746958, 'candle_range': 36.0, 'body_ratio': 0.7719652648703395, 'wick_ratio': 0.22803473512966047}",1.8,"{'early_fail_enabled': True, 'invert_signal': False, 'ai_enabled': True, 'edge_threshold': 3.0, 'edge_threshold_max': None, 'edge_range_preset': 'min_only', 'ai_threshold': 44.0, 'leverage': 100, 'pullback_threshold': 0.001}","{'ema9': 59412.86063916334, 'ema21': 59605.75069094783, 'ema200': 61329.12522214001, 'ema_spread': -0.003236, 'ema9_slope_pct': -0.1475, 'ema21_slope_pct': -0.1551, 'ema9_above_ema21': False, 'ema21_above_ema200': False}",MOMENTUM_LONG,1.8,1.8,False,True,INV_False_EF_True,SHORT,10,6,SCENARIO_C_RUNNER_10_v3,40.0,10.0,-12.0,2.0,8.0,300,1,2,-32.0,False,False,True,False,480,3,5.0,False,5,0.75,"[[10, 6], [20, 10], [30, 20], [40, 28], [60, 45], [80, 60], [100, 75], [150, 120]]","{""trail_ladder"": [[10, 6], [20, 10], [30, 20], [40, 28], [60, 45], [80, 60], [100, 75], [150, 120]], ""ladder_first_trigger_pct"": 10, ""ladder_first_lock_pct"": 6, ""exit_profile_id"": ""SCENARIO_C_RUNNER_10_v3"", ""peak_never_loser_min_peak"": 40.0, ""peak_never_loser_floor"": 10.0, ""thesis_fast_exit_unreal_pct"": -12.0, ""thesis_mfe_protect_pct"": 2.0, ""thesis_exit_if_above_unreal_pct"": 8.0, ""thesis_min_age_sec"": 300, ""thesis_score_flip_margin"": 1, ""thesis_early_decay_delta"": 2, ""early_fail_pct_threshold"": -32.0, ""type_a_first_candle_enabled"": false, ""type_a_early_fail_enabled"": false, ""scenario_c_exit_profile"": true, ""type_a_stall_enabled"": false, ""type_a_stall_min_age_sec"": 480, ""type_a_stall_min_candles"": 3, ""type_a_stall_max_mfe_pct"": 5.0, ""trend_weakening_enabled"": false, ""spread_penalty_threshold"": 5, ""spread_penalty_margin_mult"": 0.75}",2026-06-25T20:00:11.280716+00:00,2026-06-26 06:00:11 AEST,2026-06-26 06:00:11 AEST
2026-06-25T20:00:41.248609+00:00,cont-58af45ebcf4d,SHORT,59406.99,59457.0,0.301803,-8.42,20.0,4,-1.68,-1.68,0.0,0.0,-0.0,-0.0,THESIS_FAST_CUT,100,0.28,62,44.0,True,SIM_LIMIT,AI_DIRECT_LIMIT,,,,,0,BEAR,SR,60-70,SPAWN,0,0,MIXED,BEAR_ALIGNED,23.61,-2,3,7,0.02963,bitfinex,tBTCF0:USTF0,v11.0-genome-architecture-v1,BITFINEX_ZERO,v11.0-genome-architecture-v1,CONTINUOUS,Continuous AI Research,APPROVE,59363.0,0.044371,0.020771,FREE_RANGE,-0.00284,0.841921,36.0,0.301804,-12.2898,0.0,211.966,211.966,211.966,0-5m,AI_DIRECT,AI_DIRECT_CHASE,4,,43.99,0.0,0.0,0.0,False,0.0,0.0,-0.000373,-3e-05,0.011328,7.191434,7.591278,0.0,0.051199,59363.0,59436.660639,59616.568873,61330.309302,-0.003018,FREE_RANGE,SHORT_PREFERRED,0.044371,0.020771,BEAR,3.0,44.0,0.0,100,3.3,True,True,APPROVE,62,"```json
{
  ""direction"": ""SHORT"",
  ""confidence"": 62,
  ""long_score"": 28,
  ""short_score"": 72,
  ""preferred_direction"": ""SHORT"",
  ""entry_zone_low"": 59450,
  ""entry_zone_high"": 59600,
  ""limit_price"": 59525,
  ""expected_mfe"": 180,
  ""expected_mae"": 120,
  ""reversal_probability"": 33,
  ""exit_style"": ""PATIENT"",
  ""reasons_for_trade"": [
    ""BEAR_ALIGNED multi-timeframe agreement (15m, 1h, 4h all bearish)"",
    ""Bearish EMA stack: price below EMA9, EMA21, EMA200 with bearish slopes"",
    ""Trend health BEAR with bear_score 6 vs bull_score 3"",
    ""ADX 23.61 approaching trending threshold, trend_score -2 favors continuation"",
    ""Bearish structure: last swing high at 59823, price below it with HL/LL sequence"",
    ""Funding positive (0.029% per 8h) favoring shorts, longs pay"",
    ""Price near micro resistance (59823) after bounce, potential rejection zone"",
    ""Volume ratio elevated (7.19) suggests active selling pressure""
  ],
  ""reasons_against_trade"": [
    ""Price near micro support (59170) - bounce risk if support holds"",
    ""Higher low detected suggests some buying interest"",
    ""Reversal risk score 33 - non-trivial chance of reversal"",
    ""ADX below 25 means trend not fully established"",
    ""Candle body ratio high (0.77) shows recent buying momentum""
  ],
  ""bull_score"": 3,
  ""bear_score"": 7
}
```

**Direction:** SHORT  
**Win probability:** 62%  
**Long score:** 28  
**Short score:** 72  
**Bull score:** 3/10  
**Bear score:** 7/10  
**Decision:** APPROVE  

**Reasoning:**  
The bearish case is significantly stronger across all hierarchical factors: MTF agreement is BEAR_ALIGNED, EMA stack is bearish, trend health is BEAR with bear_score double bull_score, and structure shows lower highs. The short score (72) exceeds the long score (28) by 44 points, well above the +5 threshold. The entry is planned as a pullback short near micro resistance (59823) after the recent bounce, with limit price above current price as required. The 33% reversal probability is noted but insufficient to override the strong bearish alignment. The elevated volume ratio and positive funding further support the short thesis. The proximity to micro support (59170) introduces bounce risk, but the bearish continuation bias and entry near resistance mitigate this.",59406.99,59457.0,MAKER,TAKER,0.033691,43.99,211.966,-1.68,-1.68,0.0,0.0,-0.0,-0.0,-8.42,18.108259,THESIS_FAST_CUT,7.591278,7.191434,-3e-05,0.051199,False,True,"{'price': 59363.0, 'ret_1m': 0.0, 'ret_5m': -0.0004209604633932781, 'ema9': 59436.66063916334, 'ema21': 59616.568872766016, 'ema200': 61330.309301741996, 'dist_to_support': 0.020770513619594696, 'dist_to_resistance': 0.04437107289052103, 'volume': 0.011328, 'volume_ratio': 7.191434455102387, 'delta': 7.591277589999478, 'velocity': -3.0302548371985487e-05, 'imbalance': 0.051199252814062936, 'candle_range': 36.0, 'body_ratio': 0.7719652648703395, 'wick_ratio': 0.22803473512966047}",3.3,"{'early_fail_enabled': True, 'invert_signal': False, 'ai_enabled': True, 'edge_threshold': 3.0, 'edge_threshold_max': None, 'edge_range_preset': 'min_only', 'ai_threshold': 44.0, 'leverage': 100, 'pullback_threshold': 0.001}","{'ema9': 59436.66063916334, 'ema21': 59616.568872766016, 'ema200': 61330.309301741996, 'ema_spread': -0.003018, 'ema9_slope_pct': -0.1075, 'ema21_slope_pct': -0.137, 'ema9_above_ema21': False, 'ema21_above_ema200': False}",WEAK_SETUP,3.3,3.3,False,True,INV_False_EF_True,SHORT,10,6,SCENARIO_C_RUNNER_10_v3,40.0,10.0,-12.0,2.0,8.0,300,1,2,-32.0,False,False,True,False,480,3,5.0,False,5,0.75,"[[10, 6], [20, 10], [30, 20], [40, 28], [60, 45], [80, 60], [100, 75], [150, 120]]","{""trail_ladder"": [[10, 6], [20, 10], [30, 20], [40, 28], [60, 45], [80, 60], [100, 75], [150, 120]], ""ladder_first_trigger_pct"": 10, ""ladder_first_lock_pct"": 6, ""exit_profile_id"": ""SCENARIO_C_RUNNER_10_v3"", ""peak_never_loser_min_peak"": 40.0, ""peak_never_loser_floor"": 10.0, ""thesis_fast_exit_unreal_pct"": -12.0, ""thesis_mfe_protect_pct"": 2.0, ""thesis_exit_if_above_unreal_pct"": 8.0, ""thesis_min_age_sec"": 300, ""thesis_score_flip_margin"": 1, ""thesis_early_decay_delta"": 2, ""early_fail_pct_threshold"": -32.0, ""type_a_first_candle_enabled"": false, ""type_a_early_fail_enabled"": false, ""scenario_c_exit_profile"": true, ""type_a_stall_enabled"": false, ""type_a_stall_min_age_sec"": 480, ""type_a_stall_min_candles"": 3, ""type_a_stall_max_mfe_pct"": 5.0, ""trend_weakening_enabled"": false, ""spread_penalty_threshold"": 5, ""spread_penalty_margin_mult"": 0.75}",2026-06-25T20:00:41.248609+00:00,2026-06-26 06:00:41 AEST,2026-06-26 06:00:41 AEST
2026-06-25T20:01:07.212186+00:00,c604c-adcf76c38a29,SHORT,59495.75,59556.89,0.012126,-10.28,20.0,4,-2.06,-2.06,0.0,0.0,-0.0,0.0,THESIS_FAST_CUT,100,0.34,62,44.0,True,SIM_LIMIT,AI_DIRECT_LIMIT,,,,,0,BEAR,SR,60-70,SPAWN,0,0,MIXED,BEAR_ALIGNED,23.61,-2,3,7,0.02963,bitfinex,tBTCF0:USTF0,v11.0-genome-architecture-v1,BITFINEX_ZERO,v11.0-genome-architecture-v1,COMBO_604_SP4_CHASE_3PLUS,AI60-65 · Spread4 · Chase 3+,APPROVE,59408.0,0.04358,0.021512,FREE_RANGE,-0.00284,1.0,40.5,0.012127,-14.328755,0.0,40.284,40.284,40.284,0-5m,AI_DIRECT,AI_DIRECT_CHASE,1,,87.75,0.0,0.3665,0.3665,False,0.0,0.0,-1.5e-05,0.000172,0.00421,0.327675,8.253606,0.0,0.055278,59408.0,59425.528511,59594.806413,61306.41298,-0.00284,FREE_RANGE,SHORT_PREFERRED,0.04358,0.021512,BEAR,3.0,44.0,0.0,100,3.2,True,True,APPROVE,62,"```json
{
  ""direction"": ""SHORT"",
  ""confidence"": 62,
  ""long_score"": 28,
  ""short_score"": 72,
  ""preferred_direction"": ""SHORT"",
  ""entry_zone_low"": 59450,
  ""entry_zone_high"": 59600,
  ""limit_price"": 59525,
  ""expected_mfe"": 180,
  ""expected_mae"": 80,
  ""reversal_probability"": 71,
  ""exit_style"": ""AGGRESSIVE"",
  ""reasons_for_trade"": [
    ""BEAR_ALIGNED multi-timeframe agreement across 15m/1h/4h"",
    ""Bearish EMA stack (price below all EMAs, EMA9 below EMA21 below EMA200)"",
    ""Trend health state BEAR with bear_score 6 vs bull_score 3"",
    ""ADX 23.61 approaching trending threshold, trend_score -2 favors continuation"",
    ""Funding rate positive (0.0296% per 8h) favors shorts, longs paying"",
    ""Price near micro resistance (59823) with 0.83% distance, short entry above current price aligns with pullback logic"",
    ""Edge score 3.2 above threshold 3.0, indicating telemetry support for bearish edge""
  ],
  ""reasons_against_trade"": [
    ""Reversal risk score 71 indicates elevated bounce probability near support zone"",
    ""Higher low detected suggests potential micro structure shift to bullish"",
    ""Market regime currently COMPRESSION, which can lead to sharp reversals"",
    ""Volume ratio very low (0.028), indicating low participation and potential for false moves"",
    ""Price is only 2% above recent low support (58130), increasing bounce risk on short entry""
  ],
  ""bull_score"": 3,
  ""bear_score"": 7
}
```",59495.75,59556.89,MAKER,TAKER,0.033665,87.75,40.284,-2.06,-2.06,0.0,0.0,-0.0,0.0,-10.28,0.727627,THESIS_FAST_CUT,8.253606,0.327675,0.000172,0.055278,False,True,"{'price': 59408.0, 'ret_1m': 0.0, 'ret_5m': 0.001584786053882726, 'ema9': 59425.528511330675, 'ema21': 59594.806413252, 'ema200': 61306.41298040267, 'dist_to_support': 0.02151225424185295, 'dist_to_resistance': 0.04357998922704013, 'volume': 0.0042100079999999995, 'volume_ratio': 0.32767466237573056, 'delta': 8.253606005999472, 'velocity': 0.00017193240965254265, 'imbalance': 0.055277896638236367, 'candle_range': 40.5, 'body_ratio': 0.7719652648703395, 'wick_ratio': 0.22803473512966047}",3.2,"{'early_fail_enabled': True, 'invert_signal': False, 'ai_enabled': True, 'edge_threshold': 3.0, 'edge_threshold_max': None, 'edge_range_preset': 'min_only', 'ai_threshold': 44.0, 'leverage': 100, 'pullback_threshold': 0.001}","{'ema9': 59425.528511330675, 'ema21': 59594.806413252, 'ema200': 61306.41298040267, 'ema_spread': -0.00284, 'ema9_slope_pct': -0.0877, 'ema21_slope_pct': -0.1259, 'ema9_above_ema21': False, 'ema21_above_ema200': False}",MOMENTUM_LONG,3.2,3.2,False,True,INV_False_EF_True,SHORT,10,6,SCENARIO_C_RUNNER_10_v3,40.0,10.0,-12.0,2.0,8.0,300,1,2,-32.0,False,False,True,False,480,3,5.0,False,5,0.75,"[[10, 6], [20, 10], [30, 20], [40, 28], [60, 45], [80, 60], [100, 75], [150, 120]]","{""trail_ladder"": [[10, 6], [20, 10], [30, 20], [40, 28], [60, 45], [80, 60], [100, 75], [150, 120]], ""ladder_first_trigger_pct"": 10, ""ladder_first_lock_pct"": 6, ""exit_profile_id"": ""SCENARIO_C_RUNNER_10_v3"", ""peak_never_loser_min_peak"": 40.0, ""peak_never_loser_floor"": 10.0, ""thesis_fast_exit_unreal_pct"": -12.0, ""thesis_mfe_protect_pct"": 2.0, ""thesis_exit_if_above_unreal_pct"": 8.0, ""thesis_min_age_sec"": 300, ""thesis_score_flip_margin"": 1, ""thesis_early_decay_delta"": 2, ""early_fail_pct_threshold"": -32.0, ""type_a_first_candle_enabled"": false, ""type_a_early_fail_enabled"": false, ""scenario_c_exit_profile"": true, ""type_a_stall_enabled"": false, ""type_a_stall_min_age_sec"": 480, ""type_a_stall_min_candles"": 3, ""type_a_stall_max_mfe_pct"": 5.0, ""trend_weakening_enabled"": false, ""spread_penalty_threshold"": 5, ""spread_penalty_margin_mult"": 0.75}",2026-06-25T20:01:07.212186+00:00,2026-06-26 06:01:07 AEST,2026-06-26 06:01:07 AEST
2026-06-25T20:08:39.101509+00:00,cont-fdcddcb1def3,SHORT,59749.5,59726.0,3.714093,3.96,20.0,3,0.79,0.79,0.0,0.0,-0.0,-0.0,PROFIT_LOCK_LADDER,100,0.13,62,44.0,True,SIM_LIMIT,AI_DIRECT_LIMIT,,,,,0,BEAR,SR,60-70,SPAWN,0,0,MIXED,BEAR_ALIGNED,22.2,-2,3,6,0.03059,bitfinex,tBTCF0:USTF0,v11.0-genome-architecture-v1,BITFINEX_ZERO,v11.0-genome-architecture-v1,CONTINUOUS,Continuous AI Research,APPROVE,59688.0,0.038684,0.026102,FREE_RANGE,-0.002373,1.0,40.5,3.714094,-6.108838,18.995975,80.8,80.8,80.8,0-5m,AI_DIRECT,AI_DIRECT_CHASE,1,,61.5,0.0,0.0,0.0,False,0.0,0.0,-0.004708,7e-06,0.00131,0.796197,8.725519,0.0,0.058221,59688.0,59481.328511,59620.17005,61309.1891,-0.002329,FREE_RANGE,SHORT_PREFERRED,0.038684,0.026102,BEAR,3.0,44.0,0.0,100,1.4,True,True,APPROVE,62,"```json
{
  ""direction"": ""SHORT"",
  ""confidence"": 62,
  ""long_score"": 28,
  ""short_score"": 72,
  ""preferred_direction"": ""SHORT"",
  ""entry_zone_low"": 59700,
  ""entry_zone_high"": 59850,
  ""limit_price"": 59775,
  ""expected_mfe"": 120,
  ""expected_mae"": 80,
  ""reversal_probability"": 53,
  ""exit_style"": ""AGGRESSIVE"",
  ""reasons_for_trade"": [
    ""MTF agreement is BEAR_ALIGNED (15m RANGING, 1h BEARISH, 4h BEARISH) - strong bearish confluence"",
    ""EMA stack is bearish (price below EMA200, EMA9 below EMA21, EMA21 below EMA200)"",
    ""Trend health state is BEAR with bear_score 6 vs bull_score 3 - intact bearish momentum"",
    ""ADX at 22.2 is near trending threshold; trend strength score -2 supports bear continuation"",
    ""Funding rate positive (0.03% per 8h) with LONGS_PAY_SHORTS - structural short bias"",
    ""Price near micro resistance (59823) with distance_to_micro_resistance only 0.23% - good short entry zone"",
    ""Regime is TRENDING after compression breakout - favors continuation over reversal"",
    ""Edge score 1.4 below threshold 3.0 - no strong reversal edge present""
  ],
  ""reasons_against_trade"": [
    ""Reversal risk score 53 suggests moderate bounce potential near support"",
    ""Higher low detected (HL) could indicate micro structure firming"",
    ""Volume ratio below 1.0 (0.80) - lack of aggressive selling volume"",
    ""Distance to support only 2.6% - limited downside room before key support"",
    ""Candle body ratio 0.77 suggests some buying absorption in recent bar""
  ],
  ""bull_score"": 3,
  ""bear_score"": 6
}
```",59749.5,59726.0,MAKER,TAKER,0.033508,61.5,80.8,0.79,0.79,0.0,0.0,-0.0,-0.0,3.96,222.84567,PROFIT_LOCK_LADDER,8.725519,0.796197,7e-06,0.058221,False,True,"{'price': 59688.0, 'ret_1m': 0.0005196372596677674, 'ret_5m': 0.00020108586366378444, 'ema9': 59481.32851133067, 'ema21': 59620.17004961563, 'ema200': 61309.18909980565, 'dist_to_support': 0.026102399142206138, 'dist_to_resistance': 0.03868449269534915, 'volume': 0.0013099129999999998, 'volume_ratio': 0.7961971130109068, 'delta': 8.725518568999444, 'velocity': 6.738490693060048e-06, 'imbalance': 0.05822068628812047, 'candle_range': 40.5, 'body_ratio': 0.7719652648703395, 'wick_ratio': 0.22803473512966047}",1.4,"{'early_fail_enabled': True, 'invert_signal': False, 'ai_enabled': True, 'edge_threshold': 3.0, 'edge_threshold_max': None, 'edge_range_preset': 'min_only', 'ai_threshold': 44.0, 'leverage': 100, 'pullback_threshold': 0.001}","{'ema9': 59481.32851133067, 'ema21': 59620.17004961563, 'ema200': 61309.18909980565, 'ema_spread': -0.002329, 'ema9_slope_pct': 0.0061, 'ema21_slope_pct': -0.0834, 'ema9_above_ema21': False, 'ema21_above_ema200': False}",MOMENTUM_LONG,1.4,1.4,False,True,INV_False_EF_True,SHORT,10,6,SCENARIO_C_RUNNER_10_v3,40.0,10.0,-12.0,2.0,8.0,300,1,2,-32.0,False,False,True,False,480,3,5.0,False,5,0.75,"[[10, 6], [20, 10], [30, 20], [40, 28], [60, 45], [80, 60], [100, 75], [150, 120]]","{""trail_ladder"": [[10, 6], [20, 10], [30, 20], [40, 28], [60, 45], [80, 60], [100, 75], [150, 120]], ""ladder_first_trigger_pct"": 10, ""ladder_first_lock_pct"": 6, ""exit_profile_id"": ""SCENARIO_C_RUNNER_10_v3"", ""peak_never_loser_min_peak"": 40.0, ""peak_never_loser_floor"": 10.0, ""thesis_fast_exit_unreal_pct"": -12.0, ""thesis_mfe_protect_pct"": 2.0, ""thesis_exit_if_above_unreal_pct"": 8.0, ""thesis_min_age_sec"": 300, ""thesis_score_flip_margin"": 1, ""thesis_early_decay_delta"": 2, ""early_fail_pct_threshold"": -32.0, ""type_a_first_candle_enabled"": false, ""type_a_early_fail_enabled"": false, ""scenario_c_exit_profile"": true, ""type_a_stall_enabled"": false, ""type_a_stall_min_age_sec"": 480, ""type_a_stall_min_candles"": 3, ""type_a_stall_max_mfe_pct"": 5.0, ""trend_weakening_enabled"": false, ""spread_penalty_threshold"": 5, ""spread_penalty_margin_mult"": 0.75}",2026-06-25T20:08:39.101509+00:00,2026-06-26 06:08:39 AEST,2026-06-26 06:08:39 AEST
2026-06-25T20:09:05.854029+00:00,cont-15532d0e8c20,SHORT,59772.23,59748.0,0.079677,4.05,20.0,4,0.81,0.81,0.0,0.0,-0.0,-0.0,PROFIT_LOCK_LADDER,100,0.14,62,44.0,True,SIM_LIMIT,AI_DIRECT_LIMIT,,,,,0,BEAR,SR,60-70,SPAWN,0,0,MIXED,BEAR_ALIGNED,21.93,-2,3,7,0.03059,bitfinex,tBTCF0:USTF0,v11.0-genome-architecture-v1,BITFINEX_ZERO,v11.0-genome-architecture-v1,CONTINUOUS,Continuous AI Research,APPROVE,59734.0,0.037398,0.027308,FREE_RANGE,-0.002373,0.522546,40.5,0.079678,0.0,12.251509,122.395,122.395,122.395,0-5m,AI_DIRECT,AI_DIRECT_CHASE,3,,38.23,0.0,0.0,0.0,False,0.0,0.0,-0.000102,6.5e-05,0.002684,0.305867,9.609813,0.0,0.063715,59734.0,59490.528511,59624.351868,61309.646811,-0.002244,FREE_RANGE,SHORT_PREFERRED,0.037398,0.027308,BEAR,3.0,44.0,0.0,100,2.2,True,True,APPROVE,62,"```json
{
  ""direction"": ""SHORT"",
  ""confidence"": 62,
  ""long_score"": 30,
  ""short_score"": 72,
  ""preferred_direction"": ""SHORT"",
  ""entry_zone_low"": 59850,
  ""entry_zone_high"": 59950,
  ""limit_price"": 59900,
  ""expected_mfe"": 120,
  ""expected_mae"": 80,
  ""reversal_probability"": 71,
  ""exit_style"": ""AGGRESSIVE"",
  ""reasons_for_trade"": [
    ""MTF agreement is BEAR_ALIGNED (15m RANGING, 1h BEARISH, 4h BEARISH) with 2 bear TFs vs 0 bull TFs"",
    ""EMA stack is bearish (price below EMA9, EMA21, EMA200; EMA9 below EMA21; EMA21 below EMA200)"",
    ""Trend health state is BEAR with bear_score=5 vs bull_score=4, indicating intact bearish momentum"",
    ""ADX at 21.93 is near trending threshold (25), supporting continuation bias"",
    ""Market structure shows LH/LL sequence inactive but last swing high at 59823 provides nearby resistance for short entry"",
    ""Funding rate positive (0.03038% per 8h) favors shorts, consistent with bearish sentiment"",
    ""Price is near micro resistance (59823) with distance_to_micro_resistance only 0.149%, offering a tight stop location"",
    ""Regime is BEAR and COMPRESSION regime recently ended, suggesting potential for bearish breakout""
  ],
  ""reasons_against_trade"": [
    ""Reversal risk score is high (71/100), indicating potential for a bounce from current levels"",
    ""Higher low detected (micro support at 59170) suggests some buying interest and possible structure shift"",
    ""Volume ratio is low (0.31), indicating lack of strong participation in current move"",
    ""ADX below 25 means trend is not strongly established, increasing noise risk"",
    ""Price is relatively close to support (2.73% away), limiting downside runway if support holds"",
    ""Edge score (2.2) is below threshold (3.0), suggesting weak historical edge for this setup""
  ],
  ""bull_score"": 3,
  ""bear_score"": 7
}
```

**Direction:** SHORT  
**Win probability:** 62%  
**Long score:** 30  
**Short score:** 72  
**Bull score:** 3/10  
**Bear score:** 7/10  
**Decision:** APPROVE  

**Reasoning:** The bearish case is strongly supported by multi-timeframe alignment (BEAR_ALIGNED), bearish EMA stack, intact trend health (bear_score 5 vs bull_score 4), and positive funding favoring shorts. The short entry near micro resistance (59823) offers a favorable risk/reward with a tight stop above recent highs. The high reversal risk score (71) is a concern, but it reflects the proximity to support rather than a confirmed reversal signal - without structure shift or momentum expansion in the opposite direction, continuation is the default assumption. The low volume and ADX below 25 warrant caution, but the overall hierarchy favors the short side. Entry zone is set slightly above current price (59734) to allow for a pullback to resistance before entry, consistent with the rule that short limit prices must be above current price.",59772.23,59748.0,MAKER,TAKER,0.033482,38.23,122.395,0.81,0.81,0.0,0.0,-0.0,-0.0,4.05,4.780711,PROFIT_LOCK_LADDER,9.609813,0.305867,6.5e-05,0.063715,False,True,"{'price': 59734.0, 'ret_1m': 0.0, 'ret_5m': -0.00010038816758131441, 'ema9': 59490.528511330675, 'ema21': 59624.35186779746, 'ema200': 61309.646811248436, 'dist_to_support': 0.02730832301462468, 'dist_to_resistance': 0.03739834677554299, 'volume': 0.002683892, 'volume_ratio': 0.3058668454647251, 'delta': 9.60981303999944, 'velocity': 6.531825248125202e-05, 'imbalance': 0.06371527517499556, 'candle_range': 40.5, 'body_ratio': 0.7719652648703395, 'wick_ratio': 0.22803473512966047}",2.2,"{'early_fail_enabled': True, 'invert_signal': False, 'ai_enabled': True, 'edge_threshold': 3.0, 'edge_threshold_max': None, 'edge_range_preset': 'min_only', 'ai_threshold': 44.0, 'leverage': 100, 'pullback_threshold': 0.001}","{'ema9': 59490.528511330675, 'ema21': 59624.35186779746, 'ema200': 61309.646811248436, 'ema_spread': -0.002244, 'ema9_slope_pct': 0.0215, 'ema21_slope_pct': -0.0764, 'ema9_above_ema21': False, 'ema21_above_ema200': False}",MOMENTUM_LONG,2.2,2.2,False,True,INV_False_EF_True,SHORT,10,6,SCENARIO_C_RUNNER_10_v3,40.0,10.0,-12.0,2.0,8.0,300,1,2,-32.0,False,False,True,False,480,3,5.0,False,5,0.75,"[[10, 6], [20, 10], [30, 20], [40, 28], [60, 45], [80, 60], [100, 75], [150, 120]]","{""trail_ladder"": [[10, 6], [20, 10], [30, 20], [40, 28], [60, 45], [80, 60], [100, 75], [150, 120]], ""ladder_first_trigger_pct"": 10, ""ladder_first_lock_pct"": 6, ""exit_profile_id"": ""SCENARIO_C_RUNNER_10_v3"", ""peak_never_loser_min_peak"": 40.0, ""peak_never_loser_floor"": 10.0, ""thesis_fast_exit_unreal_pct"": -12.0, ""thesis_mfe_protect_pct"": 2.0, ""thesis_exit_if_above_unreal_pct"": 8.0, ""thesis_min_age_sec"": 300, ""thesis_score_flip_margin"": 1, ""thesis_early_decay_delta"": 2, ""early_fail_pct_threshold"": -32.0, ""type_a_first_candle_enabled"": false, ""type_a_early_fail_enabled"": false, ""scenario_c_exit_profile"": true, ""type_a_stall_enabled"": false, ""type_a_stall_min_age_sec"": 480, ""type_a_stall_min_candles"": 3, ""type_a_stall_max_mfe_pct"": 5.0, ""trend_weakening_enabled"": false, ""spread_penalty_threshold"": 5, ""spread_penalty_margin_mult"": 0.75}",2026-06-25T20:09:05.854029+00:00,2026-06-26 06:09:05 AEST,2026-06-26 06:09:05 AEST
2026-06-25T20:14:53.530260+00:00,cont-1d30317509bb,SHORT,59660.13,59637.73,0.548457,3.76,20.0,3,0.75,0.75,0.0,0.0,-0.0,-0.0,PROFIT_LOCK_LADDER,100,0.13,62,44.0,True,SIM_LIMIT,AI_DIRECT_LIMIT,,,,,0,BEAR,SR,60-70,SPAWN,0,0,MIXED,BEAR_ALIGNED,21.93,-2,3,6,0.03127,bitfinex,tBTCF0:USTF0,v11.0-genome-architecture-v1,BITFINEX_ZERO,v11.0-genome-architecture-v1,CONTINUOUS,Continuous AI Research,APPROVE,59614.0,0.039451,0.025384,FREE_RANGE,-0.00249,1.0,40.5,0.548458,0.0,10.246374,245.509,245.509,245.509,0-5m,AI_DIRECT,AI_DIRECT_CHASE,5,,46.13,0.0,0.0244,0.0244,False,0.0,0.0,-0.000715,-4.7e-05,0.000804,0.132622,9.808569,0.0,0.064834,59614.0,59484.328511,59621.533686,61309.338354,-0.002301,FREE_RANGE,SHORT_PREFERRED,0.039451,0.025384,BEAR,3.0,44.0,0.0,100,3.0,True,True,APPROVE,62,"```json
{
  ""direction"": ""SHORT"",
  ""confidence"": 62,
  ""long_score"": 25,
  ""short_score"": 72,
  ""preferred_direction"": ""SHORT"",
  ""entry_zone_low"": 59700,
  ""entry_zone_high"": 59900,
  ""limit_price"": 59800,
  ""expected_mfe"": 350,
  ""expected_mae"": 150,
  ""reversal_probability"": 51,
  ""exit_style"": ""AGGRESSIVE"",
  ""reasons_for_trade"": [
    ""Multi-timeframe agreement is BEAR_ALIGNED (15m RANGING, 1h/4h BEARISH) - strong bearish consensus"",
    ""EMA stack is bearish (price below EMA200, EMA9 below EMA21, EMA21 below EMA200) - bear alignment confirmed"",
    ""Trend health state is BEAR with bear_score 6 vs bull_score 3 - bearish intact"",
    ""Market structure shows LH/LL sequence inactive but HL/HL active - mixed but bearish bias from higher timeframe"",
    ""ADX at 21.93 is below 25, but trend strength score is -2 and trending market flag is false - mean reversion risk noted, but bearish structure still dominant"",
    ""Price is near micro resistance (59823) and below EMA9/EMA21 - short entry from resistance aligns with bearish continuation"",
    ""Funding rate positive (0.03073% per 8h) favors shorts - longs paying shorts adds bearish pressure"",
    ""Volume ratio very low (0.035) - low participation suggests continuation of current range/compression rather than reversal""
  ],
  ""reasons_against_trade"": [
    ""Price is near micro support (59170) - short entry near support increases bounce risk, reducing expectancy"",
    ""Reversal risk score is 51 - moderate probability of reversal, not negligible"",
    ""Higher low detected (HL) - micro structure shows some bullish resilience, could lead to a bounce"",
    ""ADX below 25 - market not strongly trending, mean reversion risk is present"",
    ""Compression regime (current) - breakouts can be sharp in either direction, uncertainty elevated"",
    ""Distance to support is only 2.5% vs resistance 3.9% - support closer, making short less favorable from risk/reward""
  ],
  ""bull_score"": 3,
  ""bear_score"": 6
}
Direction: SHORT
Win probability: 62
Long score: 25
Short score: 72
Bull score: 3
Bear score: 6
Decision: APPROVE
Reason: Bearish alignment across MTF, EMA stack, and trend health strongly favors continuation. Short entry near micro resistance (59823) with limit at 59800 (above current price 59655) aligns with bearish pullback entry. Reversal risk is moderate (51) but not confirmed by structure shift or momentum. Short score (72) exceeds long score (25) by >5, meeting approval threshold. Entry zone set above price for short limit, with aggressive exit due to proximity to support.",59660.13,59637.73,MAKER,TAKER,0.033549,46.13,245.509,0.75,0.75,0.0,0.0,-0.0,-0.0,3.76,32.907539,PROFIT_LOCK_LADDER,9.808569,0.132622,-4.7e-05,0.064834,False,True,"{'price': 59614.0, 'ret_1m': 1.6774864542968816e-05, 'ret_5m': -0.0010389436289295528, 'ema9': 59484.32851133067, 'ema21': 59621.53368597927, 'ema200': 61309.338353536994, 'dist_to_support': 0.02538394473878345, 'dist_to_resistance': 0.03945074106364429, 'volume': 0.0008038240000000001, 'volume_ratio': 0.13262150455937155, 'delta': 9.808569333999511, 'velocity': -4.692361741816496e-05, 'imbalance': 0.06483352735569459, 'candle_range': 40.5, 'body_ratio': 0.7719652648703395, 'wick_ratio': 0.22803473512966047}",3.0,"{'early_fail_enabled': True, 'invert_signal': False, 'ai_enabled': True, 'edge_threshold': 3.0, 'edge_threshold_max': None, 'edge_range_preset': 'min_only', 'ai_threshold': 44.0, 'leverage': 100, 'pullback_threshold': 0.001}","{'ema9': 59484.32851133067, 'ema21': 59621.53368597927, 'ema200': 61309.338353536994, 'ema_spread': -0.002301, 'ema9_slope_pct': 0.0111, 'ema21_slope_pct': -0.0811, 'ema9_above_ema21': False, 'ema21_above_ema200': False}",WEAK_SETUP,3.0,3.0,False,True,INV_False_EF_True,SHORT,10,6,SCENARIO_C_RUNNER_10_v3,40.0,10.0,-12.0,2.0,8.0,300,1,2,-32.0,False,False,True,False,480,3,5.0,False,5,0.75,"[[10, 6], [20, 10], [30, 20], [40, 28], [60, 45], [80, 60], [100, 75], [150, 120]]","{""trail_ladder"": [[10, 6], [20, 10], [30, 20], [40, 28], [60, 45], [80, 60], [100, 75], [150, 120]], ""ladder_first_trigger_pct"": 10, ""ladder_first_lock_pct"": 6, ""exit_profile_id"": ""SCENARIO_C_RUNNER_10_v3"", ""peak_never_loser_min_peak"": 40.0, ""peak_never_loser_floor"": 10.0, ""thesis_fast_exit_unreal_pct"": -12.0, ""thesis_mfe_protect_pct"": 2.0, ""thesis_exit_if_above_unreal_pct"": 8.0, ""thesis_min_age_sec"": 300, ""thesis_score_flip_margin"": 1, ""thesis_early_decay_delta"": 2, ""early_fail_pct_threshold"": -32.0, ""type_a_first_candle_enabled"": false, ""type_a_early_fail_enabled"": false, ""scenario_c_exit_profile"": true, ""type_a_stall_enabled"": false, ""type_a_stall_min_age_sec"": 480, ""type_a_stall_min_candles"": 3, ""type_a_stall_max_mfe_pct"": 5.0, ""trend_weakening_enabled"": false, ""spread_penalty_threshold"": 5, ""spread_penalty_margin_mult"": 0.75}",2026-06-25T20:14:53.530260+00:00,2026-06-26 06:14:53 AEST,2026-06-26 06:14:53 AEST
2026-06-25T20:19:21.229222+00:00,c604c-172cdd8e57d9,SHORT,59741.25,59686.0,9.303416,9.31,20.0,4,1.86,1.85,0.0,0.0,-0.01,-0.01,PROFIT_LOCK_LADDER,100,0.31,62,44.0,True,SIM_LIMIT,AI_DIRECT_LIMIT,,,,,0,BEAR,SR,60-70,SPAWN,0,0,MIXED,BEAR_ALIGNED,21.93,-2,3,7,0.03188,bitfinex,tBTCF0:USTF0,v11.0-genome-architecture-v1,BITFINEX_ZERO,v11.0-genome-architecture-v1,COMBO_604_SP4_CHASE_3PLUS,AI60-65 · Spread4 · Chase 3+,APPROVE,59734.0,0.037398,0.027308,FREE_RANGE,-0.001948,0.522546,40.5,9.303417,0.0,25.317515,181.878,181.878,181.878,0-5m,AI_DIRECT,AI_DIRECT_CHASE,4,,7.25,0.0,0.0,0.0,False,0.0,0.0,-0.01213,6.5e-05,0.002684,0.305867,9.609813,0.0,0.063715,59734.0,59490.528511,59624.351868,61309.646811,-0.002244,FREE_RANGE,SHORT_PREFERRED,0.037398,0.027308,BEAR,3.0,44.0,0.0,100,2.2,True,True,APPROVE,62,"```json
{
  ""direction"": ""SHORT"",
  ""confidence"": 62,
  ""long_score"": 30,
  ""short_score"": 72,
  ""preferred_direction"": ""SHORT"",
  ""entry_zone_low"": 59850,
  ""entry_zone_high"": 59950,
  ""limit_price"": 59900,
  ""expected_mfe"": 120,
  ""expected_mae"": 80,
  ""reversal_probability"": 71,
  ""exit_style"": ""AGGRESSIVE"",
  ""reasons_for_trade"": [
    ""MTF agreement is BEAR_ALIGNED (15m RANGING, 1h BEARISH, 4h BEARISH) with 2 bear TFs vs 0 bull TFs"",
    ""EMA stack is bearish (price below EMA9, EMA21, EMA200; EMA9 below EMA21; EMA21 below EMA200)"",
    ""Trend health state is BEAR with bear_score=5 vs bull_score=4, indicating intact bearish momentum"",
    ""ADX at 21.93 is near trending threshold (25), supporting continuation bias"",
    ""Market structure shows LH/LL sequence inactive but last swing high at 59823 provides nearby resistance for short entry"",
    ""Funding rate positive (0.03038% per 8h) favors shorts, consistent with bearish sentiment"",
    ""Price is near micro resistance (59823) with distance_to_micro_resistance only 0.149%, offering a tight stop location"",
    ""Regime is BEAR and COMPRESSION regime recently ended, suggesting potential for bearish breakout""
  ],
  ""reasons_against_trade"": [
    ""Reversal risk score is high (71/100), indicating potential for a bounce from current levels"",
    ""Higher low detected (micro support at 59170) suggests some buying interest and possible structure shift"",
    ""Volume ratio is low (0.31), indicating lack of strong participation in current move"",
    ""ADX below 25 means trend is not strongly established, increasing noise risk"",
    ""Price is relatively close to support (2.73% away), limiting downside runway if support holds"",
    ""Edge score (2.2) is below threshold (3.0), suggesting weak historical edge for this setup""
  ],
  ""bull_score"": 3,
  ""bear_score"": 7
}
```

**Direction:** SHORT  
**Win probability:** 62%  
**Long score:** 30  
**Short score:** 72  
**Bull score:** 3/10  
**Bear score:** 7/10  
**Decision:** APPROVE  

**Reasoning:** The bearish case is strongly supported by multi-timeframe alignment (BEAR_ALIGNED), bearish EMA stack, intact trend health (bear_score 5 vs bull_score 4), and positive funding favoring shorts. The short entry near micro resistance (59823) offers a favorable risk/reward with a tight stop above recent highs. The high reversal risk score (71) is a concern, but it reflects the proximity to support rather than a confirmed reversal signal - without structure shift or momentum expansion in the opposite direction, continuation is the default assumption. The low volume and ADX below 25 warrant caution, but the overall hierarchy favors the short side. Entry zone is set slightly above current price (59734) to allow for a pullback to resistance before entry, consistent with the rule that short limit prices must be above current price.",59741.25,59686.0,MAKER,TAKER,0.033482,7.25,181.878,1.86,1.85,0.0,0.0,-0.01,-0.01,9.31,558.205041,PROFIT_LOCK_LADDER,9.609813,0.305867,6.5e-05,0.063715,False,True,"{'price': 59734.0, 'ret_1m': 0.0, 'ret_5m': -0.00010038816758131441, 'ema9': 59490.528511330675, 'ema21': 59624.35186779746, 'ema200': 61309.646811248436, 'dist_to_support': 0.02730832301462468, 'dist_to_resistance': 0.03739834677554299, 'volume': 0.002683892, 'volume_ratio': 0.3058668454647251, 'delta': 9.60981303999944, 'velocity': 6.531825248125202e-05, 'imbalance': 0.06371527517499556, 'candle_range': 40.5, 'body_ratio': 0.7719652648703395, 'wick_ratio': 0.22803473512966047}",2.2,"{'early_fail_enabled': True, 'invert_signal': False, 'ai_enabled': True, 'edge_threshold': 3.0, 'edge_threshold_max': None, 'edge_range_preset': 'min_only', 'ai_threshold': 44.0, 'leverage': 100, 'pullback_threshold': 0.001}","{'ema9': 59490.528511330675, 'ema21': 59624.35186779746, 'ema200': 61309.646811248436, 'ema_spread': -0.002244, 'ema9_slope_pct': 0.0215, 'ema21_slope_pct': -0.0764, 'ema9_above_ema21': False, 'ema21_above_ema200': False}",MOMENTUM_LONG,2.2,2.2,False,True,INV_False_EF_True,SHORT,10,6,SCENARIO_C_RUNNER_10_v3,40.0,10.0,-12.0,2.0,8.0,300,1,2,-32.0,False,False,True,False,480,3,5.0,False,5,0.75,"[[10, 6], [20, 10], [30, 20], [40, 28], [60, 45], [80, 60], [100, 75], [150, 120]]","{""trail_ladder"": [[10, 6], [20, 10], [30, 20], [40, 28], [60, 45], [80, 60], [100, 75], [150, 120]], ""ladder_first_trigger_pct"": 10, ""ladder_first_lock_pct"": 6, ""exit_profile_id"": ""SCENARIO_C_RUNNER_10_v3"", ""peak_never_loser_min_peak"": 40.0, ""peak_never_loser_floor"": 10.0, ""thesis_fast_exit_unreal_pct"": -12.0, ""thesis_mfe_protect_pct"": 2.0, ""thesis_exit_if_above_unreal_pct"": 8.0, ""thesis_min_age_sec"": 300, ""thesis_score_flip_margin"": 1, ""thesis_early_decay_delta"": 2, ""early_fail_pct_threshold"": -32.0, ""type_a_first_candle_enabled"": false, ""type_a_early_fail_enabled"": false, ""scenario_c_exit_profile"": true, ""type_a_stall_enabled"": false, ""type_a_stall_min_age_sec"": 480, ""type_a_stall_min_candles"": 3, ""type_a_stall_max_mfe_pct"": 5.0, ""trend_weakening_enabled"": false, ""spread_penalty_threshold"": 5, ""spread_penalty_margin_mult"": 0.75}",2026-06-25T20:19:21.229222+00:00,2026-06-26 06:19:21 AEST,2026-06-26 06:19:21 AEST
2026-06-25T20:27:31.909191+00:00,cont-a17b468907d3,SHORT,59675.21,59745.0,5.814342,-11.66,20.0,3,-2.33,-2.34,0.0,0.0,-0.01,-0.01,THESIS_INVALIDATED,100,0.39,62,44.0,True,SIM_LIMIT,AI_DIRECT_LIMIT,,,,,0,BEAR,SR,60-70,SPAWN,0,0,MIXED,BEAR_ALIGNED,20.37,-2,3,6,0.0328,bitfinex,tBTCF0:USTF0,v11.0-genome-architecture-v1,BITFINEX_ZERO,v11.0-genome-architecture-v1,CONTINUOUS,Continuous AI Research,APPROVE,59656.0,0.038928,0.025874,FREE_RANGE,-0.001831,0.321705,37.2,5.814343,-18.707936,5.64556,279.039,279.039,279.039,0-5m,AI_DIRECT,AI_DIRECT_CHASE,4,,19.21,0.0,0.0,0.0,False,0.0,0.0,-0.007862,-4e-05,0.029693,0.030983,10.530661,0.0,0.068596,59656.0,59500.982809,59615.609136,61287.496086,-0.001923,FREE_RANGE,SHORT_PREFERRED,0.038928,0.025874,BEAR,3.0,44.0,0.0,100,2.0,True,True,APPROVE,62,"```json
{
  ""direction"": ""SHORT"",
  ""confidence"": 62,
  ""long_score"": 28,
  ""short_score"": 72,
  ""preferred_direction"": ""SHORT"",
  ""entry_zone_low"": 59700,
  ""entry_zone_high"": 59850,
  ""limit_price"": 59775,
  ""expected_mfe"": 180,
  ""expected_mae"": 80,
  ""reversal_probability"": 35,
  ""exit_style"": ""AGGRESSIVE"",
  ""reasons_for_trade"": [
    ""MTF agreement is BEAR_ALIGNED (15m RANGING, 1h BEARISH, 4h BEARISH) - strong bearish consensus"",
    ""EMA stack is bearish (price below EMA200, EMA9 below EMA21, EMA21 below EMA200)"",
    ""Trend health state is BEAR with bear_score 6 vs bull_score 3 - bearish intact"",
    ""Market structure shows LH/LL sequence active, last swing high at 59823 - resistance zone"",
    ""Price near micro resistance (59823) with only 0.25% distance - short entry opportunity"",
    ""Funding rate positive (0.0315% per 8h) - shorts receive funding, favorable for short positioning"",
    ""Regime is COMPRESSION with prior trending bear phases - compression often resolves in trend direction"",
    ""Edge score is 2.0 (below threshold 3.0) - no strong edge for reversal, favoring continuation""
  ],
  ""reasons_against_trade"": [
    ""ADX at 20.37 (below 25) - trend strength is weak, not strongly trending"",
    ""Volume ratio very low (0.067) - low participation may lead to choppy price action"",
    ""Price near micro support (59212) at 0.77% - limited downside room before support"",
    ""Higher low detected - potential for short-term bounce or consolidation"",
    ""Reversal risk score 51 - moderate reversal probability from current levels"",
    ""Candle body ratio high (0.80) - recent candle shows strong buying pressure""
  ],
  ""bull_score"": 3,
  ""bear_score"": 6
}
```",59675.21,59745.0,MAKER,TAKER,0.033526,19.21,279.039,-2.33,-2.34,0.0,0.0,-0.01,-0.01,-11.66,348.860597,THESIS_INVALIDATED,10.530661,0.030983,-4e-05,0.068596,False,True,"{'price': 59656.0, 'ret_1m': 0.0, 'ret_5m': 0.00015088772276895736, 'ema9': 59500.98280906454, 'ema21': 59615.60913600577, 'ema200': 61287.49608599601, 'dist_to_support': 0.02587391493782887, 'dist_to_resistance': 0.03892817642524383, 'volume': 0.029692871, 'volume_ratio': 0.030983463016580084, 'delta': 10.530660688999614, 'velocity': -4.021315684869295e-05, 'imbalance': 0.06859622323582712, 'candle_range': 37.2, 'body_ratio': 0.7974554609487708, 'wick_ratio': 0.2025445390512291}",2.0,"{'early_fail_enabled': True, 'invert_signal': False, 'ai_enabled': True, 'edge_threshold': 3.0, 'edge_threshold_max': None, 'edge_range_preset': 'min_only', 'ai_threshold': 44.0, 'leverage': 100, 'pullback_threshold': 0.001}","{'ema9': 59500.98280906454, 'ema21': 59615.60913600577, 'ema200': 61287.49608599601, 'ema_spread': -0.001923, 'ema9_slope_pct': 0.0848, 'ema21_slope_pct': -0.0411, 'ema9_above_ema21': False, 'ema21_above_ema200': False}",WEAK_SETUP,2.0,2.0,False,True,INV_False_EF_True,SHORT,10,6,SCENARIO_C_RUNNER_10_v3,40.0,10.0,-12.0,2.0,8.0,300,1,2,-32.0,False,False,True,False,480,3,5.0,False,5,0.75,"[[10, 6], [20, 10], [30, 20], [40, 28], [60, 45], [80, 60], [100, 75], [150, 120]]","{""trail_ladder"": [[10, 6], [20, 10], [30, 20], [40, 28], [60, 45], [80, 60], [100, 75], [150, 120]], ""ladder_first_trigger_pct"": 10, ""ladder_first_lock_pct"": 6, ""exit_profile_id"": ""SCENARIO_C_RUNNER_10_v3"", ""peak_never_loser_min_peak"": 40.0, ""peak_never_loser_floor"": 10.0, ""thesis_fast_exit_unreal_pct"": -12.0, ""thesis_mfe_protect_pct"": 2.0, ""thesis_exit_if_above_unreal_pct"": 8.0, ""thesis_min_age_sec"": 300, ""thesis_score_flip_margin"": 1, ""thesis_early_decay_delta"": 2, ""early_fail_pct_threshold"": -32.0, ""type_a_first_candle_enabled"": false, ""type_a_early_fail_enabled"": false, ""scenario_c_exit_profile"": true, ""type_a_stall_enabled"": false, ""type_a_stall_min_age_sec"": 480, ""type_a_stall_min_candles"": 3, ""type_a_stall_max_mfe_pct"": 5.0, ""trend_weakening_enabled"": false, ""spread_penalty_threshold"": 5, ""spread_penalty_margin_mult"": 0.75}",2026-06-25T20:27:31.909191+00:00,2026-06-26 06:27:31 AEST,2026-06-26 06:27:31 AEST
2026-06-25T20:35:31.503282+00:00,cont-721b5f12c7a1,SHORT,59747.08,59629.0,5.328987,19.8,20.0,3,3.96,3.95,0.0,0.0,-0.01,-0.01,PROFIT_LOCK_LADDER,100,0.66,62,44.0,True,SIM_LIMIT,AI_DIRECT_LIMIT,,,,,0,BEAR,SR,60-70,SPAWN,0,0,MIXED,BEAR_ALIGNED,20.37,-2,3,6,0.03371,bitfinex,tBTCF0:USTF0,v11.0-genome-architecture-v1,BITFINEX_ZERO,v11.0-genome-architecture-v1,CONTINUOUS,Continuous AI Research,APPROVE,59763.0,0.038476,0.026298,FREE_RANGE,-0.001546,1.0,37.2,5.328989,0.0,39.847972,202.382,202.382,202.382,0-5m,AI_DIRECT,AI_DIRECT_CHASE,4,,15.92,0.0,0.0,0.0,False,0.0,0.0,-0.007401,9.5e-05,0.064972,0.024176,14.139459,0.0,0.089369,59751.0,59510.982809,59620.154591,61287.993598,-0.001831,FREE_RANGE,SHORT_PREFERRED,0.038476,0.026298,BEAR,3.0,44.0,0.0,100,1.4,True,True,APPROVE,62,"```json
{
  ""direction"": ""SHORT"",
  ""confidence"": 62,
  ""long_score"": 25,
  ""short_score"": 72,
  ""preferred_direction"": ""SHORT"",
  ""entry_zone_low"": 59800,
  ""entry_zone_high"": 59900,
  ""limit_price"": 59850,
  ""expected_mfe"": 0.008,
  ""expected_mae"": 0.004,
  ""reversal_probability"": 71,
  ""exit_style"": ""AGGRESSIVE"",
  ""reasons_for_trade"": [
    ""MTF agreement is BEAR_ALIGNED (15m RANGING, 1h BEARISH, 4h BEARISH) with 2 bear TFs vs 0 bull TFs"",
    ""EMA stack is bearish (ema9 below ema21, ema21 below ema200, stack_bear=true)"",
    ""Trend health state is BEAR with bear_score=6 vs bull_score=3, intact bearish trend"",
    ""ADX at 20.37 is below 25 but trend_score=-2 indicates bearish bias, not trending but still bear-leaning"",
    ""Market structure shows HL sequence active but last swing high at 59823 acts as resistance, price near micro resistance (59823) with distance 0.206%"",
    ""Funding rate positive (0.03267% per 8h) favors shorts, longs paying shorts"",
    ""Regime is COMPRESSION after recent TRENDING cycles, suggesting potential breakout continuation downward"",
    ""Price is near micro resistance (59823) and recent high (61997) is far above, providing room for short move toward support""
  ],
  ""reasons_against_trade"": [
    ""Reversal risk score is high (71/100), indicating potential for bounce from current levels"",
    ""Higher low detected (HL sequence active) suggests some bullish micro structure forming"",
    ""Distance to support is only 2.63% vs resistance 3.85%, meaning closer to support which could limit downside"",
    ""Volume ratio is very low (0.026), indicating lack of conviction in current move"",
    ""ADX below 25 suggests non-trending conditions, increasing risk of false breakout or reversal"",
    ""Market regime is COMPRESSION, which often precedes volatile moves but direction is uncertain"",
    ""Edge score (1.4) is below threshold (3.0), indicating weak edge signal from pattern recognition""
  ],
  ""bull_score"": 3,
  ""bear_score"": 6
}
```

**Direction:** SHORT  
**Win probability:** 62%  
**Long score:** 25  
**Short score:** 72  
**Bull score:** 3/10  
**Bear score:** 6/10  
**Decision:** APPROVE  
**Reason:** The bearish case is significantly stronger across multiple hierarchical factors: MTF agreement (BEAR_ALIGNED), EMA stack (bearish), trend health (BEAR with 6 vs 3), and market structure (last swing high resistance). The short entry is planned near micro resistance (59823) with a limit above current price (59700), targeting a move back toward support at 59212 or lower. The high reversal risk score (71) is noted but does not override the dominant bearish trend hierarchy - this is a continuation trade, not a counter-trend one. The low volume and ADX suggest caution, hence AGGRESSIVE exit style to capture quick moves in compression. Entry near support historically reduces expectancy for shorts, but the bearish continuation evidence outweighs bounce risk here.",59747.08,59629.0,MAKER,TAKER,0.033466,15.92,202.382,3.96,3.95,0.0,0.0,-0.01,-0.01,19.8,319.739386,PROFIT_LOCK_LADDER,14.139459,0.024176,9.5e-05,0.089369,False,True,"{'price': 59751.0, 'ret_1m': 0.0, 'ret_5m': 0.0011729025988170439, 'ema9': 59510.98280906454, 'ema21': 59620.154590551225, 'ema200': 61287.99359843383, 'dist_to_support': 0.02629815745393635, 'dist_to_resistance': 0.03847571189279732, 'volume': 0.064972056, 'volume_ratio': 0.024175846832046353, 'delta': 14.139459395999634, 'velocity': 9.546395789208609e-05, 'imbalance': 0.08936935858945859, 'candle_range': 37.2, 'body_ratio': 0.7974554609487708, 'wick_ratio': 0.2025445390512291}",1.4,"{'early_fail_enabled': True, 'invert_signal': False, 'ai_enabled': True, 'edge_threshold': 3.0, 'edge_threshold_max': None, 'edge_range_preset': 'min_only', 'ai_threshold': 44.0, 'leverage': 100, 'pullback_threshold': 0.001}","{'ema9': 59510.98280906454, 'ema21': 59620.154590551225, 'ema200': 61287.99359843383, 'ema_spread': -0.001831, 'ema9_slope_pct': 0.1016, 'ema21_slope_pct': -0.0335, 'ema9_above_ema21': False, 'ema21_above_ema200': False}",MOMENTUM_LONG,1.4,1.4,False,True,INV_False_EF_True,SHORT,10,6,SCENARIO_C_RUNNER_10_v3,40.0,10.0,-12.0,2.0,8.0,300,1,2,-32.0,False,False,True,False,480,3,5.0,False,5,0.75,"[[10, 6], [20, 10], [30, 20], [40, 28], [60, 45], [80, 60], [100, 75], [150, 120]]","{""trail_ladder"": [[10, 6], [20, 10], [30, 20], [40, 28], [60, 45], [80, 60], [100, 75], [150, 120]], ""ladder_first_trigger_pct"": 10, ""ladder_first_lock_pct"": 6, ""exit_profile_id"": ""SCENARIO_C_RUNNER_10_v3"", ""peak_never_loser_min_peak"": 40.0, ""peak_never_loser_floor"": 10.0, ""thesis_fast_exit_unreal_pct"": -12.0, ""thesis_mfe_protect_pct"": 2.0, ""thesis_exit_if_above_unreal_pct"": 8.0, ""thesis_min_age_sec"": 300, ""thesis_score_flip_margin"": 1, ""thesis_early_decay_delta"": 2, ""early_fail_pct_threshold"": -32.0, ""type_a_first_candle_enabled"": false, ""type_a_early_fail_enabled"": false, ""scenario_c_exit_profile"": true, ""type_a_stall_enabled"": false, ""type_a_stall_min_age_sec"": 480, ""type_a_stall_min_candles"": 3, ""type_a_stall_max_mfe_pct"": 5.0, ""trend_weakening_enabled"": false, ""spread_penalty_threshold"": 5, ""spread_penalty_margin_mult"": 0.75}",2026-06-25T20:35:31.503282+00:00,2026-06-26 06:35:31 AEST,2026-06-26 06:35:31 AEST
2026-06-25T20:42:26.710750+00:00,cont-a2b00f1396a8,SHORT,59582.62,59524.25,1.978815,9.81,20.0,3,1.96,1.96,0.0,0.0,-0.0,-0.0,PROFIT_LOCK_LADDER,100,0.33,62,44.0,True,SIM_LIMIT,AI_DIRECT_LIMIT,,,,,0,BEAR,SR,60-70,SPAWN,0,0,MIXED,BEAR_ALIGNED,19.21,-2,3,6,0.03439,bitfinex,tBTCF0:USTF0,v11.0-genome-architecture-v1,BITFINEX_ZERO,v11.0-genome-architecture-v1,CONTINUOUS,Continuous AI Research,APPROVE,59617.0,0.039974,0.024893,FREE_RANGE,-0.001735,0.922432,33.9,1.978816,0.0,20.076324,185.096,185.096,185.096,0-5m,AI_DIRECT,AI_DIRECT_CHASE,4,,34.38,0.0,0.2768,0.2768,False,0.0,0.0,-0.002828,-3.4e-05,0.003574,0.575058,17.333219,0.0,0.106973,59614.0,59533.986247,59620.586818,61268.009423,-0.001453,FREE_RANGE,SHORT_PREFERRED,0.039974,0.024893,BEAR,3.0,44.0,0.0,100,2.0,True,True,APPROVE,62,"```json
{
  ""direction"": ""SHORT"",
  ""confidence"": 62,
  ""long_score"": 25,
  ""short_score"": 70,
  ""preferred_direction"": ""SHORT"",
  ""entry_zone_low"": 59650,
  ""entry_zone_high"": 59750,
  ""limit_price"": 59700,
  ""expected_mfe"": 0.0045,
  ""expected_mae"": 0.0035,
  ""reversal_probability"": 71,
  ""exit_style"": ""AGGRESSIVE"",
  ""reasons_for_trade"": [
    ""MTF agreement is BEAR_ALIGNED (15m ranging, 1h/4h bearish) - strong bearish hierarchy"",
    ""EMA stack is bearish (price below ema200, ema9 below ema21, ema21 below ema200)"",
    ""Trend health state is BEAR with bear_score 6 vs bull_score 3, intact bearish momentum"",
    ""ADX at 19.21 is below 25 but trend strength is still negative (trend_score -2), favoring continuation over reversal"",
    ""Micro structure shows price near micro resistance (59776) with lower high not yet broken - bearish rejection likely"",
    ""Funding rate positive (0.0338% per 8h) favors shorts, longs paying"",
    ""Volume ratio very low (0.04) suggests lack of buying conviction for a breakout above resistance""
  ],
  ""reasons_against_trade"": [
    ""Reversal risk score is high (71) - price near micro support (59212) could bounce"",
    ""Higher low detected (HL) suggests some bullish micro structure forming"",
    ""Market regime is COMPRESSION - low volatility may lead to false breakouts or whipsaws"",
    ""Distance to support is only 2.55% - short entry near support has reduced expectancy without strong continuation"",
    ""Edge score (2.0) below threshold (3.0) - signal quality not optimal""
  ],
  ""bull_score"": 3,
  ""bear_score"": 6
}
```",59582.62,59524.25,MAKER,TAKER,0.033547,34.38,185.096,1.96,1.96,0.0,0.0,-0.0,-0.0,9.81,118.728993,PROFIT_LOCK_LADDER,17.333219,0.575058,-3.4e-05,0.106973,False,True,"{'price': 59614.0, 'ret_1m': -0.00018448637316561845, 'ret_5m': 5.032628206203553e-05, 'ema9': 59533.98624725164, 'ema21': 59620.586817847914, 'ema200': 61268.00942274439, 'dist_to_support': 0.024893481396987285, 'dist_to_resistance': 0.03997383165028349, 'volume': 0.0035739980000000005, 'volume_ratio': 0.5750580524406529, 'delta': 17.3332191369996, 'velocity': -3.352366107329679e-05, 'imbalance': 0.1069729281517483, 'candle_range': 33.9, 'body_ratio': 0.7863443498376599, 'wick_ratio': 0.2136556501623402}",2.0,"{'early_fail_enabled': True, 'invert_signal': False, 'ai_enabled': True, 'edge_threshold': 3.0, 'edge_threshold_max': None, 'edge_range_preset': 'min_only', 'ai_threshold': 44.0, 'leverage': 100, 'pullback_threshold': 0.001}","{'ema9': 59533.98624725164, 'ema21': 59620.586817847914, 'ema200': 61268.00942274439, 'ema_spread': -0.001453, 'ema9_slope_pct': 0.1755, 'ema21_slope_pct': 0.0121, 'ema9_above_ema21': False, 'ema21_above_ema200': False}",WEAK_SETUP,2.0,2.0,False,True,INV_False_EF_True,SHORT,10,6,SCENARIO_C_RUNNER_10_v3,40.0,10.0,-12.0,2.0,8.0,300,1,2,-32.0,False,False,True,False,480,3,5.0,False,5,0.75,"[[10, 6], [20, 10], [30, 20], [40, 28], [60, 45], [80, 60], [100, 75], [150, 120]]","{""trail_ladder"": [[10, 6], [20, 10], [30, 20], [40, 28], [60, 45], [80, 60], [100, 75], [150, 120]], ""ladder_first_trigger_pct"": 10, ""ladder_first_lock_pct"": 6, ""exit_profile_id"": ""SCENARIO_C_RUNNER_10_v3"", ""peak_never_loser_min_peak"": 40.0, ""peak_never_loser_floor"": 10.0, ""thesis_fast_exit_unreal_pct"": -12.0, ""thesis_mfe_protect_pct"": 2.0, ""thesis_exit_if_above_unreal_pct"": 8.0, ""thesis_min_age_sec"": 300, ""thesis_score_flip_margin"": 1, ""thesis_early_decay_delta"": 2, ""early_fail_pct_threshold"": -32.0, ""type_a_first_candle_enabled"": false, ""type_a_early_fail_enabled"": false, ""scenario_c_exit_profile"": true, ""type_a_stall_enabled"": false, ""type_a_stall_min_age_sec"": 480, ""type_a_stall_min_candles"": 3, ""type_a_stall_max_mfe_pct"": 5.0, ""trend_weakening_enabled"": false, ""spread_penalty_threshold"": 5, ""spread_penalty_margin_mult"": 0.75}",2026-06-25T20:42:26.710750+00:00,2026-06-26 06:42:26 AEST,2026-06-26 06:42:26 AEST
2026-06-25T20:57:13.246972+00:00,cont-bb80ed4db270,SHORT,59481.36,59448.82,2.113856,5.49,20.0,4,1.1,1.09,0.0,0.0,-0.0,-0.0,PROFIT_LOCK_LADDER,100,0.18,62,44.0,True,SIM_LIMIT,AI_DIRECT_LIMIT,,,,,0,BEAR,SR,60-70,SPAWN,0,0,MIXED,BEAR_ALIGNED,18.49,-2,3,7,0.03619,bitfinex,tBTCF0:USTF0,v11.0-genome-architecture-v1,BITFINEX_ZERO,v11.0-genome-architecture-v1,CONTINUOUS,Continuous AI Research,APPROVE,59448.0,0.042878,0.022171,FREE_RANGE,-0.001636,1.0,212.2,2.113858,0.0,16.200033,254.867,254.867,254.867,0-5m,AI_DIRECT,AI_DIRECT_CHASE,5,,33.36,0.0,0.1959,0.1959,False,0.0,0.0,-0.003182,-2.2e-05,0.000591,0.316458,-0.012238,0.0,0.177335,59448.0,59509.868998,59600.839256,61247.375221,-0.001526,FREE_RANGE,SHORT_PREFERRED,0.042878,0.022171,BEAR,3.0,44.0,0.0,100,2.4,True,True,APPROVE,62,"```json
{
  ""direction"": ""SHORT"",
  ""confidence"": 62,
  ""long_score"": 25,
  ""short_score"": 72,
  ""preferred_direction"": ""SHORT"",
  ""entry_zone_low"": 59500,
  ""entry_zone_high"": 59776,
  ""limit_price"": 59638,
  ""expected_mfe"": 0.008,
  ""expected_mae"": 0.005,
  ""reversal_probability"": 63,
  ""exit_style"": ""AGGRESSIVE"",
  ""reasons_for_trade"": [
    ""Multi-timeframe agreement is BEAR_ALIGNED across 15m, 1h, 4h"",
    ""EMA stack is bearish (price below all EMAs, ema9 below ema21, ema21 below ema200)"",
    ""Trend health state is BEAR with bear_score 6 vs bull_score 3"",
    ""Market structure shows LH/LL sequence active, last swing high at 59776 acting as resistance"",
    ""Orderflow delta is negative (-0.009) indicating selling pressure"",
    ""Funding rate positive (0.035% per 8h) favors shorts, longs paying"",
    ""Price is near micro resistance (59776) with distance 0.53%, providing short entry zone"",
    ""ADX at 18.49 is below 25 but trend strength is still bearish with no weakening signals""
  ],
  ""reasons_against_trade"": [
    ""Reversal risk score is elevated at 63, suggesting potential bounce from support"",
    ""Higher low detected (micro support at 59212) could indicate short-term buying interest"",
    ""Price is relatively close to support (2.24% away) increasing bounce risk for shorts"",
    ""Volume ratio is very low (0.012), suggesting lack of conviction in current move"",
    ""ADX below 25 indicates non-trending conditions, reducing continuation reliability""
  ],
  ""bull_score"": 3,
  ""bear_score"": 7
}
```",59481.36,59448.82,MAKER,TAKER,0.033643,33.36,254.867,1.1,1.09,0.0,0.0,-0.0,-0.0,5.49,126.831512,PROFIT_LOCK_LADDER,-0.012238,0.316458,-2.2e-05,0.177335,False,True,"{'price': 59448.0, 'ret_1m': 0.0002523850386149109, 'ret_5m': -0.00018500142955650111, 'ema9': 59509.86899780131, 'ema21': 59600.839255891515, 'ema200': 61247.375220653455, 'dist_to_support': 0.02217063652267528, 'dist_to_resistance': 0.04287780917776881, 'volume': 0.0005911909999999999, 'volume_ratio': 0.31645829828859984, 'delta': -0.012237770000000005, 'velocity': -2.185390047008864e-05, 'imbalance': 0.1773352575474329, 'candle_range': 212.2, 'body_ratio': 0.5221979672565741, 'wick_ratio': 0.4778020327434259}",2.4,"{'early_fail_enabled': True, 'invert_signal': False, 'ai_enabled': True, 'edge_threshold': 3.0, 'edge_threshold_max': None, 'edge_range_preset': 'min_only', 'ai_threshold': 44.0, 'leverage': 100, 'pullback_threshold': 0.001}","{'ema9': 59509.86899780131, 'ema21': 59600.839255891515, 'ema200': 61247.375220653455, 'ema_spread': -0.001526, 'ema9_slope_pct': 0.0776, 'ema21_slope_pct': -0.019, 'ema9_above_ema21': False, 'ema21_above_ema200': False}",MOMENTUM_SHORT,2.4,2.4,False,True,INV_False_EF_True,SHORT,10,6,SCENARIO_C_RUNNER_10_v3,40.0,10.0,-12.0,2.0,8.0,300,1,2,-32.0,False,False,True,False,480,3,5.0,False,5,0.75,"[[10, 6], [20, 10], [30, 20], [40, 28], [60, 45], [80, 60], [100, 75], [150, 120]]","{""trail_ladder"": [[10, 6], [20, 10], [30, 20], [40, 28], [60, 45], [80, 60], [100, 75], [150, 120]], ""ladder_first_trigger_pct"": 10, ""ladder_first_lock_pct"": 6, ""exit_profile_id"": ""SCENARIO_C_RUNNER_10_v3"", ""peak_never_loser_min_peak"": 40.0, ""peak_never_loser_floor"": 10.0, ""thesis_fast_exit_unreal_pct"": -12.0, ""thesis_mfe_protect_pct"": 2.0, ""thesis_exit_if_above_unreal_pct"": 8.0, ""thesis_min_age_sec"": 300, ""thesis_score_flip_margin"": 1, ""thesis_early_decay_delta"": 2, ""early_fail_pct_threshold"": -32.0, ""type_a_first_candle_enabled"": false, ""type_a_early_fail_enabled"": false, ""scenario_c_exit_profile"": true, ""type_a_stall_enabled"": false, ""type_a_stall_min_age_sec"": 480, ""type_a_stall_min_candles"": 3, ""type_a_stall_max_mfe_pct"": 5.0, ""trend_weakening_enabled"": false, ""spread_penalty_threshold"": 5, ""spread_penalty_margin_mult"": 0.75}",2026-06-25T20:57:13.246972+00:00,2026-06-26 06:57:13 AEST,2026-06-26 06:57:13 AEST
2026-06-25T20:57:15.610421+00:00,c604c-734b78ef3604,SHORT,59483.58,59448.82,2.021982,5.86,20.0,4,1.17,1.17,0.0,0.0,-0.0,-0.0,PROFIT_LOCK_LADDER,100,0.19,62,44.0,True,SIM_LIMIT,AI_DIRECT_LIMIT,,,,,0,BEAR,SR,60-70,SPAWN,0,0,MIXED,BEAR_ALIGNED,18.49,-2,3,7,0.03619,bitfinex,tBTCF0:USTF0,v11.0-genome-architecture-v1,BITFINEX_ZERO,v11.0-genome-architecture-v1,COMBO_604_SP4_CHASE_3PLUS,AI60-65 · Spread4 · Chase 3+,APPROVE,59461.0,0.042878,0.022171,FREE_RANGE,-0.001636,1.0,212.2,2.021983,0.0,16.572641,257.807,257.807,257.807,0-5m,AI_DIRECT,AI_DIRECT_CHASE,5,,22.58,0.0,0.1958,0.1958,False,0.0,0.0,-0.003044,-2.2e-05,0.000591,0.316458,-0.012238,0.0,0.177335,59448.0,59509.868998,59600.839256,61247.375221,-0.001526,FREE_RANGE,SHORT_PREFERRED,0.042878,0.022171,BEAR,3.0,44.0,0.0,100,2.4,True,True,APPROVE,62,"```json
{
  ""direction"": ""SHORT"",
  ""confidence"": 62,
  ""long_score"": 25,
  ""short_score"": 72,
  ""preferred_direction"": ""SHORT"",
  ""entry_zone_low"": 59500,
  ""entry_zone_high"": 59776,
  ""limit_price"": 59638,
  ""expected_mfe"": 0.008,
  ""expected_mae"": 0.005,
  ""reversal_probability"": 63,
  ""exit_style"": ""AGGRESSIVE"",
  ""reasons_for_trade"": [
    ""Multi-timeframe agreement is BEAR_ALIGNED across 15m, 1h, 4h"",
    ""EMA stack is bearish (price below all EMAs, ema9 below ema21, ema21 below ema200)"",
    ""Trend health state is BEAR with bear_score 6 vs bull_score 3"",
    ""Market structure shows LH/LL sequence active, last swing high at 59776 acting as resistance"",
    ""Orderflow delta is negative (-0.009) indicating selling pressure"",
    ""Funding rate positive (0.035% per 8h) favors shorts, longs paying"",
    ""Price is near micro resistance (59776) with distance 0.53%, providing short entry zone"",
    ""ADX at 18.49 is below 25 but trend strength is still bearish with no weakening signals""
  ],
  ""reasons_against_trade"": [
    ""Reversal risk score is elevated at 63, suggesting potential bounce from support"",
    ""Higher low detected (micro support at 59212) could indicate short-term buying interest"",
    ""Price is relatively close to support (2.24% away) increasing bounce risk for shorts"",
    ""Volume ratio is very low (0.012), suggesting lack of conviction in current move"",
    ""ADX below 25 indicates non-trending conditions, reducing continuation reliability""
  ],
  ""bull_score"": 3,
  ""bear_score"": 7
}
```",59483.58,59448.82,MAKER,TAKER,0.033635,22.58,257.807,1.17,1.17,0.0,0.0,-0.0,-0.0,5.86,121.319013,PROFIT_LOCK_LADDER,-0.012238,0.316458,-2.2e-05,0.177335,False,True,"{'price': 59448.0, 'ret_1m': 0.0002523850386149109, 'ret_5m': -0.00018500142955650111, 'ema9': 59509.86899780131, 'ema21': 59600.839255891515, 'ema200': 61247.375220653455, 'dist_to_support': 0.02217063652267528, 'dist_to_resistance': 0.04287780917776881, 'volume': 0.0005911909999999999, 'volume_ratio': 0.31645829828859984, 'delta': -0.012237770000000005, 'velocity': -2.185390047008864e-05, 'imbalance': 0.1773352575474329, 'candle_range': 212.2, 'body_ratio': 0.5221979672565741, 'wick_ratio': 0.4778020327434259}",2.4,"{'early_fail_enabled': True, 'invert_signal': False, 'ai_enabled': True, 'edge_threshold': 3.0, 'edge_threshold_max': None, 'edge_range_preset': 'min_only', 'ai_threshold': 44.0, 'leverage': 100, 'pullback_threshold': 0.001}","{'ema9': 59509.86899780131, 'ema21': 59600.839255891515, 'ema200': 61247.375220653455, 'ema_spread': -0.001526, 'ema9_slope_pct': 0.0776, 'ema21_slope_pct': -0.019, 'ema9_above_ema21': False, 'ema21_above_ema200': False}",MOMENTUM_SHORT,2.4,2.4,False,True,INV_False_EF_True,SHORT,10,6,SCENARIO_C_RUNNER_10_v3,40.0,10.0,-12.0,2.0,8.0,300,1,2,-32.0,False,False,True,False,480,3,5.0,False,5,0.75,"[[10, 6], [20, 10], [30, 20], [40, 28], [60, 45], [80, 60], [100, 75], [150, 120]]","{""trail_ladder"": [[10, 6], [20, 10], [30, 20], [40, 28], [60, 45], [80, 60], [100, 75], [150, 120]], ""ladder_first_trigger_pct"": 10, ""ladder_first_lock_pct"": 6, ""exit_profile_id"": ""SCENARIO_C_RUNNER_10_v3"", ""peak_never_loser_min_peak"": 40.0, ""peak_never_loser_floor"": 10.0, ""thesis_fast_exit_unreal_pct"": -12.0, ""thesis_mfe_protect_pct"": 2.0, ""thesis_exit_if_above_unreal_pct"": 8.0, ""thesis_min_age_sec"": 300, ""thesis_score_flip_margin"": 1, ""thesis_early_decay_delta"": 2, ""early_fail_pct_threshold"": -32.0, ""type_a_first_candle_enabled"": false, ""type_a_early_fail_enabled"": false, ""scenario_c_exit_profile"": true, ""type_a_stall_enabled"": false, ""type_a_stall_min_age_sec"": 480, ""type_a_stall_min_candles"": 3, ""type_a_stall_max_mfe_pct"": 5.0, ""trend_weakening_enabled"": false, ""spread_penalty_threshold"": 5, ""spread_penalty_margin_mult"": 0.75}",2026-06-25T20:57:15.610421+00:00,2026-06-26 06:57:15 AEST,2026-06-26 06:57:15 AEST
2026-06-25T21:15:56.257618+00:00,cont-5ccdf78a2aa6,SHORT,59626.78,59654.0,5.020294,-4.53,20.0,4,-0.91,-0.91,0.0,0.0,-0.01,-0.01,THESIS_INVALIDATED,100,0.15,62,44.0,True,SIM_LIMIT,AI_DIRECT_LIMIT,,,,,0,BEAR,SR,60-70,SPAWN,0,0,MIXED,BEAR_ALIGNED,17.84,-2,3,7,0.03856,bitfinex,tBTCF0:USTF0,v11.0-genome-architecture-v1,BITFINEX_ZERO,v11.0-genome-architecture-v1,CONTINUOUS,Continuous AI Research,APPROVE,59558.0,0.040934,0.023993,FREE_RANGE,-0.000839,1.0,192.9,5.020295,-8.08697,8.684017,189.965,189.965,189.965,0-5m,AI_DIRECT,AI_DIRECT_CHASE,3,,68.78,0.0,0.0,0.0,False,0.0,0.0,-0.008002,2.4e-05,0.021609,0.080031,0.303633,0.0,0.040699,59552.0,59520.855198,59597.721638,61228.13548,-0.00129,FREE_RANGE,SHORT_PREFERRED,0.040934,0.023993,BEAR,3.0,44.0,0.0,100,3.0,True,True,APPROVE,62,"```json
{
  ""direction"": ""SHORT"",
  ""confidence"": 62,
  ""long_score"": 25,
  ""short_score"": 72,
  ""preferred_direction"": ""SHORT"",
  ""entry_zone_low"": 59650,
  ""entry_zone_high"": 59800,
  ""limit_price"": 59725,
  ""expected_mfe"": 350,
  ""expected_mae"": 150,
  ""reversal_probability"": 71,
  ""exit_style"": ""AGGRESSIVE"",
  ""reasons_for_trade"": [
    ""MTF agreement is BEAR_ALIGNED (15m RANGING, 1h BEARISH, 4h BEARISH) - strong bearish consensus"",
    ""EMA stack is bearish (price below EMA21, EMA9 below EMA21, EMA21 below EMA200, stack_bear=true)"",
    ""Trend health state is BEAR with bear_score=6 vs bull_score=3, trend intact"",
    ""Market structure shows LH/LL sequence active, last swing high at 59776 acting as micro resistance"",
    ""Funding rate positive (0.03745% per 8h) favoring shorts, longs paying shorts"",
    ""Price near micro resistance (59776) with only 0.376% distance - good short entry zone"",
    ""Bearish regime (BEAR) with no recent regime change - trend persistence likely""
  ],
  ""reasons_against_trade"": [
    ""ADX at 17.84 (<25) - trend strength is weak, not trending strongly"",
    ""Reversal risk score is high (71) - market may be near a bounce zone"",
    ""Higher low detected (micro support at 59212) - potential for short-term bullish structure"",
    ""Volume ratio very low (0.08) - lack of conviction in current move"",
    ""Price is near support zone (2.39% above recent low) - short entry near support has reduced expectancy"",
    ""Candle range is narrow with balanced wick/body - indecision""
  ],
  ""bull_score"": 3,
  ""bear_score"": 7
}
```",59626.78,59654.0,MAKER,TAKER,0.033581,68.78,189.965,-0.91,-0.91,0.0,0.0,-0.01,-0.01,-4.53,301.217712,THESIS_INVALIDATED,0.303633,0.080031,2.4e-05,0.040699,False,True,"{'price': 59552.0, 'ret_1m': 0.0, 'ret_5m': -0.0005202215136767914, 'ema9': 59520.85519824105, 'ema21': 59597.72163758188, 'ema200': 61228.13548039353, 'dist_to_support': 0.023993015329337296, 'dist_to_resistance': 0.04093419970113669, 'volume': 0.021608837, 'volume_ratio': 0.08003129415676635, 'delta': 0.3036328949999982, 'velocity': 2.350993781619133e-05, 'imbalance': 0.04069867853765566, 'candle_range': 192.9, 'body_ratio': 0.5223434448024312, 'wick_ratio': 0.4776565551975688}",3.0,"{'early_fail_enabled': True, 'invert_signal': False, 'ai_enabled': True, 'edge_threshold': 3.0, 'edge_threshold_max': None, 'edge_range_preset': 'min_only', 'ai_threshold': 44.0, 'leverage': 100, 'pullback_threshold': 0.001}","{'ema9': 59520.85519824105, 'ema21': 59597.72163758188, 'ema200': 61228.13548039353, 'ema_spread': -0.00129, 'ema9_slope_pct': 0.02, 'ema21_slope_pct': -0.0361, 'ema9_above_ema21': False, 'ema21_above_ema200': False}",MOMENTUM_LONG,3.0,3.0,False,True,INV_False_EF_True,SHORT,10,6,SCENARIO_C_RUNNER_10_v3,40.0,10.0,-12.0,2.0,8.0,300,1,2,-32.0,False,False,True,False,480,3,5.0,False,5,0.75,"[[10, 6], [20, 10], [30, 20], [40, 28], [60, 45], [80, 60], [100, 75], [150, 120]]","{""trail_ladder"": [[10, 6], [20, 10], [30, 20], [40, 28], [60, 45], [80, 60], [100, 75], [150, 120]], ""ladder_first_trigger_pct"": 10, ""ladder_first_lock_pct"": 6, ""exit_profile_id"": ""SCENARIO_C_RUNNER_10_v3"", ""peak_never_loser_min_peak"": 40.0, ""peak_never_loser_floor"": 10.0, ""thesis_fast_exit_unreal_pct"": -12.0, ""thesis_mfe_protect_pct"": 2.0, ""thesis_exit_if_above_unreal_pct"": 8.0, ""thesis_min_age_sec"": 300, ""thesis_score_flip_margin"": 1, ""thesis_early_decay_delta"": 2, ""early_fail_pct_threshold"": -32.0, ""type_a_first_candle_enabled"": false, ""type_a_early_fail_enabled"": false, ""scenario_c_exit_profile"": true, ""type_a_stall_enabled"": false, ""type_a_stall_min_age_sec"": 480, ""type_a_stall_min_candles"": 3, ""type_a_stall_max_mfe_pct"": 5.0, ""trend_weakening_enabled"": false, ""spread_penalty_threshold"": 5, ""spread_penalty_margin_mult"": 0.75}",2026-06-25T21:15:56.257618+00:00,2026-06-26 07:15:56 AEST,2026-06-26 07:15:56 AEST
2026-06-25T21:16:01.264422+00:00,cont-977b507974a2,SHORT,59571.67,59653.93,10.801632,-13.72,20.0,4,-2.74,-2.76,0.0,0.0,-0.02,-0.02,THESIS_INVALIDATED,100,0.46,62,44.0,True,SIM_LIMIT,AI_DIRECT_LIMIT,,,,,0,BEAR,SR,60-70,SPAWN,0,0,MIXED,BEAR_ALIGNED,18.69,-2,3,7,0.03856,bitfinex,tBTCF0:USTF0,v11.0-genome-architecture-v1,BITFINEX_ZERO,v11.0-genome-architecture-v1,CONTINUOUS,Continuous AI Research,APPROVE,59541.0,0.04272,0.022319,FREE_RANGE,-0.000839,1.0,0.0,10.801633,-17.345493,6.659206,262.813,262.813,262.813,0-5m,AI_DIRECT,AI_DIRECT_CHASE,4,,30.67,0.0,0.0648,0.0648,False,0.0,0.0,-0.017053,0.000151,0.228584,3.026552,-0.253115,0.228584,0.037082,59541.0,59501.468998,59597.021074,61246.95731,-0.001603,FREE_RANGE,SHORT_PREFERRED,0.04272,0.022319,BEAR,3.0,44.0,0.0,100,2.4,True,True,APPROVE,62,"```json
{
  ""direction"": ""SHORT"",
  ""confidence"": 62,
  ""long_score"": 25,
  ""short_score"": 72,
  ""preferred_direction"": ""SHORT"",
  ""entry_zone_low"": 59600,
  ""entry_zone_high"": 59800,
  ""limit_price"": 59700,
  ""expected_mfe"": 350,
  ""expected_mae"": 200,
  ""reversal_probability"": 30,
  ""exit_style"": ""AGGRESSIVE"",
  ""reasons_for_trade"": [
    ""BEAR_ALIGNED multi-timeframe agreement (15m, 1h, 4h all bearish)"",
    ""Bearish EMA stack (price below EMA9, EMA21, EMA200; EMA9 below EMA21)"",
    ""Trend health BEAR with bear_score 6 vs bull_score 3"",
    ""ADX 18.69 below 25 but structure bias is BEARISH and trend intact"",
    ""Price near micro resistance (59776) with short bias from SR context"",
    ""Funding positive (0.037% per 8h) favoring shorts"",
    ""Volume ratio elevated (4.44) suggesting bearish participation"",
    ""Negative delta (-2.37) confirms selling pressure""
  ],
  ""reasons_against_trade"": [
    ""Price near micro support (59212) increases bounce risk for short entries"",
    ""ADX below 25 indicates non-trending conditions, reducing continuation conviction"",
    ""Higher low detected suggests potential micro reversal setup"",
    ""Reversal risk score 45 indicates moderate reversal probability"",
    ""Entry near support historically reduces short expectancy without strong bearish momentum""
  ],
  ""bull_score"": 3,
  ""bear_score"": 7
}
```",59571.67,59653.93,MAKER,TAKER,0.03359,30.67,262.813,-2.74,-2.76,0.0,0.0,-0.02,-0.02,-13.72,648.098014,THESIS_INVALIDATED,-0.253115,3.026552,0.000151,0.037082,False,True,"{'velocity': 0.00015117919774239064, 'volume': 0.22858369, 'volume_ratio': 3.0265523661146965, 'delta': -0.2531147899999997, 'imbalance': 0.03708237856610454, 'delta_change': 0.22858368999999978}",2.4,"{'early_fail_enabled': True, 'invert_signal': False, 'ai_enabled': True, 'edge_threshold': 3.0, 'edge_threshold_max': None, 'edge_range_preset': 'min_only', 'ai_threshold': 44.0, 'leverage': 100, 'pullback_threshold': 0.001}","{'ema9': 59501.46899780131, 'ema21': 59597.02107407334, 'ema200': 61246.9573102057, 'ema_spread': -0.001603, 'ema9_slope_pct': 0.0635, 'ema21_slope_pct': -0.0254, 'ema9_above_ema21': False, 'ema21_above_ema200': False}",WEAK_SETUP,2.4,2.4,False,True,INV_False_EF_True,SHORT,10,6,SCENARIO_C_RUNNER_10_v3,40.0,10.0,-12.0,2.0,8.0,300,1,2,-32.0,False,False,True,False,480,3,5.0,False,5,0.75,"[[10, 6], [20, 10], [30, 20], [40, 28], [60, 45], [80, 60], [100, 75], [150, 120]]","{""trail_ladder"": [[10, 6], [20, 10], [30, 20], [40, 28], [60, 45], [80, 60], [100, 75], [150, 120]], ""ladder_first_trigger_pct"": 10, ""ladder_first_lock_pct"": 6, ""exit_profile_id"": ""SCENARIO_C_RUNNER_10_v3"", ""peak_never_loser_min_peak"": 40.0, ""peak_never_loser_floor"": 10.0, ""thesis_fast_exit_unreal_pct"": -12.0, ""thesis_mfe_protect_pct"": 2.0, ""thesis_exit_if_above_unreal_pct"": 8.0, ""thesis_min_age_sec"": 300, ""thesis_score_flip_margin"": 1, ""thesis_early_decay_delta"": 2, ""early_fail_pct_threshold"": -32.0, ""type_a_first_candle_enabled"": false, ""type_a_early_fail_enabled"": false, ""scenario_c_exit_profile"": true, ""type_a_stall_enabled"": false, ""type_a_stall_min_age_sec"": 480, ""type_a_stall_min_candles"": 3, ""type_a_stall_max_mfe_pct"": 5.0, ""trend_weakening_enabled"": false, ""spread_penalty_threshold"": 5, ""spread_penalty_margin_mult"": 0.75}",2026-06-25T21:16:01.264422+00:00,2026-06-26 07:16:01 AEST,2026-06-26 07:16:01 AEST
2026-06-25T21:16:01.363443+00:00,c604c-ba5d3dcba39e,SHORT,59576.43,59653.93,10.752376,-12.92,20.0,4,-2.58,-2.6,0.0,0.0,-0.02,-0.02,THESIS_INVALIDATED,100,0.43,62,44.0,True,SIM_LIMIT,AI_DIRECT_LIMIT,,,,,0,BEAR,SR,60-70,SPAWN,0,0,MIXED,BEAR_ALIGNED,18.69,-2,3,7,0.03856,bitfinex,tBTCF0:USTF0,v11.0-genome-architecture-v1,BITFINEX_ZERO,v11.0-genome-architecture-v1,COMBO_604_SP4_CHASE_3PLUS,AI60-65 · Spread4 · Chase 3+,APPROVE,59541.0,0.04272,0.022319,FREE_RANGE,-0.000839,0.806492,212.2,10.752384,-16.545134,7.457647,254.949,254.949,254.949,0-5m,AI_DIRECT,AI_DIRECT_CHASE,4,,35.43,0.0,0.0648,0.0648,False,0.0,0.0,-0.016978,0.0,0.08226,3.026552,-0.738927,0.0,0.11837,59541.0,59501.468998,59597.021074,61246.95731,-0.001603,FREE_RANGE,SHORT_PREFERRED,0.04272,0.022319,BEAR,3.0,44.0,0.0,100,2.4,True,True,APPROVE,62,"```json
{
  ""direction"": ""SHORT"",
  ""confidence"": 62,
  ""long_score"": 25,
  ""short_score"": 72,
  ""preferred_direction"": ""SHORT"",
  ""entry_zone_low"": 59600,
  ""entry_zone_high"": 59800,
  ""limit_price"": 59700,
  ""expected_mfe"": 350,
  ""expected_mae"": 200,
  ""reversal_probability"": 30,
  ""exit_style"": ""AGGRESSIVE"",
  ""reasons_for_trade"": [
    ""BEAR_ALIGNED multi-timeframe agreement (15m, 1h, 4h all bearish)"",
    ""Bearish EMA stack (price below EMA9, EMA21, EMA200; EMA9 below EMA21)"",
    ""Trend health BEAR with bear_score 6 vs bull_score 3"",
    ""ADX 18.69 below 25 but structure bias is BEARISH and trend intact"",
    ""Price near micro resistance (59776) with short bias from SR context"",
    ""Funding positive (0.037% per 8h) favoring shorts"",
    ""Volume ratio elevated (4.44) suggesting bearish participation"",
    ""Negative delta (-2.37) confirms selling pressure""
  ],
  ""reasons_against_trade"": [
    ""Price near micro support (59212) increases bounce risk for short entries"",
    ""ADX below 25 indicates non-trending conditions, reducing continuation conviction"",
    ""Higher low detected suggests potential micro reversal setup"",
    ""Reversal risk score 45 indicates moderate reversal probability"",
    ""Entry near support historically reduces short expectancy without strong bearish momentum""
  ],
  ""bull_score"": 3,
  ""bear_score"": 7
}
```",59576.43,59653.93,MAKER,TAKER,0.03359,35.43,254.949,-2.58,-2.6,0.0,0.0,-0.02,-0.02,-12.92,645.143123,THESIS_INVALIDATED,-0.738927,3.026552,0.0,0.11837,False,True,"{'price': 59541.0, 'ret_1m': 0.00015117919774239064, 'ret_5m': 0.0004032461313574273, 'ema9': 59501.46899780131, 'ema21': 59597.02107407334, 'ema200': 61246.9573102057, 'dist_to_support': 0.022318650453268748, 'dist_to_resistance': 0.042719948870612375, 'volume': 0.08226, 'volume_ratio': 3.0265523661146965, 'delta': -0.7389268359999994, 'velocity': 1.1203541992521387e-08, 'imbalance': 0.11836956246345982, 'candle_range': 212.2, 'body_ratio': 0.5221979672565741, 'wick_ratio': 0.4778020327434259}",2.4,"{'early_fail_enabled': True, 'invert_signal': False, 'ai_enabled': True, 'edge_threshold': 3.0, 'edge_threshold_max': None, 'edge_range_preset': 'min_only', 'ai_threshold': 44.0, 'leverage': 100, 'pullback_threshold': 0.001}","{'ema9': 59501.46899780131, 'ema21': 59597.02107407334, 'ema200': 61246.9573102057, 'ema_spread': -0.001603, 'ema9_slope_pct': 0.0635, 'ema21_slope_pct': -0.0254, 'ema9_above_ema21': False, 'ema21_above_ema200': False}",WEAK_SETUP,2.4,2.4,False,True,INV_False_EF_True,SHORT,10,6,SCENARIO_C_RUNNER_10_v3,40.0,10.0,-12.0,2.0,8.0,300,1,2,-32.0,False,False,True,False,480,3,5.0,False,5,0.75,"[[10, 6], [20, 10], [30, 20], [40, 28], [60, 45], [80, 60], [100, 75], [150, 120]]","{""trail_ladder"": [[10, 6], [20, 10], [30, 20], [40, 28], [60, 45], [80, 60], [100, 75], [150, 120]], ""ladder_first_trigger_pct"": 10, ""ladder_first_lock_pct"": 6, ""exit_profile_id"": ""SCENARIO_C_RUNNER_10_v3"", ""peak_never_loser_min_peak"": 40.0, ""peak_never_loser_floor"": 10.0, ""thesis_fast_exit_unreal_pct"": -12.0, ""thesis_mfe_protect_pct"": 2.0, ""thesis_exit_if_above_unreal_pct"": 8.0, ""thesis_min_age_sec"": 300, ""thesis_score_flip_margin"": 1, ""thesis_early_decay_delta"": 2, ""early_fail_pct_threshold"": -32.0, ""type_a_first_candle_enabled"": false, ""type_a_early_fail_enabled"": false, ""scenario_c_exit_profile"": true, ""type_a_stall_enabled"": false, ""type_a_stall_min_age_sec"": 480, ""type_a_stall_min_candles"": 3, ""type_a_stall_max_mfe_pct"": 5.0, ""trend_weakening_enabled"": false, ""spread_penalty_threshold"": 5, ""spread_penalty_margin_mult"": 0.75}",2026-06-25T21:16:01.363443+00:00,2026-06-26 07:16:01 AEST,2026-06-26 07:16:01 AEST
2026-06-25T21:23:40.898125+00:00,c604c-817af37ad1e7,SHORT,59654.62,59650.0,5.010318,0.82,20.0,4,0.16,0.15,0.0,0.0,-0.01,-0.01,THESIS_INVALIDATED,100,0.03,62,44.0,True,SIM_LIMIT,AI_DIRECT_LIMIT,,,,,0,BEAR,SR,60-70,SPAWN,0,0,MIXED,BEAR_ALIGNED,17.71,-2,3,7,0.03935,bitfinex,tBTCF0:USTF0,v11.0-genome-architecture-v1,BITFINEX_ZERO,v11.0-genome-architecture-v1,COMBO_604_SP4_CHASE_3PLUS,AI60-65 · Spread4 · Chase 3+,APPROVE,59654.0,0.03973,0.025122,FREE_RANGE,-0.000797,0.845653,192.9,5.010318,-1.832213,8.653144,249.435,249.435,249.435,0-5m,AI_DIRECT,AI_DIRECT_CHASE,5,,0.62,0.0,0.0,0.0,False,0.0,0.0,-0.008161,0.000106,0.000576,0.052079,0.985327,0.0,0.120809,59638.0,59536.055198,59604.630728,61228.891699,-0.001151,FREE_RANGE,SHORT_PREFERRED,0.03973,0.025122,BEAR,3.0,44.0,0.0,100,1.4,True,True,APPROVE,62,"```json
{
  ""direction"": ""SHORT"",
  ""confidence"": 62,
  ""long_score"": 28,
  ""short_score"": 72,
  ""preferred_direction"": ""SHORT"",
  ""entry_zone_low"": 59700,
  ""entry_zone_high"": 59850,
  ""limit_price"": 59775,
  ""expected_mfe"": 180,
  ""expected_mae"": 120,
  ""reversal_probability"": 71,
  ""exit_style"": ""AGGRESSIVE"",
  ""reasons_for_trade"": [
    ""MTF agreement is BEAR_ALIGNED (15m ranging, 1h/4h bearish)"",
    ""EMA stack is bearish (ema9 below ema21, both below ema200)"",
    ""Trend health state is BEAR with bear_score 6 vs bull_score 3"",
    ""Market structure shows LH/LL sequence active, last swing high at 59776"",
    ""Price near micro resistance (59776) with only 0.25% distance"",
    ""Funding positive (0.038% per 8h) favors shorts"",
    ""ADX at 17.71 is below 25, but trend is intact with bear alignment""
  ],
  ""reasons_against_trade"": [
    ""Reversal risk score is high (71/100) indicating potential bounce"",
    ""Higher low detected recently suggests some buying pressure"",
    ""Volume ratio very low (0.023) indicating low conviction"",
    ""Price is closer to support (2.5%) than resistance (3.97%)"",
    ""Market regime is RANGE, not trending strongly""
  ],
  ""bull_score"": 3,
  ""bear_score"": 7
}
```",59654.62,59650.0,MAKER,TAKER,0.033527,0.62,249.435,0.16,0.15,0.0,0.0,-0.01,-0.01,0.82,300.619155,THESIS_INVALIDATED,0.985327,0.052079,0.000106,0.120809,False,True,"{'price': 59638.0, 'ret_1m': 0.0, 'ret_5m': 0.00033546915361132545, 'ema9': 59536.05519824105, 'ema21': 59604.63072849097, 'ema200': 61228.891699299005, 'dist_to_support': 0.02512242570604414, 'dist_to_resistance': 0.03972965720802308, 'volume': 0.000575737, 'volume_ratio': 0.052079391031930954, 'delta': 0.9853268529999994, 'velocity': 0.00010570667900550356, 'imbalance': 0.12080943918506373, 'candle_range': 192.9, 'body_ratio': 0.5223434448024312, 'wick_ratio': 0.4776565551975688}",1.4,"{'early_fail_enabled': True, 'invert_signal': False, 'ai_enabled': True, 'edge_threshold': 3.0, 'edge_threshold_max': None, 'edge_range_preset': 'min_only', 'ai_threshold': 44.0, 'leverage': 100, 'pullback_threshold': 0.001}","{'ema9': 59536.05519824105, 'ema21': 59604.63072849097, 'ema200': 61228.891699299005, 'ema_spread': -0.001151, 'ema9_slope_pct': 0.0455, 'ema21_slope_pct': -0.0245, 'ema9_above_ema21': False, 'ema21_above_ema200': False}",MOMENTUM_LONG,1.4,1.4,False,True,INV_False_EF_True,SHORT,10,6,SCENARIO_C_RUNNER_10_v3,40.0,10.0,-12.0,2.0,8.0,300,1,2,-32.0,False,False,True,False,480,3,5.0,False,5,0.75,"[[10, 6], [20, 10], [30, 20], [40, 28], [60, 45], [80, 60], [100, 75], [150, 120]]","{""trail_ladder"": [[10, 6], [20, 10], [30, 20], [40, 28], [60, 45], [80, 60], [100, 75], [150, 120]], ""ladder_first_trigger_pct"": 10, ""ladder_first_lock_pct"": 6, ""exit_profile_id"": ""SCENARIO_C_RUNNER_10_v3"", ""peak_never_loser_min_peak"": 40.0, ""peak_never_loser_floor"": 10.0, ""thesis_fast_exit_unreal_pct"": -12.0, ""thesis_mfe_protect_pct"": 2.0, ""thesis_exit_if_above_unreal_pct"": 8.0, ""thesis_min_age_sec"": 300, ""thesis_score_flip_margin"": 1, ""thesis_early_decay_delta"": 2, ""early_fail_pct_threshold"": -32.0, ""type_a_first_candle_enabled"": false, ""type_a_early_fail_enabled"": false, ""scenario_c_exit_profile"": true, ""type_a_stall_enabled"": false, ""type_a_stall_min_age_sec"": 480, ""type_a_stall_min_candles"": 3, ""type_a_stall_max_mfe_pct"": 5.0, ""trend_weakening_enabled"": false, ""spread_penalty_threshold"": 5, ""spread_penalty_margin_mult"": 0.75}",2026-06-25T21:23:40.898125+00:00,2026-06-26 07:23:40 AEST,2026-06-26 07:23:40 AEST
2026-06-25T21:25:42.930726+00:00,cont-39797d710999,SHORT,59538.71,59693.82,25.014451,-25.85,20.0,3,-5.17,-5.21,0.0,0.0,-0.04,-0.04,STOP_LOSS,100,0.87,62,44.0,True,SIM_LIMIT,AI_DIRECT_LIMIT,,,,,0,BEAR,SR,60-70,SPAWN,0,0,MIXED,BEAR_ALIGNED,18.69,-2,3,6,0.03961,bitfinex,tBTCF0:USTF0,v11.0-genome-architecture-v1,BITFINEX_ZERO,v11.0-genome-architecture-v1,CONTINUOUS,Continuous AI Research,APPROVE,59451.0,0.043123,0.02194,FREE_RANGE,-0.000782,1.0,212.2,25.014452,-31.456845,7.005526,170.811,170.811,170.811,0-5m,AI_DIRECT,AI_DIRECT_CHASE,3,,87.71,0.0,0.1958,0.1958,False,0.0,0.0,-0.03984,6.6e-05,0.095547,5.275412,-2.587914,0.0,0.628477,59451.0,59497.868998,59595.38471,61246.778206,-0.001636,FREE_RANGE,SHORT_PREFERRED,0.043123,0.02194,BEAR,3.0,44.0,0.0,100,2.4,True,True,APPROVE,62,"```json
{
  ""direction"": ""SHORT"",
  ""confidence"": 62,
  ""long_score"": 28,
  ""short_score"": 72,
  ""preferred_direction"": ""SHORT"",
  ""entry_zone_low"": 59550,
  ""entry_zone_high"": 59776,
  ""limit_price"": 59663,
  ""expected_mfe"": 0.0085,
  ""expected_mae"": 0.004,
  ""reversal_probability"": 63,
  ""exit_style"": ""AGGRESSIVE"",
  ""reasons_for_trade"": [
    ""MTF agreement is BEAR_ALIGNED across 15m/1h/4h"",
    ""EMA stack is bearish (price below all EMAs, EMA9 below EMA21, EMA21 below EMA200)"",
    ""Trend health state is BEAR with bear_score 6 vs bull_score 3"",
    ""ADX at 18.69 is below 25 but trend strength score is -2, favoring bearish continuation"",
    ""Funding rate positive (0.036% per 8h) favors shorts as longs pay"",
    ""Micro structure shows LEAN_BEAR bias with price near micro resistance (59776)"",
    ""Orderflow delta is negative (-1.58) indicating selling pressure"",
    ""Regime is BEAR and compression regime often resolves in trend direction""
  ],
  ""reasons_against_trade"": [
    ""Reversal risk score is 63 (moderate reversal probability)"",
    ""Higher low detected suggests potential micro support forming"",
    ""Price is relatively close to micro support (0.37% away) increasing bounce risk"",
    ""ADX below 25 suggests non-trending/compression conditions"",
    ""Volume ratio is very low (0.02) indicating low participation""
  ],
  ""bull_score"": 3,
  ""bear_score"": 6
}
```

Direction: SHORT
Win probability: 62%
Long score: 28
Short score: 72
Bull score: 3
Bear score: 6
Decision: APPROVE
Reason: Bearish alignment across all trend hierarchy layers (MTF, EMA stack, trend health) with negative delta and positive funding favoring shorts. Price near micro resistance (59776) provides a logical entry zone for continuation. The reversal risk is moderate (63) but insufficient to override the strong bearish consensus. Entry is planned on a pullback to the micro resistance zone (59550-59776) to improve risk/reward. Exit style AGGRESSIVE due to compression regime and low ADX suggesting limited immediate follow-through.",59538.71,59693.82,MAKER,TAKER,0.033641,87.71,170.811,-5.17,-5.21,0.0,0.0,-0.04,-0.04,-25.85,1500.867206,STOP_LOSS,-2.587914,5.275412,6.6e-05,0.628477,False,True,"{'price': 59451.0, 'ret_1m': 0.0, 'ret_5m': 0.0006227488470730804, 'ema9': 59497.86899780131, 'ema21': 59595.38471043697, 'ema200': 61246.778205728086, 'dist_to_support': 0.021940303529966013, 'dist_to_resistance': 0.04312346468351449, 'volume': 0.09554687099999999, 'volume_ratio': 5.27541222720531, 'delta': -2.5879139849999993, 'velocity': 6.567987765977521e-05, 'imbalance': 0.6284770790047158, 'candle_range': 212.2, 'body_ratio': 0.5221979672565741, 'wick_ratio': 0.4778020327434259}",2.4,"{'early_fail_enabled': True, 'invert_signal': False, 'ai_enabled': True, 'edge_threshold': 3.0, 'edge_threshold_max': None, 'edge_range_preset': 'min_only', 'ai_threshold': 44.0, 'leverage': 100, 'pullback_threshold': 0.001}","{'ema9': 59497.86899780131, 'ema21': 59595.38471043697, 'ema200': 61246.778205728086, 'ema_spread': -0.001636, 'ema9_slope_pct': 0.0574, 'ema21_slope_pct': -0.0282, 'ema9_above_ema21': False, 'ema21_above_ema200': False}",WEAK_SETUP,2.4,2.4,False,True,INV_False_EF_True,SHORT,10,6,SCENARIO_C_RUNNER_10_v3,40.0,10.0,-12.0,2.0,8.0,300,1,2,-32.0,False,False,True,False,480,3,5.0,False,5,0.75,"[[10, 6], [20, 10], [30, 20], [40, 28], [60, 45], [80, 60], [100, 75], [150, 120]]","{""trail_ladder"": [[10, 6], [20, 10], [30, 20], [40, 28], [60, 45], [80, 60], [100, 75], [150, 120]], ""ladder_first_trigger_pct"": 10, ""ladder_first_lock_pct"": 6, ""exit_profile_id"": ""SCENARIO_C_RUNNER_10_v3"", ""peak_never_loser_min_peak"": 40.0, ""peak_never_loser_floor"": 10.0, ""thesis_fast_exit_unreal_pct"": -12.0, ""thesis_mfe_protect_pct"": 2.0, ""thesis_exit_if_above_unreal_pct"": 8.0, ""thesis_min_age_sec"": 300, ""thesis_score_flip_margin"": 1, ""thesis_early_decay_delta"": 2, ""early_fail_pct_threshold"": -32.0, ""type_a_first_candle_enabled"": false, ""type_a_early_fail_enabled"": false, ""scenario_c_exit_profile"": true, ""type_a_stall_enabled"": false, ""type_a_stall_min_age_sec"": 480, ""type_a_stall_min_candles"": 3, ""type_a_stall_max_mfe_pct"": 5.0, ""trend_weakening_enabled"": false, ""spread_penalty_threshold"": 5, ""spread_penalty_margin_mult"": 0.75}",2026-06-25T21:25:42.930726+00:00,2026-06-26 07:25:42 AEST,2026-06-26 07:25:42 AEST
2026-06-25T21:25:58.072587+00:00,cont-f0d969b474f5,SHORT,59652.65,59745.0,7.374052,-15.42,20.0,3,-3.08,-3.1,0.0,0.0,-0.01,-0.01,THESIS_INVALIDATED,100,0.52,62,44.0,True,SIM_LIMIT,AI_DIRECT_LIMIT,,,,,0,BEAR,SR,60-70,SPAWN,0,0,MIXED,BEAR_ALIGNED,17.84,-2,3,6,0.03973,bitfinex,tBTCF0:USTF0,v11.0-genome-architecture-v1,BITFINEX_ZERO,v11.0-genome-architecture-v1,CONTINUOUS,Continuous AI Research,APPROVE,59627.0,0.03973,0.025122,FREE_RANGE,-0.000782,1.0,0.0,7.374053,-15.984202,8.323184,442.568,442.568,442.568,5-15m,AI_DIRECT,AI_DIRECT_CHASE,6,,25.65,0.0,0.0,0.0,False,0.0,0.0,-0.012057,-0.000235,0.000585,0.02336,0.934351,-0.000585,0.115338,59614.0,59530.655198,59602.176183,61228.623043,-0.0012,FREE_RANGE,SHORT_PREFERRED,0.03973,0.025122,BEAR,3.0,44.0,0.0,100,1.4,True,True,APPROVE,62,"```json
{
  ""direction"": ""SHORT"",
  ""confidence"": 62,
  ""long_score"": 25,
  ""short_score"": 72,
  ""preferred_direction"": ""SHORT"",
  ""entry_zone_low"": 59776,
  ""entry_zone_high"": 59900,
  ""limit_price"": 59838,
  ""expected_mfe"": 0.008,
  ""expected_mae"": 0.004,
  ""reversal_probability"": 71,
  ""exit_style"": ""AGGRESSIVE"",
  ""reasons_for_trade"": [
    ""MTF agreement is BEAR_ALIGNED (15m ranging, 1h/4h bearish) - strong bearish context"",
    ""EMA stack is bearish (ema9 below ema21, ema21 below ema200) - bear alignment confirmed"",
    ""Trend health state is BEAR with bear_score 6 vs bull_score 3 - bearish intact"",
    ""ADX at 17.84 is below 25, but trend strength is still negative (trend_score -2) - no strong trend but bearish bias"",
    ""Micro structure shows price near micro resistance (59776) with lower high not detected - resistance rejection likely"",
    ""Funding rate positive (0.03794% per 8h) favors shorts - cost to hold longs"",
    ""Volume ratio very low (0.04) - low participation, continuation of range likely with bearish tilt"",
    ""Edge score is 1.4 (below threshold 3) - no strong edge for counter-trend long""
  ],
  ""reasons_against_trade"": [
    ""Reversal risk score is high (71) - price near micro support (59212) could bounce"",
    ""Higher low detected - micro structure shows some bullish resilience"",
    ""Market structure shift is BULL_CONTINUATION - conflicting signal"",
    ""Price is near support (2.5% away) - short entry near support has reduced expectancy"",
    ""ADX below 25 - market not strongly trending, range behavior may dominate""
  ],
  ""bull_score"": 3,
  ""bear_score"": 6
}
```",59652.65,59745.0,MAKER,TAKER,0.033542,25.65,442.568,-3.08,-3.1,0.0,0.0,-0.01,-0.01,-15.42,442.443196,THESIS_INVALIDATED,0.934351,0.02336,-0.000235,0.115338,False,True,"{'velocity': -0.00023478902529013216, 'volume': 0.00058539, 'volume_ratio': 0.023360081123038445, 'delta': 0.9343510599999991, 'imbalance': 0.1153382611651864, 'delta_change': -0.0005853899999999079}",1.4,"{'early_fail_enabled': True, 'invert_signal': False, 'ai_enabled': True, 'edge_threshold': 3.0, 'edge_threshold_max': None, 'edge_range_preset': 'min_only', 'ai_threshold': 44.0, 'leverage': 100, 'pullback_threshold': 0.001}","{'ema9': 59530.655198241046, 'ema21': 59602.17618303643, 'ema200': 61228.623042582585, 'ema_spread': -0.0012, 'ema9_slope_pct': 0.0364, 'ema21_slope_pct': -0.0286, 'ema9_above_ema21': False, 'ema21_above_ema200': False}",WEAK_SETUP,1.4,1.4,False,True,INV_False_EF_True,SHORT,10,6,SCENARIO_C_RUNNER_10_v3,40.0,10.0,-12.0,2.0,8.0,300,1,2,-32.0,False,False,True,False,480,3,5.0,False,5,0.75,"[[10, 6], [20, 10], [30, 20], [40, 28], [60, 45], [80, 60], [100, 75], [150, 120]]","{""trail_ladder"": [[10, 6], [20, 10], [30, 20], [40, 28], [60, 45], [80, 60], [100, 75], [150, 120]], ""ladder_first_trigger_pct"": 10, ""ladder_first_lock_pct"": 6, ""exit_profile_id"": ""SCENARIO_C_RUNNER_10_v3"", ""peak_never_loser_min_peak"": 40.0, ""peak_never_loser_floor"": 10.0, ""thesis_fast_exit_unreal_pct"": -12.0, ""thesis_mfe_protect_pct"": 2.0, ""thesis_exit_if_above_unreal_pct"": 8.0, ""thesis_min_age_sec"": 300, ""thesis_score_flip_margin"": 1, ""thesis_early_decay_delta"": 2, ""early_fail_pct_threshold"": -32.0, ""type_a_first_candle_enabled"": false, ""type_a_early_fail_enabled"": false, ""scenario_c_exit_profile"": true, ""type_a_stall_enabled"": false, ""type_a_stall_min_age_sec"": 480, ""type_a_stall_min_candles"": 3, ""type_a_stall_max_mfe_pct"": 5.0, ""trend_weakening_enabled"": false, ""spread_penalty_threshold"": 5, ""spread_penalty_margin_mult"": 0.75}",2026-06-25T21:25:58.072587+00:00,2026-06-26 07:25:58 AEST,2026-06-26 07:25:58 AEST
2026-06-26T01:01:12.538269+00:00,cont-9fd3b78a39f6,SHORT,59816.51,59766.0,7.123335,8.46,20.0,2,1.69,1.69,0.0,0.0,-0.0,-0.0,PROFIT_LOCK_LADDER,100,0.28,62,44.0,True,SIM_LIMIT,AI_DIRECT_LIMIT,,,,,0,BEAR,SR,60-70,SPAWN,3,3,BULLISH_STRUCTURE,BEAR_ALIGNED,17.1,1,4,6,0.00791,bitfinex,tBTCF0:USTF0,v11.0-genome-architecture-v1,BITFINEX_ZERO,v11.0-genome-architecture-v1,CONTINUOUS,Continuous AI Research,APPROVE,59816.0,0.036462,0.028186,FREE_RANGE,6.9e-05,0.769321,53.2,7.123337,0.0,26.833729,373.882,373.882,373.882,5-15m,AI_DIRECT,AI_DIRECT_CHASE,7,,0.51,0.0,0.0,0.0,False,0.0,0.0,-0.002349,0.0,0.00325,1.399678,0.619705,0.0,0.011952,59816.0,59859.805339,59827.935826,61034.583409,0.000533,FREE_RANGE,SHORT_PREFERRED,0.036462,0.028186,BEAR,3.0,44.0,0.0,100,2.1,True,True,APPROVE,62,"```json
{
  ""direction"": ""SHORT"",
  ""confidence"": 62,
  ""long_score"": 35,
  ""short_score"": 65,
  ""preferred_direction"": ""SHORT"",
  ""entry_zone_low"": 59950,
  ""entry_zone_high"": 60200,
  ""limit_price"": 60075,
  ""expected_mfe"": 180,
  ""expected_mae"": 120,
  ""reversal_probability"": 33,
  ""exit_style"": ""AGGRESSIVE"",
  ""reasons_for_trade"": [
    ""MTF agreement is BEAR_ALIGNED (15m ranging, 1h/4h bearish) - higher timeframe bearish pressure"",
    ""Market structure bias is BEARISH with LH/LL sequence inactive but structure_score=3 and regime=BEAR"",
    ""EMA stack is bearish: price below EMA200 (-2%), EMA21 below EMA200, no bull stack"",
    ""ADX=17.1 below 25, but trend_strength score=1 indicates weak trend - not strong enough for reversal"",
    ""Funding positive (0.00791% per 8h) favors shorts, longs paying - consistent with bearish sentiment"",
    ""Price near micro resistance (60227) with distance_to_micro_resistance=0.7% - short entry zone above current price"",
    ""Volume ratio very low (0.116) - lack of buying conviction to break resistance"",
    ""Edge_score=2.1 below threshold=3 - no strong edge for long, neutral for short""
  ],
  ""reasons_against_trade"": [
    ""Trend health state is BULL (bull_score=7, bear_score=5) - short-term bullish micro structure"",
    ""Higher low detected and micro structure bias LEAN_BULL - potential for continuation upward"",
    ""Price near micro support (59767) with distance 0.065% - bounce risk if short from current level"",
    ""Reversal risk score=33 - moderate risk of reversal against short"",
    ""Candle body ratio > wick ratio (0.557 vs 0.443) - slight buying pressure in recent candle"",
    ""Delta positive (0.62) - aggressive buying in recent orderflow""
  ],
  ""bull_score"": 4,
  ""bear_score"": 6
}
```

Direction: SHORT
Win probability: 62
Long score: 35
Short score: 65
Bull score: 4
Bear score: 6
Decision: APPROVE
Reason: Higher timeframe bearish alignment (BEAR_ALIGNED) and bearish EMA stack dominate the short-term bullish micro structure. Price near micro resistance with low volume suggests limited upside. Short entry above current price (pullback to resistance zone) aligns with continuation bias. The bull case lacks conviction due to weak volume and proximity to resistance.",59816.51,59766.0,MAKER,TAKER,0.033436,0.51,373.882,1.69,1.69,0.0,0.0,-0.0,-0.0,8.46,427.400279,PROFIT_LOCK_LADDER,0.619705,1.399678,0.0,0.011952,False,True,"{'price': 59816.0, 'ret_1m': 0.0, 'ret_5m': 0.00038466041175388424, 'ema9': 59859.80533869988, 'ema21': 59827.93582640102, 'ema200': 61034.58340917976, 'dist_to_support': 0.028186438411127456, 'dist_to_resistance': 0.03646181623645847, 'volume': 0.003250177, 'volume_ratio': 1.399678410110279, 'delta': 0.6197046540002511, 'velocity': 1.9288798282327294e-09, 'imbalance': 0.011951741563341707, 'candle_range': 53.2, 'body_ratio': 0.5567040015414508, 'wick_ratio': 0.44329599845854917}",2.1,"{'early_fail_enabled': True, 'invert_signal': False, 'ai_enabled': True, 'edge_threshold': 3.0, 'edge_threshold_max': None, 'edge_range_preset': 'min_only', 'ai_threshold': 44.0, 'leverage': 100, 'pullback_threshold': 0.001}","{'ema9': 59859.80533869988, 'ema21': 59827.93582640102, 'ema200': 61034.58340917976, 'ema_spread': 0.000533, 'ema9_slope_pct': -0.0887, 'ema21_slope_pct': -0.0128, 'ema9_above_ema21': True, 'ema21_above_ema200': False}",MOMENTUM_LONG,2.1,2.1,False,True,INV_False_EF_True,SHORT,10,6,SCENARIO_C_RUNNER_10_v3,40.0,10.0,-12.0,2.0,8.0,300,1,2,-32.0,False,False,True,False,480,3,5.0,False,5,0.75,"[[10, 6], [20, 10], [30, 20], [40, 28], [60, 45], [80, 60], [100, 75], [150, 120]]","{""trail_ladder"": [[10, 6], [20, 10], [30, 20], [40, 28], [60, 45], [80, 60], [100, 75], [150, 120]], ""ladder_first_trigger_pct"": 10, ""ladder_first_lock_pct"": 6, ""exit_profile_id"": ""SCENARIO_C_RUNNER_10_v3"", ""peak_never_loser_min_peak"": 40.0, ""peak_never_loser_floor"": 10.0, ""thesis_fast_exit_unreal_pct"": -12.0, ""thesis_mfe_protect_pct"": 2.0, ""thesis_exit_if_above_unreal_pct"": 8.0, ""thesis_min_age_sec"": 300, ""thesis_score_flip_margin"": 1, ""thesis_early_decay_delta"": 2, ""early_fail_pct_threshold"": -32.0, ""type_a_first_candle_enabled"": false, ""type_a_early_fail_enabled"": false, ""scenario_c_exit_profile"": true, ""type_a_stall_enabled"": false, ""type_a_stall_min_age_sec"": 480, ""type_a_stall_min_candles"": 3, ""type_a_stall_max_mfe_pct"": 5.0, ""trend_weakening_enabled"": false, ""spread_penalty_threshold"": 5, ""spread_penalty_margin_mult"": 0.75}",2026-06-26T01:01:12.538269+00:00,2026-06-26 11:01:12 AEST,2026-06-26 11:01:12 AEST
2026-06-26T02:30:17.220391+00:00,cont-9176428d1aaf,SHORT,58855.75,58946.0,1.12253,-15.33,20.0,4,-3.07,-3.07,0.0,0.0,-0.0,-0.0,THESIS_FAST_CUT,100,0.51,62,44.0,True,SIM_LIMIT,AI_DIRECT_LIMIT,,,,,0,BEAR,SR,60-70,SPAWN,3,3,BULLISH_STRUCTURE,BEAR_ALIGNED,20.55,1,3,7,0.00791,bitfinex,tBTCF0:USTF0,v11.0-genome-architecture-v1,BITFINEX_ZERO,v11.0-genome-architecture-v1,CONTINUOUS,Continuous AI Research,APPROVE,58738.0,0.054963,0.010839,NEAR_SUPPORT,-0.003895,0.0,0.0,1.122532,-15.334101,0.0,86.6,86.6,86.6,0-5m,AI_DIRECT,AI_DIRECT_CHASE,1,,117.75,0.0,0.0,0.0,False,0.0,0.0,-0.000371,0.0,0.001,0.035331,-24.486932,0.001,0.830722,58738.0,59258.29338,59515.387499,60936.24485,-0.00432,NEAR_SUPPORT,SHORT_PREFERRED,0.054963,0.010839,BEAR,3.0,44.0,0.0,100,4.6,True,True,APPROVE,62,"```json
{
  ""direction"": ""SHORT"",
  ""confidence"": 62,
  ""long_score"": 30,
  ""short_score"": 70,
  ""preferred_direction"": ""SHORT"",
  ""entry_zone_low"": 58800,
  ""entry_zone_high"": 59000,
  ""limit_price"": 58900,
  ""expected_mfe"": 400,
  ""expected_mae"": 250,
  ""reversal_probability"": 46,
  ""exit_style"": ""AGGRESSIVE"",
  ""reasons_for_trade"": [
    ""MTF agreement is BEAR_ALIGNED across 15m/1h/4h, strongly favoring bearish continuation"",
    ""EMA stack is bearish (price below all EMAs, EMA9 below EMA21, EMA21 below EMA200)"",
    ""Trend health shows bearish velocity and negative delta (-24.44), supporting downside momentum"",
    ""Price is near support (1.08% above recent low) but SR is context only; no reversal confirmation present"",
    ""Market regime tracker shows recent trending phase ended, now in compression - potential for breakdown"",
    ""Edge score (4.6) above threshold (3.0) indicates favorable risk/reward for continuation""
  ],
  ""reasons_against_trade"": [
    ""Trend health state shows BULL with bull_score=6 and bear_score=6, indicating some bullish resilience"",
    ""Micro structure shows higher_low detected and BULL_CONTINUATION shift, suggesting possible support holding"",
    ""Reversal risk score is 46, indicating moderate probability of bounce from current support zone"",
    ""ADX at 20.55 is below 25, meaning trend strength is not strong - mean reversion risk is elevated"",
    ""Volume ratio is very low (0.016), suggesting lack of conviction in current move""
  ],
  ""bull_score"": 3,
  ""bear_score"": 7
}
```",58855.75,58946.0,MAKER,TAKER,0.03405,117.75,86.6,-3.07,-3.07,0.0,0.0,-0.0,-0.0,-15.33,67.351959,THESIS_FAST_CUT,-24.486932,0.035331,0.0,0.830722,False,True,"{'velocity': 0.0, 'volume': 0.001, 'volume_ratio': 0.035330741244038934, 'delta': -24.48693225000017, 'imbalance': 0.8307216352051483, 'delta_change': 0.0010000000000012221}",4.6,"{'early_fail_enabled': True, 'invert_signal': False, 'ai_enabled': True, 'edge_threshold': 3.0, 'edge_threshold_max': None, 'edge_range_preset': 'min_only', 'ai_threshold': 44.0, 'leverage': 100, 'pullback_threshold': 0.001}","{'ema9': 59258.293380308154, 'ema21': 59515.387498944685, 'ema200': 60936.244850360585, 'ema_spread': -0.00432, 'ema9_slope_pct': -0.614, 'ema21_slope_pct': -0.3377, 'ema9_above_ema21': False, 'ema21_above_ema200': False}",WEAK_SETUP,4.6,4.6,False,True,INV_False_EF_True,SHORT,10,6,SCENARIO_C_RUNNER_10_v3,40.0,10.0,-12.0,2.0,8.0,300,1,2,-32.0,False,False,True,False,480,3,5.0,False,5,0.75,"[[10, 6], [20, 10], [30, 20], [40, 28], [60, 45], [80, 60], [100, 75], [150, 120]]","{""trail_ladder"": [[10, 6], [20, 10], [30, 20], [40, 28], [60, 45], [80, 60], [100, 75], [150, 120]], ""ladder_first_trigger_pct"": 10, ""ladder_first_lock_pct"": 6, ""exit_profile_id"": ""SCENARIO_C_RUNNER_10_v3"", ""peak_never_loser_min_peak"": 40.0, ""peak_never_loser_floor"": 10.0, ""thesis_fast_exit_unreal_pct"": -12.0, ""thesis_mfe_protect_pct"": 2.0, ""thesis_exit_if_above_unreal_pct"": 8.0, ""thesis_min_age_sec"": 300, ""thesis_score_flip_margin"": 1, ""thesis_early_decay_delta"": 2, ""early_fail_pct_threshold"": -32.0, ""type_a_first_candle_enabled"": false, ""type_a_early_fail_enabled"": false, ""scenario_c_exit_profile"": true, ""type_a_stall_enabled"": false, ""type_a_stall_min_age_sec"": 480, ""type_a_stall_min_candles"": 3, ""type_a_stall_max_mfe_pct"": 5.0, ""trend_weakening_enabled"": false, ""spread_penalty_threshold"": 5, ""spread_penalty_margin_mult"": 0.75}",2026-06-26T02:30:17.220391+00:00,2026-06-26 12:30:17 AEST,2026-06-26 12:30:17 AEST
2026-06-26T02:30:19.447856+00:00,c604c-1b9e23383721,SHORT,58855.5,58946.0,1.129043,-15.37,20.0,4,-3.07,-3.08,0.0,0.0,-0.0,-0.0,THESIS_FAST_CUT,100,0.51,62,44.0,True,SIM_LIMIT,AI_DIRECT_LIMIT,,,,,0,BEAR,SR,60-70,SPAWN,3,3,BULLISH_STRUCTURE,BEAR_ALIGNED,20.55,1,3,7,0.00791,bitfinex,tBTCF0:USTF0,v11.0-genome-architecture-v1,BITFINEX_ZERO,v11.0-genome-architecture-v1,COMBO_604_SP4_CHASE_3PLUS,AI60-65 · Spread4 · Chase 3+,APPROVE,58722.0,0.054963,0.010839,NEAR_SUPPORT,-0.003895,1.0,195.6,1.129044,-15.376643,0.0,83.964,83.964,83.964,0-5m,AI_DIRECT,AI_DIRECT_CHASE,1,,133.5,0.0,0.0,0.0,False,0.0,0.0,-0.000373,-5.6e-05,0.016715,2.331096,-24.506177,0.0,0.830936,58722.0,59258.29338,59515.387499,60936.24485,-0.00432,NEAR_SUPPORT,SHORT_PREFERRED,0.054963,0.010839,BEAR,3.0,44.0,0.0,100,4.6,True,True,APPROVE,62,"```json
{
  ""direction"": ""SHORT"",
  ""confidence"": 62,
  ""long_score"": 30,
  ""short_score"": 70,
  ""preferred_direction"": ""SHORT"",
  ""entry_zone_low"": 58800,
  ""entry_zone_high"": 59000,
  ""limit_price"": 58900,
  ""expected_mfe"": 400,
  ""expected_mae"": 250,
  ""reversal_probability"": 46,
  ""exit_style"": ""AGGRESSIVE"",
  ""reasons_for_trade"": [
    ""MTF agreement is BEAR_ALIGNED across 15m/1h/4h, strongly favoring bearish continuation"",
    ""EMA stack is bearish (price below all EMAs, EMA9 below EMA21, EMA21 below EMA200)"",
    ""Trend health shows bearish velocity and negative delta (-24.44), supporting downside momentum"",
    ""Price is near support (1.08% above recent low) but SR is context only; no reversal confirmation present"",
    ""Market regime tracker shows recent trending phase ended, now in compression - potential for breakdown"",
    ""Edge score (4.6) above threshold (3.0) indicates favorable risk/reward for continuation""
  ],
  ""reasons_against_trade"": [
    ""Trend health state shows BULL with bull_score=6 and bear_score=6, indicating some bullish resilience"",
    ""Micro structure shows higher_low detected and BULL_CONTINUATION shift, suggesting possible support holding"",
    ""Reversal risk score is 46, indicating moderate probability of bounce from current support zone"",
    ""ADX at 20.55 is below 25, meaning trend strength is not strong - mean reversion risk is elevated"",
    ""Volume ratio is very low (0.016), suggesting lack of conviction in current move""
  ],
  ""bull_score"": 3,
  ""bear_score"": 7
}
```",58855.5,58946.0,MAKER,TAKER,0.034059,133.5,83.964,-3.07,-3.08,0.0,0.0,-0.0,-0.0,-15.37,67.742745,THESIS_FAST_CUT,-24.506177,2.331096,-5.6e-05,0.830936,False,True,"{'price': 58722.0, 'ret_1m': 0.0, 'ret_5m': -0.0007997413602409434, 'ema9': 59258.293380308154, 'ema21': 59515.387498944685, 'ema200': 60936.244850360585, 'dist_to_support': 0.01083941667942893, 'dist_to_resistance': 0.054962819269317814, 'volume': 0.016715, 'volume_ratio': 2.3310964204929046, 'delta': -24.506177250000167, 'velocity': -5.6163634221967144e-05, 'imbalance': 0.8309357660580833, 'candle_range': 195.6, 'body_ratio': 0.5683803619791084, 'wick_ratio': 0.43161963802089154}",4.6,"{'early_fail_enabled': True, 'invert_signal': False, 'ai_enabled': True, 'edge_threshold': 3.0, 'edge_threshold_max': None, 'edge_range_preset': 'min_only', 'ai_threshold': 44.0, 'leverage': 100, 'pullback_threshold': 0.001}","{'ema9': 59258.293380308154, 'ema21': 59515.387498944685, 'ema200': 60936.244850360585, 'ema_spread': -0.00432, 'ema9_slope_pct': -0.614, 'ema21_slope_pct': -0.3377, 'ema9_above_ema21': False, 'ema21_above_ema200': False}",MOMENTUM_SHORT,4.6,4.6,False,True,INV_False_EF_True,SHORT,10,6,SCENARIO_C_RUNNER_10_v3,40.0,10.0,-12.0,2.0,8.0,300,1,2,-32.0,False,False,True,False,480,3,5.0,False,5,0.75,"[[10, 6], [20, 10], [30, 20], [40, 28], [60, 45], [80, 60], [100, 75], [150, 120]]","{""trail_ladder"": [[10, 6], [20, 10], [30, 20], [40, 28], [60, 45], [80, 60], [100, 75], [150, 120]], ""ladder_first_trigger_pct"": 10, ""ladder_first_lock_pct"": 6, ""exit_profile_id"": ""SCENARIO_C_RUNNER_10_v3"", ""peak_never_loser_min_peak"": 40.0, ""peak_never_loser_floor"": 10.0, ""thesis_fast_exit_unreal_pct"": -12.0, ""thesis_mfe_protect_pct"": 2.0, ""thesis_exit_if_above_unreal_pct"": 8.0, ""thesis_min_age_sec"": 300, ""thesis_score_flip_margin"": 1, ""thesis_early_decay_delta"": 2, ""early_fail_pct_threshold"": -32.0, ""type_a_first_candle_enabled"": false, ""type_a_early_fail_enabled"": false, ""scenario_c_exit_profile"": true, ""type_a_stall_enabled"": false, ""type_a_stall_min_age_sec"": 480, ""type_a_stall_min_candles"": 3, ""type_a_stall_max_mfe_pct"": 5.0, ""trend_weakening_enabled"": false, ""spread_penalty_threshold"": 5, ""spread_penalty_margin_mult"": 0.75}",2026-06-26T02:30:19.447856+00:00,2026-06-26 12:30:19 AEST,2026-06-26 12:30:19 AEST
2026-06-26T02:41:27.778393+00:00,cont-1d5398c3a691,SHORT,58868.58,58821.0,0.14359,8.08,20.0,4,1.62,1.62,0.0,0.0,-0.0,0.0,PROFIT_LOCK_LADDER,100,0.27,62,44.0,True,SIM_LIMIT,AI_DIRECT_LIMIT,,,,,0,BEAR,SR,60-70,SPAWN,3,3,BULLISH_STRUCTURE,BEAR_ALIGNED,22.02,1,3,7,0.00791,bitfinex,tBTCF0:USTF0,v11.0-genome-architecture-v1,BITFINEX_ZERO,v11.0-genome-architecture-v1,CONTINUOUS,Continuous AI Research,APPROVE,58793.0,0.054658,0.011125,NEAR_SUPPORT,-0.004447,0.30606,192.2,0.143591,0.0,10.290719,203.299,203.299,203.299,0-5m,AI_DIRECT,AI_DIRECT_CHASE,4,,75.58,0.0,0.0,0.0,False,0.0,0.0,-4.7e-05,2.4e-05,0.008591,0.014817,-34.006105,0.0,0.824178,58803.0,59223.434704,59478.501032,60924.022082,-0.004288,NEAR_SUPPORT,SHORT_PREFERRED,0.054658,0.011125,BEAR,3.0,44.0,0.0,100,5.2,True,True,APPROVE,62,"```json
{
  ""direction"": ""SHORT"",
  ""confidence"": 62,
  ""long_score"": 30,
  ""short_score"": 70,
  ""preferred_direction"": ""SHORT"",
  ""entry_zone_low"": 58950,
  ""entry_zone_high"": 59100,
  ""limit_price"": 59025,
  ""expected_mfe"": 350,
  ""expected_mae"": 180,
  ""reversal_probability"": 28,
  ""exit_style"": ""AGGRESSIVE"",
  ""reasons_for_trade"": [
    ""MTF agreement is BEAR_ALIGNED across 15m/1h/4h"",
    ""EMA stack is bearish (price below all EMAs, EMA9 below EMA21, EMA21 below EMA200)"",
    ""Trend health shows bear_score=6 equal to bull_score=6, but with 2 weaken signals on bull side"",
    ""Orderflow shows negative delta (-34) and high imbalance (0.82) favoring sellers"",
    ""Price is near support (1.16% away) but structure bias is SHORT_PREFERRED and regime is BEAR"",
    ""Volume ratio is elevated (3.75) suggesting active selling pressure"",
    ""ADX at 22 is below 25 but trending market regime detected with bear alignment""
  ],
  ""reasons_against_trade"": [
    ""Price is very close to support (1.16% away) increasing bounce risk"",
    ""Micro structure shows higher_low_detected and BULL_CONTINUATION shift"",
    ""Trend health state is BULL (conflicting with HTF bear alignment)"",
    ""Reversal risk score is 28, indicating some potential for a bounce"",
    ""Entry near support historically reduces short expectancy without strong continuation""
  ],
  ""bull_score"": 3,
  ""bear_score"": 7
}
```",58868.58,58821.0,MAKER,TAKER,0.034018,75.58,203.299,1.62,1.62,0.0,0.0,-0.0,0.0,8.08,8.615512,PROFIT_LOCK_LADDER,-34.006105,0.014817,2.4e-05,0.824178,False,True,"{'price': 58803.0, 'ret_1m': 0.0, 'ret_5m': -0.00015302999387880025, 'ema9': 59223.43470424652, 'ema21': 59478.50103209618, 'ema200': 60924.02208203584, 'dist_to_support': 0.011125476320087098, 'dist_to_resistance': 0.05465772999455634, 'volume': 0.008591254, 'volume_ratio': 0.014817231514652663, 'delta': -34.00610453800006, 'velocity': 2.3836456292166083e-05, 'imbalance': 0.8241780412190629, 'candle_range': 192.2, 'body_ratio': 0.5379118752922192, 'wick_ratio': 0.46208812470778077}",5.2,"{'early_fail_enabled': True, 'invert_signal': False, 'ai_enabled': True, 'edge_threshold': 3.0, 'edge_threshold_max': None, 'edge_range_preset': 'min_only', 'ai_threshold': 44.0, 'leverage': 100, 'pullback_threshold': 0.001}","{'ema9': 59223.43470424652, 'ema21': 59478.50103209618, 'ema200': 60924.02208203584, 'ema_spread': -0.004288, 'ema9_slope_pct': -0.6143, 'ema21_slope_pct': -0.359, 'ema9_above_ema21': False, 'ema21_above_ema200': False}",WEAK_SETUP,5.2,5.2,False,True,INV_False_EF_True,SHORT,10,6,SCENARIO_C_RUNNER_10_v3,40.0,10.0,-12.0,2.0,8.0,300,1,2,-32.0,False,False,True,False,480,3,5.0,False,5,0.75,"[[10, 6], [20, 10], [30, 20], [40, 28], [60, 45], [80, 60], [100, 75], [150, 120]]","{""trail_ladder"": [[10, 6], [20, 10], [30, 20], [40, 28], [60, 45], [80, 60], [100, 75], [150, 120]], ""ladder_first_trigger_pct"": 10, ""ladder_first_lock_pct"": 6, ""exit_profile_id"": ""SCENARIO_C_RUNNER_10_v3"", ""peak_never_loser_min_peak"": 40.0, ""peak_never_loser_floor"": 10.0, ""thesis_fast_exit_unreal_pct"": -12.0, ""thesis_mfe_protect_pct"": 2.0, ""thesis_exit_if_above_unreal_pct"": 8.0, ""thesis_min_age_sec"": 300, ""thesis_score_flip_margin"": 1, ""thesis_early_decay_delta"": 2, ""early_fail_pct_threshold"": -32.0, ""type_a_first_candle_enabled"": false, ""type_a_early_fail_enabled"": false, ""scenario_c_exit_profile"": true, ""type_a_stall_enabled"": false, ""type_a_stall_min_age_sec"": 480, ""type_a_stall_min_candles"": 3, ""type_a_stall_max_mfe_pct"": 5.0, ""trend_weakening_enabled"": false, ""spread_penalty_threshold"": 5, ""spread_penalty_margin_mult"": 0.75}",2026-06-26T02:41:27.778393+00:00,2026-06-26 12:41:27 AEST,2026-06-26 12:41:27 AEST
2026-06-26T02:50:26.683301+00:00,c604c-e5a310e86ad0,SHORT,58879.18,58745.0,7.492564,22.8,20.0,4,4.56,4.56,0.0,0.0,-0.0,-0.0,PROFIT_LOCK_LADDER,100,0.76,62,44.0,True,SIM_LIMIT,AI_DIRECT_LIMIT,,,,,0,BEAR,SR,60-70,SPAWN,3,3,BULLISH_STRUCTURE,BEAR_ALIGNED,22.02,1,3,7,0.00791,bitfinex,tBTCF0:USTF0,v11.0-genome-architecture-v1,BITFINEX_ZERO,v11.0-genome-architecture-v1,COMBO_604_SP4_CHASE_3PLUS,AI60-65 · Spread4 · Chase 3+,APPROVE,58791.0,0.054658,0.011125,NEAR_SUPPORT,-0.005095,0.544282,0.0,7.492565,-9.82011,48.264938,297.035,297.035,297.035,0-5m,AI_DIRECT,AI_DIRECT_CHASE,4,,88.18,0.402,0.0,0.402,False,0.0,0.0,-0.002474,-6.8e-05,0.039,3.247057,-34.114003,-0.039,0.824467,58798.0,59223.434704,59478.501032,60924.022082,-0.004288,NEAR_SUPPORT,SHORT_PREFERRED,0.054658,0.011125,BEAR,3.0,44.0,0.0,100,5.2,True,True,APPROVE,62,"```json
{
  ""direction"": ""SHORT"",
  ""confidence"": 62,
  ""long_score"": 30,
  ""short_score"": 70,
  ""preferred_direction"": ""SHORT"",
  ""entry_zone_low"": 58950,
  ""entry_zone_high"": 59100,
  ""limit_price"": 59025,
  ""expected_mfe"": 350,
  ""expected_mae"": 180,
  ""reversal_probability"": 28,
  ""exit_style"": ""AGGRESSIVE"",
  ""reasons_for_trade"": [
    ""MTF agreement is BEAR_ALIGNED across 15m/1h/4h"",
    ""EMA stack is bearish (price below all EMAs, EMA9 below EMA21, EMA21 below EMA200)"",
    ""Trend health shows bear_score=6 equal to bull_score=6, but with 2 weaken signals on bull side"",
    ""Orderflow shows negative delta (-34) and high imbalance (0.82) favoring sellers"",
    ""Price is near support (1.16% away) but structure bias is SHORT_PREFERRED and regime is BEAR"",
    ""Volume ratio is elevated (3.75) suggesting active selling pressure"",
    ""ADX at 22 is below 25 but trending market regime detected with bear alignment""
  ],
  ""reasons_against_trade"": [
    ""Price is very close to support (1.16% away) increasing bounce risk"",
    ""Micro structure shows higher_low_detected and BULL_CONTINUATION shift"",
    ""Trend health state is BULL (conflicting with HTF bear alignment)"",
    ""Reversal risk score is 28, indicating some potential for a bounce"",
    ""Entry near support historically reduces short expectancy without strong continuation""
  ],
  ""bull_score"": 3,
  ""bear_score"": 7
}
```",58879.18,58745.0,MAKER,TAKER,0.034019,88.18,297.035,4.56,4.56,0.0,0.0,-0.0,-0.0,22.8,449.553945,PROFIT_LOCK_LADDER,-34.114003,3.247057,-6.8e-05,0.824467,False,True,"{'velocity': -6.803531032605922e-05, 'volume': 0.039, 'volume_ratio': 3.2470569757923733, 'delta': -34.11400294000007, 'imbalance': 0.8244667514989095, 'delta_change': -0.03900000000000148}",5.2,"{'early_fail_enabled': True, 'invert_signal': False, 'ai_enabled': True, 'edge_threshold': 3.0, 'edge_threshold_max': None, 'edge_range_preset': 'min_only', 'ai_threshold': 44.0, 'leverage': 100, 'pullback_threshold': 0.001}","{'ema9': 59223.43470424652, 'ema21': 59478.50103209618, 'ema200': 60924.02208203584, 'ema_spread': -0.004288, 'ema9_slope_pct': -0.6143, 'ema21_slope_pct': -0.359, 'ema9_above_ema21': False, 'ema21_above_ema200': False}",MOMENTUM_SHORT,5.2,5.2,False,True,INV_False_EF_True,SHORT,10,6,SCENARIO_C_RUNNER_10_v3,40.0,10.0,-12.0,2.0,8.0,300,1,2,-32.0,False,False,True,False,480,3,5.0,False,5,0.75,"[[10, 6], [20, 10], [30, 20], [40, 28], [60, 45], [80, 60], [100, 75], [150, 120]]","{""trail_ladder"": [[10, 6], [20, 10], [30, 20], [40, 28], [60, 45], [80, 60], [100, 75], [150, 120]], ""ladder_first_trigger_pct"": 10, ""ladder_first_lock_pct"": 6, ""exit_profile_id"": ""SCENARIO_C_RUNNER_10_v3"", ""peak_never_loser_min_peak"": 40.0, ""peak_never_loser_floor"": 10.0, ""thesis_fast_exit_unreal_pct"": -12.0, ""thesis_mfe_protect_pct"": 2.0, ""thesis_exit_if_above_unreal_pct"": 8.0, ""thesis_min_age_sec"": 300, ""thesis_score_flip_margin"": 1, ""thesis_early_decay_delta"": 2, ""early_fail_pct_threshold"": -32.0, ""type_a_first_candle_enabled"": false, ""type_a_early_fail_enabled"": false, ""scenario_c_exit_profile"": true, ""type_a_stall_enabled"": false, ""type_a_stall_min_age_sec"": 480, ""type_a_stall_min_candles"": 3, ""type_a_stall_max_mfe_pct"": 5.0, ""trend_weakening_enabled"": false, ""spread_penalty_threshold"": 5, ""spread_penalty_margin_mult"": 0.75}",2026-06-26T02:50:26.683301+00:00,2026-06-26 12:50:26 AEST,2026-06-26 12:50:26 AEST
2026-06-26T03:01:22.463790+00:00,c604c-2fcdd1ccef47,SHORT,58625.44,58571.8,0.113451,9.15,20.0,4,1.83,1.83,0.0,0.0,-0.0,0.0,PROFIT_LOCK_LADDER,100,0.3,62,44.0,True,SIM_LIMIT,AI_DIRECT_LIMIT,,,,,0,BEAR,SR,60-70,SPAWN,3,3,BULLISH_STRUCTURE,BEAR_ALIGNED,23.85,1,3,7,0.00791,bitfinex,tBTCF0:USTF0,v11.0-genome-architecture-v1,BITFINEX_ZERO,v11.0-genome-architecture-v1,COMBO_604_SP4_CHASE_3PLUS,AI60-65 · Spread4 · Chase 3+,APPROVE,58650.0,0.057644,0.008325,NEAR_SUPPORT,-0.005797,0.478134,339.6,0.113452,0.0,20.714557,73.783,73.783,73.783,0-5m,AI_DIRECT,AI_DIRECT_CHASE,2,,24.56,0.0,1.0163,1.0163,False,0.0,0.0,-3.7e-05,2.4e-05,0.001388,0.001581,-7.813043,0.0,0.944057,58575.0,59084.187763,59391.364575,60905.454802,-0.005172,NEAR_SUPPORT,SHORT_PREFERRED,0.057644,0.008325,BEAR,3.0,44.0,0.0,100,4.7,True,True,APPROVE,62,"```json
{
  ""direction"": ""SHORT"",
  ""confidence"": 62,
  ""long_score"": 30,
  ""short_score"": 70,
  ""preferred_direction"": ""SHORT"",
  ""entry_zone_low"": 58608,
  ""entry_zone_high"": 58750,
  ""limit_price"": 58679,
  ""expected_mfe"": 0.008,
  ""expected_mae"": 0.015,
  ""reversal_probability"": 41,
  ""exit_style"": ""AGGRESSIVE"",
  ""reasons_for_trade"": [
    ""BEAR_ALIGNED multi-timeframe agreement (15m, 1h, 4h all bearish)"",
    ""EMA stack bearish (price below all EMAs, EMA9 below EMA21 below EMA200)"",
    ""Bearish structure bias with recent LL in swing labels"",
    ""ADX 23.85 near trending threshold, trend strength score 1 (weak but aligned)"",
    ""Funding positive (0.00791% per 8h) favoring shorts, longs paying"",
    ""Price near support (0.77% away) but no reversal confirmation - continuation risk high"",
    ""Delta negative (-6.04) and imbalance 0.93 (aggressive selling pressure)"",
    ""Edge score 4.7 above threshold 3.0, supporting directional bias""
  ],
  ""reasons_against_trade"": [
    ""Price near micro support (58374) - bounce risk elevated"",
    ""Trend health state is BULL (bull_score 6, bear_score 6) - conflicting with HTF bearish alignment"",
    ""Higher low detected (micro structure lean bull) - potential reversal setup"",
    ""Reversal risk score 41 - moderate probability of bounce"",
    ""Volume ratio very low (0.046) - lack of conviction in current move"",
    ""Compression regime (380s) - could break either direction""
  ],
  ""bull_score"": 3,
  ""bear_score"": 7
}
```",58625.44,58571.8,MAKER,TAKER,0.034101,24.56,73.783,1.83,1.83,0.0,0.0,-0.0,0.0,9.15,6.807199,PROFIT_LOCK_LADDER,-7.813043,0.001581,2.4e-05,0.944057,False,True,"{'price': 58575.0, 'ret_1m': -5.121376626037079e-05, 'ret_5m': 0.0002390669558238418, 'ema9': 59084.187763397225, 'ema21': 59391.364574632695, 'ema200': 60905.45480156711, 'dist_to_support': 0.00832508785697226, 'dist_to_resistance': 0.05764440956702719, 'volume': 0.001387952, 'volume_ratio': 0.0015809362463114645, 'delta': -7.813043108000002, 'velocity': 2.390829886255418e-05, 'imbalance': 0.9440574553274587, 'candle_range': 339.6, 'body_ratio': 0.5817125069917735, 'wick_ratio': 0.41828749300822654}",4.7,"{'early_fail_enabled': True, 'invert_signal': False, 'ai_enabled': True, 'edge_threshold': 3.0, 'edge_threshold_max': None, 'edge_range_preset': 'min_only', 'ai_threshold': 44.0, 'leverage': 100, 'pullback_threshold': 0.001}","{'ema9': 59084.187763397225, 'ema21': 59391.364574632695, 'ema200': 60905.45480156711, 'ema_spread': -0.005172, 'ema9_slope_pct': -0.5478, 'ema21_slope_pct': -0.3528, 'ema9_above_ema21': False, 'ema21_above_ema200': False}",WEAK_SETUP,4.7,4.7,False,True,INV_False_EF_True,SHORT,10,6,SCENARIO_C_RUNNER_10_v4,40.0,10.0,-12.0,2.0,8.0,300,1,2,-32.0,False,False,True,False,480,3,5.0,False,5,0.75,"[[10, 6], [19, 17], [40, 28], [60, 45], [80, 60], [100, 75], [150, 120]]","{""trail_ladder"": [[10, 6], [19, 17], [40, 28], [60, 45], [80, 60], [100, 75], [150, 120]], ""ladder_first_trigger_pct"": 10, ""ladder_first_lock_pct"": 6, ""exit_profile_id"": ""SCENARIO_C_RUNNER_10_v4"", ""peak_never_loser_min_peak"": 40.0, ""peak_never_loser_floor"": 10.0, ""thesis_fast_exit_unreal_pct"": -12.0, ""thesis_mfe_protect_pct"": 2.0, ""thesis_exit_if_above_unreal_pct"": 8.0, ""thesis_min_age_sec"": 300, ""thesis_score_flip_margin"": 1, ""thesis_early_decay_delta"": 2, ""early_fail_pct_threshold"": -32.0, ""type_a_first_candle_enabled"": false, ""type_a_early_fail_enabled"": false, ""scenario_c_exit_profile"": true, ""type_a_stall_enabled"": false, ""type_a_stall_min_age_sec"": 480, ""type_a_stall_min_candles"": 3, ""type_a_stall_max_mfe_pct"": 5.0, ""trend_weakening_enabled"": false, ""spread_penalty_threshold"": 5, ""spread_penalty_margin_mult"": 0.75}",2026-06-26T03:01:22.463790+00:00,2026-06-26 13:01:22 AEST,2026-06-26 13:01:22 AEST
2026-06-26T03:04:32.394149+00:00,c604c-4b8c1331d99e,SHORT,58597.54,58688.0,0.123743,-15.44,20.0,4,-3.09,-3.09,0.0,0.0,-0.0,0.0,THESIS_FAST_CUT,100,0.51,62,44.0,True,SIM_LIMIT,AI_DIRECT_LIMIT,,,,,0,BEAR,SR,60-70,SPAWN,3,3,BULLISH_STRUCTURE,BEAR_ALIGNED,25.73,2,3,7,0.00791,bitfinex,tBTCF0:USTF0,v11.0-genome-architecture-v1,BITFINEX_ZERO,v11.0-genome-architecture-v1,COMBO_604_SP4_CHASE_3PLUS,AI60-65 · Spread4 · Chase 3+,APPROVE,58588.0,0.061138,0.005049,NEAR_SUPPORT,-0.005601,0.273331,0.0,0.123744,-12.024396,0.0,21.013,21.013,21.013,0-5m,AI_DIRECT,AI_DIRECT,0,,9.54,0.0,0.0,0.0,False,0.0,0.0,-4.1e-05,3.4e-05,0.003,0.457748,-15.667221,0.003,0.830062,58539.0,58948.630211,59301.802506,60885.682475,-0.005956,NEAR_SUPPORT,SHORT_PREFERRED,0.061138,0.005049,BEAR,3.0,44.0,0.0,100,4.2,True,True,APPROVE,62,"```json
{
  ""direction"": ""SHORT"",
  ""confidence"": 62,
  ""long_score"": 30,
  ""short_score"": 72,
  ""preferred_direction"": ""SHORT"",
  ""entry_zone_low"": 58450,
  ""entry_zone_high"": 58550,
  ""limit_price"": 58500,
  ""expected_mfe"": 180,
  ""expected_mae"": 120,
  ""reversal_probability"": 41,
  ""exit_style"": ""AGGRESSIVE"",
  ""reasons_for_trade"": [
    ""MTF agreement is BEAR_ALIGNED across 15m/1h/4h, all bearish"",
    ""EMA stack is bearish (price below all EMAs, EMA9 below EMA21, EMA21 below EMA200)"",
    ""ADX at 25.73 indicates trending conditions favoring continuation"",
    ""Trend health state is BULL but weaken_signals=2 and bear_score=6 nearly equal bull_score=7"",
    ""Price is near support (0.476% away) but no reversal confirmation - continuation risk high"",
    ""Funding positive (longs pay shorts) favors short positioning"",
    ""Delta is negative (-15.8) and imbalance high (0.856) suggesting selling pressure"",
    ""Edge_score 4.2 above threshold 3.0 supports trade quality""
  ],
  ""reasons_against_trade"": [
    ""Price is very close to micro support (58374) - bounce risk elevated"",
    ""Reversal risk score is 41 (moderate) and higher_low_detected=true suggests some buying interest"",
    ""Trend health state is BULL (though weakening) - conflicting with HTF bear alignment"",
    ""Volume ratio very low (0.038) - lack of conviction in current move"",
    ""Short entry near support historically has reduced expectancy without strong continuation""
  ],
  ""bull_score"": 3,
  ""bear_score"": 7
}
```",58597.54,58688.0,MAKER,TAKER,0.034137,9.54,21.013,-3.09,-3.09,0.0,0.0,-0.0,0.0,-15.44,7.424736,THESIS_FAST_CUT,-15.667221,0.457748,3.4e-05,0.830062,False,True,"{'velocity': 3.416642465449203e-05, 'volume': 0.003, 'volume_ratio': 0.4577480541282801, 'delta': -15.667221350000023, 'imbalance': 0.8300616292422821, 'delta_change': 0.0029999999999983373}",4.2,"{'early_fail_enabled': True, 'invert_signal': False, 'ai_enabled': True, 'edge_threshold': 3.0, 'edge_threshold_max': None, 'edge_range_preset': 'min_only', 'ai_threshold': 44.0, 'leverage': 100, 'pullback_threshold': 0.001}","{'ema9': 58948.63021071778, 'ema21': 59301.8025058683, 'ema200': 60885.682475363945, 'ema_spread': -0.005956, 'ema9_slope_pct': -0.6014, 'ema21_slope_pct': -0.3946, 'ema9_above_ema21': False, 'ema21_above_ema200': False}",WEAK_SETUP,4.2,4.2,False,True,INV_False_EF_True,SHORT,10,6,SCENARIO_C_RUNNER_10_v4,40.0,10.0,-12.0,2.0,8.0,300,1,2,-32.0,False,False,True,False,480,3,5.0,False,5,0.75,"[[10, 6], [19, 17], [40, 28], [60, 45], [80, 60], [100, 75], [150, 120]]","{""trail_ladder"": [[10, 6], [19, 17], [40, 28], [60, 45], [80, 60], [100, 75], [150, 120]], ""ladder_first_trigger_pct"": 10, ""ladder_first_lock_pct"": 6, ""exit_profile_id"": ""SCENARIO_C_RUNNER_10_v4"", ""peak_never_loser_min_peak"": 40.0, ""peak_never_loser_floor"": 10.0, ""thesis_fast_exit_unreal_pct"": -12.0, ""thesis_mfe_protect_pct"": 2.0, ""thesis_exit_if_above_unreal_pct"": 8.0, ""thesis_min_age_sec"": 300, ""thesis_score_flip_margin"": 1, ""thesis_early_decay_delta"": 2, ""early_fail_pct_threshold"": -32.0, ""type_a_first_candle_enabled"": false, ""type_a_early_fail_enabled"": false, ""scenario_c_exit_profile"": true, ""type_a_stall_enabled"": false, ""type_a_stall_min_age_sec"": 480, ""type_a_stall_min_candles"": 3, ""type_a_stall_max_mfe_pct"": 5.0, ""trend_weakening_enabled"": false, ""spread_penalty_threshold"": 5, ""spread_penalty_margin_mult"": 0.75}",2026-06-26T03:04:32.394149+00:00,2026-06-26 13:04:32 AEST,2026-06-26 13:04:32 AEST
2026-06-26T03:14:23.362338+00:00,c604c-68676f7833c1,SHORT,58949.39,58916.0,0.312265,5.66,20.0,4,1.13,1.13,0.0,0.0,-0.0,-0.0,PROFIT_LOCK_LADDER,100,0.19,62,44.0,True,SIM_LIMIT,AI_DIRECT_LIMIT,,,,,0,BEAR,SR,60-70,SPAWN,3,3,BULLISH_STRUCTURE,BEAR_ALIGNED,25.73,2,3,7,0.00791,bitfinex,tBTCF0:USTF0,v11.0-genome-architecture-v1,BITFINEX_ZERO,v11.0-genome-architecture-v1,COMBO_604_SP4_CHASE_3PLUS,AI60-65 · Spread4 · Chase 3+,APPROVE,58939.0,0.054945,0.010856,NEAR_SUPPORT,-0.005013,1.0,372.3,0.312267,0.0,10.922929,154.637,154.637,154.637,0-5m,AI_DIRECT,AI_DIRECT_CHASE,3,,10.39,0.0,0.0,0.0,False,0.0,0.0,-0.000103,4.1e-05,0.003453,0.873434,-0.618804,0.0,0.294202,58947.0,59019.630211,59334.075233,60889.214814,-0.0053,NEAR_SUPPORT,SHORT_PREFERRED,0.054945,0.010856,BEAR,3.0,44.0,0.0,100,3.2,True,True,APPROVE,62,"```json
{
  ""direction"": ""SHORT"",
  ""confidence"": 62,
  ""long_score"": 30,
  ""short_score"": 72,
  ""preferred_direction"": ""SHORT"",
  ""entry_zone_low"": 58850,
  ""entry_zone_high"": 59000,
  ""limit_price"": 58925,
  ""expected_mfe"": 350,
  ""expected_mae"": 180,
  ""reversal_probability"": 41,
  ""exit_style"": ""AGGRESSIVE"",
  ""reasons_for_trade"": [
    ""BEAR_ALIGNED multi-timeframe agreement (15m, 1h, 4h all bearish)"",
    ""EMA stack is bearish (price below all EMAs, EMA9 below EMA21 below EMA200)"",
    ""ADX 25.73 indicates trending market favoring continuation"",
    ""Regime is BEAR with bearish structure bias (SHORT_PREFERRED)"",
    ""Price near support (1.09% away) but no strong reversal confirmation - continuation risk higher"",
    ""Funding positive (longs pay shorts) favoring short positioning"",
    ""Edge score 3.2 above threshold 3.0 supporting trade viability""
  ],
  ""reasons_against_trade"": [
    ""Price is near support (1.09% dist) - bounce risk elevated for short entries"",
    ""Micro structure shows higher low detected and BULL_CONTINUATION shift - potential local strength"",
    ""Trend health state is BULL (bull_score 7 vs bear_score 6) - conflicting with HTF bearish alignment"",
    ""Reversal risk score 41 suggests moderate reversal probability"",
    ""Volume ratio low (0.11) - weak participation in current move""
  ],
  ""bull_score"": 3,
  ""bear_score"": 7
}
```

**Direction:** SHORT  
**Win probability:** 62%  
**Long score:** 30  
**Short score:** 72  
**Bull score:** 3/10  
**Bear score:** 7/10  
**Decision:** APPROVE  
**Reason:** Multi-timeframe bear alignment (3/3 timeframes bearish), bearish EMA stack, ADX > 25 trending, and bearish regime override the local near-support location. The micro structure shows a higher low and BULL_CONTINUATION, but this is insufficient reversal evidence against the strong HTF bearish trend. Short entry near support carries bounce risk, but the continuation case is stronger given the trend hierarchy rules. Entry zone set slightly above current price for a pullback short, with aggressive exit due to proximity to support.",58949.39,58916.0,MAKER,TAKER,0.033933,10.39,154.637,1.13,1.13,0.0,0.0,-0.0,-0.0,5.66,18.736108,PROFIT_LOCK_LADDER,-0.618804,0.873434,4.1e-05,0.294202,False,True,"{'price': 58947.0, 'ret_1m': 0.0, 'ret_5m': 0.0009852718840776666, 'ema9': 59019.63021071778, 'ema21': 59334.075233141026, 'ema200': 60889.214813672406, 'dist_to_support': 0.010856248298393684, 'dist_to_resistance': 0.05494486795534985, 'volume': 0.003453328, 'volume_ratio': 0.8734336278035784, 'delta': -0.6188036429999993, 'velocity': 4.0760479165598356e-05, 'imbalance': 0.2942018306449286, 'candle_range': 372.3, 'body_ratio': 0.4247810861475737, 'wick_ratio': 0.5752189138524262}",3.8,"{'early_fail_enabled': True, 'invert_signal': False, 'ai_enabled': True, 'edge_threshold': 3.0, 'edge_threshold_max': None, 'edge_range_preset': 'min_only', 'ai_threshold': 44.0, 'leverage': 100, 'pullback_threshold': 0.001}","{'ema9': 59019.63021071778, 'ema21': 59334.075233141026, 'ema200': 60889.214813672406, 'ema_spread': -0.0053, 'ema9_slope_pct': -0.4817, 'ema21_slope_pct': -0.3404, 'ema9_above_ema21': False, 'ema21_above_ema200': False}",WEAK_SETUP,3.8,3.8,False,True,INV_False_EF_True,SHORT,10,6,SCENARIO_C_RUNNER_10_v4,40.0,10.0,-12.0,2.0,8.0,300,1,2,-32.0,False,False,True,False,480,3,5.0,False,5,0.75,"[[10, 6], [19, 17], [40, 28], [60, 45], [80, 60], [100, 75], [150, 120]]","{""trail_ladder"": [[10, 6], [19, 17], [40, 28], [60, 45], [80, 60], [100, 75], [150, 120]], ""ladder_first_trigger_pct"": 10, ""ladder_first_lock_pct"": 6, ""exit_profile_id"": ""SCENARIO_C_RUNNER_10_v4"", ""peak_never_loser_min_peak"": 40.0, ""peak_never_loser_floor"": 10.0, ""thesis_fast_exit_unreal_pct"": -12.0, ""thesis_mfe_protect_pct"": 2.0, ""thesis_exit_if_above_unreal_pct"": 8.0, ""thesis_min_age_sec"": 300, ""thesis_score_flip_margin"": 1, ""thesis_early_decay_delta"": 2, ""early_fail_pct_threshold"": -32.0, ""type_a_first_candle_enabled"": false, ""type_a_early_fail_enabled"": false, ""scenario_c_exit_profile"": true, ""type_a_stall_enabled"": false, ""type_a_stall_min_age_sec"": 480, ""type_a_stall_min_candles"": 3, ""type_a_stall_max_mfe_pct"": 5.0, ""trend_weakening_enabled"": false, ""spread_penalty_threshold"": 5, ""spread_penalty_margin_mult"": 0.75}",2026-06-26T03:14:23.362338+00:00,2026-06-26 13:14:23 AEST,2026-06-26 13:14:23 AEST
2026-06-26T03:17:21.862718+00:00,cont-7821a287c74e,SHORT,58934.05,58901.0,4.967621,5.62,20.0,4,1.12,1.12,0.0,0.0,-0.0,-0.0,PROFIT_LOCK_LADDER,100,0.19,62,44.0,True,SIM_LIMIT,AI_DIRECT_LIMIT,,,,,0,BEAR,SR,60-70,SPAWN,3,3,BULLISH_STRUCTURE,BEAR_ALIGNED,25.73,2,3,7,0.00791,bitfinex,tBTCF0:USTF0,v11.0-genome-architecture-v1,BITFINEX_ZERO,v11.0-genome-architecture-v1,CONTINUOUS,Continuous AI Research,APPROVE,58926.0,0.054945,0.010856,NEAR_SUPPORT,-0.00485,0.950812,0.0,4.967622,-4.063865,10.698399,84.448,84.448,84.448,0-5m,AI_DIRECT,AI_DIRECT_CHASE,1,,8.05,0.3038,0.0,0.3038,False,0.0,0.0,-0.00163,0.000119,0.002,0.128256,-0.617513,-0.002,0.294539,58940.0,59019.630211,59334.075233,60889.214814,-0.0053,NEAR_SUPPORT,SHORT_PREFERRED,0.054945,0.010856,BEAR,3.0,44.0,0.0,100,3.2,True,True,APPROVE,62,"```json
{
  ""direction"": ""SHORT"",
  ""confidence"": 62,
  ""long_score"": 30,
  ""short_score"": 72,
  ""preferred_direction"": ""SHORT"",
  ""entry_zone_low"": 58850,
  ""entry_zone_high"": 59000,
  ""limit_price"": 58925,
  ""expected_mfe"": 350,
  ""expected_mae"": 180,
  ""reversal_probability"": 41,
  ""exit_style"": ""AGGRESSIVE"",
  ""reasons_for_trade"": [
    ""BEAR_ALIGNED multi-timeframe agreement (15m, 1h, 4h all bearish)"",
    ""EMA stack is bearish (price below all EMAs, EMA9 below EMA21 below EMA200)"",
    ""ADX 25.73 indicates trending market favoring continuation"",
    ""Regime is BEAR with bearish structure bias (SHORT_PREFERRED)"",
    ""Price near support (1.09% away) but no strong reversal confirmation - continuation risk higher"",
    ""Funding positive (longs pay shorts) favoring short positioning"",
    ""Edge score 3.2 above threshold 3.0 supporting trade viability""
  ],
  ""reasons_against_trade"": [
    ""Price is near support (1.09% dist) - bounce risk elevated for short entries"",
    ""Micro structure shows higher low detected and BULL_CONTINUATION shift - potential local strength"",
    ""Trend health state is BULL (bull_score 7 vs bear_score 6) - conflicting with HTF bearish alignment"",
    ""Reversal risk score 41 suggests moderate reversal probability"",
    ""Volume ratio low (0.11) - weak participation in current move""
  ],
  ""bull_score"": 3,
  ""bear_score"": 7
}
```

**Direction:** SHORT  
**Win probability:** 62%  
**Long score:** 30  
**Short score:** 72  
**Bull score:** 3/10  
**Bear score:** 7/10  
**Decision:** APPROVE  
**Reason:** Multi-timeframe bear alignment (3/3 timeframes bearish), bearish EMA stack, ADX > 25 trending, and bearish regime override the local near-support location. The micro structure shows a higher low and BULL_CONTINUATION, but this is insufficient reversal evidence against the strong HTF bearish trend. Short entry near support carries bounce risk, but the continuation case is stronger given the trend hierarchy rules. Entry zone set slightly above current price for a pullback short, with aggressive exit due to proximity to support.",58934.05,58901.0,MAKER,TAKER,0.033941,8.05,84.448,1.12,1.12,0.0,0.0,-0.0,-0.0,5.62,298.057409,PROFIT_LOCK_LADDER,-0.617513,0.128256,0.000119,0.294539,False,True,"{'velocity': 0.00011885155440854372, 'volume': 0.002, 'volume_ratio': 0.1282560326956435, 'delta': -0.6175134099999994, 'imbalance': 0.2945392216628333, 'delta_change': -0.0020000000000000018}",3.8,"{'early_fail_enabled': True, 'invert_signal': False, 'ai_enabled': True, 'edge_threshold': 3.0, 'edge_threshold_max': None, 'edge_range_preset': 'min_only', 'ai_threshold': 44.0, 'leverage': 100, 'pullback_threshold': 0.001}","{'ema9': 59019.63021071778, 'ema21': 59334.075233141026, 'ema200': 60889.214813672406, 'ema_spread': -0.0053, 'ema9_slope_pct': -0.4817, 'ema21_slope_pct': -0.3404, 'ema9_above_ema21': False, 'ema21_above_ema200': False}",WEAK_SETUP,3.8,3.8,False,True,INV_False_EF_True,SHORT,10,6,SCENARIO_C_RUNNER_10_v4,40.0,10.0,-12.0,2.0,8.0,300,1,2,-32.0,False,False,True,False,480,3,5.0,False,5,0.75,"[[10, 6], [19, 17], [40, 28], [60, 45], [80, 60], [100, 75], [150, 120]]","{""trail_ladder"": [[10, 6], [19, 17], [40, 28], [60, 45], [80, 60], [100, 75], [150, 120]], ""ladder_first_trigger_pct"": 10, ""ladder_first_lock_pct"": 6, ""exit_profile_id"": ""SCENARIO_C_RUNNER_10_v4"", ""peak_never_loser_min_peak"": 40.0, ""peak_never_loser_floor"": 10.0, ""thesis_fast_exit_unreal_pct"": -12.0, ""thesis_mfe_protect_pct"": 2.0, ""thesis_exit_if_above_unreal_pct"": 8.0, ""thesis_min_age_sec"": 300, ""thesis_score_flip_margin"": 1, ""thesis_early_decay_delta"": 2, ""early_fail_pct_threshold"": -32.0, ""type_a_first_candle_enabled"": false, ""type_a_early_fail_enabled"": false, ""scenario_c_exit_profile"": true, ""type_a_stall_enabled"": false, ""type_a_stall_min_age_sec"": 480, ""type_a_stall_min_candles"": 3, ""type_a_stall_max_mfe_pct"": 5.0, ""trend_weakening_enabled"": false, ""spread_penalty_threshold"": 5, ""spread_penalty_margin_mult"": 0.75}",2026-06-26T03:17:21.862718+00:00,2026-06-26 13:17:21 AEST,2026-06-26 13:17:21 AEST
2026-06-26T03:22:44.389331+00:00,cont-56c84660cbda,SHORT,58943.78,58908.0,1.887872,6.07,20.0,3,1.21,1.21,0.0,0.0,-0.0,-0.0,PROFIT_LOCK_LADDER,100,0.2,62,44.0,True,SIM_LIMIT,AI_DIRECT_LIMIT,,,,,0,BEAR,SR,60-70,SPAWN,3,3,BULLISH_STRUCTURE,BEAR_ALIGNED,25.99,2,4,7,0.00791,bitfinex,tBTCF0:USTF0,v11.0-genome-architecture-v1,BITFINEX_ZERO,v11.0-genome-architecture-v1,CONTINUOUS,Continuous AI Research,APPROVE,58866.0,0.053099,0.012587,NEAR_SUPPORT,-0.004784,0.679567,0.0,1.887873,-0.715936,10.990133,198.646,198.646,198.646,0-5m,AI_DIRECT,AI_DIRECT_CHASE,3,,77.78,0.0,0.0,0.0,False,0.0,0.0,-0.000623,-8.5e-05,0.001,0.057629,-1.488584,0.001,0.348334,58853.0,59019.064169,59306.729551,60876.202018,-0.00485,NEAR_SUPPORT,SHORT_PREFERRED,0.053099,0.012587,BEAR,3.0,44.0,0.0,100,4.8,True,True,APPROVE,62,"```json
{
  ""direction"": ""SHORT"",
  ""confidence"": 62,
  ""long_score"": 35,
  ""short_score"": 70,
  ""preferred_direction"": ""SHORT"",
  ""entry_zone_low"": 58950,
  ""entry_zone_high"": 59100,
  ""limit_price"": 59025,
  ""expected_mfe"": 250,
  ""expected_mae"": 120,
  ""reversal_probability"": 43,
  ""exit_style"": ""AGGRESSIVE"",
  ""reasons_for_trade"": [
    ""Multi-timeframe agreement is BEAR_ALIGNED across 15m/1h/4h"",
    ""EMA stack is bearish (price below all EMAs, ema9 below ema21, ema21 below ema200)"",
    ""ADX at 25.99 indicates trending market favoring continuation"",
    ""Regime is BEAR with SR bias SHORT_PREFERRED"",
    ""Price is near support (1.3% away) but no reversal confirmation - continuation risk high"",
    ""Funding rate positive (0.0079% per 8h) favors shorts as longs pay"",
    ""Velocity negative and delta negative confirm bearish orderflow""
  ],
  ""reasons_against_trade"": [
    ""Price is near micro support (58374) - bounce risk elevated"",
    ""Trend health shows BULL state with bull_score 7 vs bear_score 6"",
    ""Higher low detected suggests micro bullish structure"",
    ""Reversal risk score is 43 - non-trivial chance of mean reversion"",
    ""Volume ratio extremely high (11.5) could indicate exhaustion or capitulation""
  ],
  ""bull_score"": 4,
  ""bear_score"": 7
}
```

**Direction:** SHORT  
**Win probability:** 62%  
**Long score:** 35  
**Short score:** 70  
**Bull score:** 4/10  
**Bear score:** 7/10  
**Decision:** APPROVE  

**Reasoning:**  
The trend hierarchy strongly favors continuation of the bearish trend: BEAR_ALIGNED multi-timeframe, bearish EMA stack, ADX > 25 trending, and negative orderflow. Price is near support but lacks any reversal confirmation (no structure shift, no momentum expansion upward). The micro bullish signals (higher low, trend_health_state BULL) are weaker than the dominant HTF bearish structure. The short entry is placed above current price (pullback to 59025) to avoid chasing into support. The high volume ratio and positive funding add conviction to the short side. The 43 reversal probability is noted but insufficient to override the strong bearish continuation case.",58943.78,58908.0,MAKER,TAKER,0.033975,77.78,198.646,1.21,1.21,0.0,0.0,-0.0,-0.0,6.07,113.272444,PROFIT_LOCK_LADDER,-1.488584,0.057629,-8.5e-05,0.348334,False,True,"{'velocity': -8.494588946840863e-05, 'volume': 0.001, 'volume_ratio': 0.057628862747412225, 'delta': -1.4885838099999946, 'imbalance': 0.34833390998440394, 'delta_change': 0.0009999999999998899}",4.8,"{'early_fail_enabled': True, 'invert_signal': False, 'ai_enabled': True, 'edge_threshold': 3.0, 'edge_threshold_max': None, 'edge_range_preset': 'min_only', 'ai_threshold': 44.0, 'leverage': 100, 'pullback_threshold': 0.001}","{'ema9': 59019.06416857423, 'ema21': 59306.72955079338, 'ema200': 60876.20201754559, 'ema_spread': -0.00485, 'ema9_slope_pct': -0.3229, 'ema21_slope_pct': -0.2787, 'ema9_above_ema21': False, 'ema21_above_ema200': False}",MOMENTUM_SHORT,4.8,4.8,False,True,INV_False_EF_True,SHORT,10,6,SCENARIO_C_RUNNER_10_v4,40.0,10.0,-12.0,2.0,8.0,300,1,2,-32.0,False,False,True,False,480,3,5.0,False,5,0.75,"[[10, 6], [19, 17], [40, 28], [60, 45], [80, 60], [100, 75], [150, 120]]","{""trail_ladder"": [[10, 6], [19, 17], [40, 28], [60, 45], [80, 60], [100, 75], [150, 120]], ""ladder_first_trigger_pct"": 10, ""ladder_first_lock_pct"": 6, ""exit_profile_id"": ""SCENARIO_C_RUNNER_10_v4"", ""peak_never_loser_min_peak"": 40.0, ""peak_never_loser_floor"": 10.0, ""thesis_fast_exit_unreal_pct"": -12.0, ""thesis_mfe_protect_pct"": 2.0, ""thesis_exit_if_above_unreal_pct"": 8.0, ""thesis_min_age_sec"": 300, ""thesis_score_flip_margin"": 1, ""thesis_early_decay_delta"": 2, ""early_fail_pct_threshold"": -32.0, ""type_a_first_candle_enabled"": false, ""type_a_early_fail_enabled"": false, ""scenario_c_exit_profile"": true, ""type_a_stall_enabled"": false, ""type_a_stall_min_age_sec"": 480, ""type_a_stall_min_candles"": 3, ""type_a_stall_max_mfe_pct"": 5.0, ""trend_weakening_enabled"": false, ""spread_penalty_threshold"": 5, ""spread_penalty_margin_mult"": 0.75}",2026-06-26T03:22:44.389331+00:00,2026-06-26 13:22:44 AEST,2026-06-26 13:22:44 AEST
2026-06-26T03:27:26.590776+00:00,cont-953b32a0a38f,SHORT,58925.79,59111.0,0.621792,-31.43,20.0,3,-6.29,-6.29,0.0,0.0,-0.0,-0.0,STOP_LOSS,100,1.05,62,44.0,True,SIM_LIMIT,AI_DIRECT_LIMIT,,,,,0,BEAR,SR,60-70,SPAWN,3,3,BULLISH_STRUCTURE,BEAR_ALIGNED,25.98,2,4,7,0.00791,bitfinex,tBTCF0:USTF0,v11.0-genome-architecture-v1,BITFINEX_ZERO,v11.0-genome-architecture-v1,CONTINUOUS,Continuous AI Research,APPROVE,58837.0,0.05335,0.012352,NEAR_SUPPORT,-0.004865,1.0,345.1,0.621793,-32.6156,0.982592,186.399,186.399,186.399,0-5m,AI_DIRECT,AI_DIRECT_CHASE,3,,88.79,0.0,0.0,0.0,False,0.0,0.0,-0.000205,-2e-05,0.023875,4.057942,6.625765,0.0,0.446012,58848.0,59026.064169,59309.911369,60876.550276,-0.004786,NEAR_SUPPORT,SHORT_PREFERRED,0.05335,0.012352,BEAR,3.0,44.0,0.0,100,4.9,True,True,APPROVE,62,"```json
{
  ""direction"": ""SHORT"",
  ""confidence"": 62,
  ""long_score"": 35,
  ""short_score"": 72,
  ""preferred_direction"": ""SHORT"",
  ""entry_zone_low"": 58950,
  ""entry_zone_high"": 59100,
  ""limit_price"": 59025,
  ""expected_mfe"": 0.008,
  ""expected_mae"": 0.005,
  ""reversal_probability"": 15,
  ""exit_style"": ""AGGRESSIVE"",
  ""reasons_for_trade"": [
    ""MTF agreement is BEAR_ALIGNED across 15m/1h/4h, strongly favoring bear continuation"",
    ""EMA stack is bearish (price below all EMAs, EMA9 below EMA21, EMA21 below EMA200)"",
    ""ADX at 25.98 indicates trending conditions, favoring continuation of the bear trend"",
    ""Market structure shows recent LL (lower low) with bearish structure bias"",
    ""Funding rate positive (0.00791% per 8h) favors shorts, consistent with bearish sentiment"",
    ""Price is near support (1.26% away) but no reversal confirmation - continuation risk of breakdown is higher"",
    ""Trend health state is BULL but this is a short-term bounce within a larger bear trend, not a reversal signal""
  ],
  ""reasons_against_trade"": [
    ""Price is near support, which could cause a bounce and stop out"",
    ""Trend health state shows BULL with 7 bull score vs 6 bear score, indicating some short-term upward pressure"",
    ""Volume ratio elevated (2.04) and positive delta (6.25) suggest buying interest at current levels"",
    ""Micro structure shows higher low detected, which could precede a short-term rally"",
    ""Edge score is 4.9 (above threshold) but not strongly directional""
  ],
  ""bull_score"": 4,
  ""bear_score"": 7
}
```",58925.79,59111.0,MAKER,TAKER,0.033992,88.79,186.399,-6.29,-6.29,0.0,0.0,-0.0,-0.0,-31.43,37.307611,STOP_LOSS,6.625765,4.057942,-2e-05,0.446012,False,True,"{'price': 58845.0, 'ret_1m': 0.00032298643456974807, 'ret_5m': -0.0005604809945990013, 'ema9': 59026.06416857423, 'ema21': 59309.911368975205, 'ema200': 60876.550276252055, 'dist_to_support': 0.01235197172808672, 'dist_to_resistance': 0.05334964405253411, 'volume': 0.02387479, 'volume_ratio': 4.057941562070518, 'delta': 6.625765058000003, 'velocity': -2.0362178836403103e-05, 'imbalance': 0.44601162799494354, 'candle_range': 345.1, 'body_ratio': 0.41029123349258345, 'wick_ratio': 0.5897087665074165}",4.9,"{'early_fail_enabled': True, 'invert_signal': False, 'ai_enabled': True, 'edge_threshold': 3.0, 'edge_threshold_max': None, 'edge_range_preset': 'min_only', 'ai_threshold': 44.0, 'leverage': 100, 'pullback_threshold': 0.001}","{'ema9': 59026.06416857423, 'ema21': 59309.911368975205, 'ema200': 60876.550276252055, 'ema_spread': -0.004786, 'ema9_slope_pct': -0.311, 'ema21_slope_pct': -0.2734, 'ema9_above_ema21': False, 'ema21_above_ema200': False}",WEAK_SETUP,4.9,4.9,False,True,INV_False_EF_True,SHORT,10,6,SCENARIO_C_RUNNER_10_v4,40.0,10.0,-12.0,2.0,8.0,300,1,2,-32.0,False,False,True,False,480,3,5.0,False,5,0.75,"[[10, 6], [19, 17], [40, 28], [60, 45], [80, 60], [100, 75], [150, 120]]","{""trail_ladder"": [[10, 6], [19, 17], [40, 28], [60, 45], [80, 60], [100, 75], [150, 120]], ""ladder_first_trigger_pct"": 10, ""ladder_first_lock_pct"": 6, ""exit_profile_id"": ""SCENARIO_C_RUNNER_10_v4"", ""peak_never_loser_min_peak"": 40.0, ""peak_never_loser_floor"": 10.0, ""thesis_fast_exit_unreal_pct"": -12.0, ""thesis_mfe_protect_pct"": 2.0, ""thesis_exit_if_above_unreal_pct"": 8.0, ""thesis_min_age_sec"": 300, ""thesis_score_flip_margin"": 1, ""thesis_early_decay_delta"": 2, ""early_fail_pct_threshold"": -32.0, ""type_a_first_candle_enabled"": false, ""type_a_early_fail_enabled"": false, ""scenario_c_exit_profile"": true, ""type_a_stall_enabled"": false, ""type_a_stall_min_age_sec"": 480, ""type_a_stall_min_candles"": 3, ""type_a_stall_max_mfe_pct"": 5.0, ""trend_weakening_enabled"": false, ""spread_penalty_threshold"": 5, ""spread_penalty_margin_mult"": 0.75}",2026-06-26T03:27:26.590776+00:00,2026-06-26 13:27:26 AEST,2026-06-26 13:27:26 AEST
2026-06-26T03:29:55.703094+00:00,cont-cd1227f65af1,SHORT,59173.46,59119.0,0.163158,9.2,20.0,4,1.84,1.84,0.0,0.0,-0.0,-0.0,PROFIT_LOCK_LADDER,100,0.31,62,44.0,True,SIM_LIMIT,AI_DIRECT_LIMIT,,,,,0,BEAR,SR,60-70,SPAWN,3,3,BULLISH_STRUCTURE,BEAR_ALIGNED,25.98,2,3,7,0.00791,bitfinex,tBTCF0:USTF0,v11.0-genome-architecture-v1,BITFINEX_ZERO,v11.0-genome-architecture-v1,CONTINUOUS,Continuous AI Research,APPROVE,59154.0,0.053224,0.012469,NEAR_SUPPORT,-0.004431,1.0,345.1,0.163159,0.0,10.724402,164.334,164.334,164.334,0-5m,AI_DIRECT,AI_DIRECT_CHASE,2,,19.46,0.0,0.0,0.0,False,0.0,0.0,-5.4e-05,9.9e-05,0.024701,0.093887,12.717437,0.0,0.594333,58932.0,59017.464169,59306.002278,60876.122416,-0.004865,NEAR_SUPPORT,SHORT_PREFERRED,0.053224,0.012469,BEAR,3.0,44.0,0.0,100,4.4,True,True,APPROVE,62,"```json
{
  ""direction"": ""SHORT"",
  ""confidence"": 62,
  ""long_score"": 30,
  ""short_score"": 70,
  ""preferred_direction"": ""SHORT"",
  ""entry_zone_low"": 58864.0,
  ""entry_zone_high"": 59000.0,
  ""limit_price"": 58932.0,
  ""expected_mfe"": 350,
  ""expected_mae"": 200,
  ""reversal_probability"": 35,
  ""exit_style"": ""AGGRESSIVE"",
  ""reasons_for_trade"": [
    ""MTF agreement is BEAR_ALIGNED across 15m/1h/4h"",
    ""EMA stack is bearish (price below all EMAs, EMA9 below EMA21, EMA21 below EMA200)"",
    ""ADX at 25.98 indicates trending conditions favoring continuation"",
    ""Regime label is BEAR, sr_bias is SHORT_PREFERRED"",
    ""Price is near support (1.25% away) but no reversal confirmation - continuation more likely"",
    ""Velocity negative, volume ratio below average (0.79) suggesting weak buying pressure"",
    ""Funding positive (longs pay shorts) - bearish sentiment""
  ],
  ""reasons_against_trade"": [
    ""Price is near support - bounce risk elevated"",
    ""Micro structure shows higher low detected and BULL_CONTINUATION shift"",
    ""Trend health state is BULL with bull_score 7 vs bear_score 6"",
    ""Reversal risk score is 35 - non-trivial chance of reversal"",
    ""Edge score (4.4) above threshold but not extreme""
  ],
  ""bull_score"": 3,
  ""bear_score"": 7
}
```",59173.46,59119.0,MAKER,TAKER,0.03381,19.46,164.334,1.84,1.84,0.0,0.0,-0.0,-0.0,9.2,9.789586,PROFIT_LOCK_LADDER,12.717437,0.093887,9.9e-05,0.594333,False,True,"{'price': 58932.0, 'ret_1m': 0.0005432937181663837, 'ret_5m': 0.0009681528662420382, 'ema9': 59017.46416857423, 'ema21': 59306.00227806611, 'ema200': 60876.12241555554, 'dist_to_support': 0.012469421038325632, 'dist_to_resistance': 0.05322438162544169, 'volume': 0.024700969, 'volume_ratio': 0.0938869969720129, 'delta': 12.717437204000007, 'velocity': 9.851750033286187e-05, 'imbalance': 0.5943325704611514, 'candle_range': 345.1, 'body_ratio': 0.41029123349258345, 'wick_ratio': 0.5897087665074165}",4.4,"{'early_fail_enabled': True, 'invert_signal': False, 'ai_enabled': True, 'edge_threshold': 3.0, 'edge_threshold_max': None, 'edge_range_preset': 'min_only', 'ai_threshold': 44.0, 'leverage': 100, 'pullback_threshold': 0.001}","{'ema9': 59017.46416857423, 'ema21': 59306.00227806611, 'ema200': 60876.12241555554, 'ema_spread': -0.004865, 'ema9_slope_pct': -0.3256, 'ema21_slope_pct': -0.28, 'ema9_above_ema21': False, 'ema21_above_ema200': False}",MOMENTUM_LONG,4.4,4.4,False,True,INV_False_EF_True,SHORT,10,6,SCENARIO_C_RUNNER_10_v4,40.0,10.0,-12.0,2.0,8.0,300,1,2,-32.0,False,False,True,False,480,3,5.0,False,5,0.75,"[[10, 6], [19, 17], [40, 28], [60, 45], [80, 60], [100, 75], [150, 120]]","{""trail_ladder"": [[10, 6], [19, 17], [40, 28], [60, 45], [80, 60], [100, 75], [150, 120]], ""ladder_first_trigger_pct"": 10, ""ladder_first_lock_pct"": 6, ""exit_profile_id"": ""SCENARIO_C_RUNNER_10_v4"", ""peak_never_loser_min_peak"": 40.0, ""peak_never_loser_floor"": 10.0, ""thesis_fast_exit_unreal_pct"": -12.0, ""thesis_mfe_protect_pct"": 2.0, ""thesis_exit_if_above_unreal_pct"": 8.0, ""thesis_min_age_sec"": 300, ""thesis_score_flip_margin"": 1, ""thesis_early_decay_delta"": 2, ""early_fail_pct_threshold"": -32.0, ""type_a_first_candle_enabled"": false, ""type_a_early_fail_enabled"": false, ""scenario_c_exit_profile"": true, ""type_a_stall_enabled"": false, ""type_a_stall_min_age_sec"": 480, ""type_a_stall_min_candles"": 3, ""type_a_stall_max_mfe_pct"": 5.0, ""trend_weakening_enabled"": false, ""spread_penalty_threshold"": 5, ""spread_penalty_margin_mult"": 0.75}",2026-06-26T03:29:55.703094+00:00,2026-06-26 13:29:55 AEST,2026-06-26 13:29:55 AEST
2026-06-26T03:31:50.200263+00:00,c604c-35faba0cd7ec,SHORT,59135.36,59094.41,0.616196,6.93,20.0,4,1.39,1.38,0.0,0.0,-0.0,-0.0,PROFIT_LOCK_LADDER,100,0.23,62,44.0,True,SIM_LIMIT,AI_DIRECT_LIMIT,,,,,0,BEAR,SR,60-70,SPAWN,3,3,BULLISH_STRUCTURE,BEAR_ALIGNED,25.98,2,3,7,0.00791,bitfinex,tBTCF0:USTF0,v11.0-genome-architecture-v1,BITFINEX_ZERO,v11.0-genome-architecture-v1,COMBO_604_SP4_CHASE_3PLUS,AI60-65 · Spread4 · Chase 3+,APPROVE,59122.0,0.053224,0.012469,NEAR_SUPPORT,-0.003977,1.0,0.0,0.616197,0.0,17.478544,148.205,148.205,148.205,0-5m,AI_DIRECT,AI_DIRECT_CHASE,3,,13.36,0.0,0.0475,0.0475,False,0.0,0.0,-0.000203,-0.000186,0.050797,1.690001,13.119485,-0.050797,0.594943,59127.0,59017.464169,59306.002278,60876.122416,-0.004865,NEAR_SUPPORT,SHORT_PREFERRED,0.053224,0.012469,BEAR,3.0,44.0,0.0,100,4.4,True,True,APPROVE,62,"```json
{
  ""direction"": ""SHORT"",
  ""confidence"": 62,
  ""long_score"": 30,
  ""short_score"": 70,
  ""preferred_direction"": ""SHORT"",
  ""entry_zone_low"": 58864.0,
  ""entry_zone_high"": 59000.0,
  ""limit_price"": 58932.0,
  ""expected_mfe"": 350,
  ""expected_mae"": 200,
  ""reversal_probability"": 35,
  ""exit_style"": ""AGGRESSIVE"",
  ""reasons_for_trade"": [
    ""MTF agreement is BEAR_ALIGNED across 15m/1h/4h"",
    ""EMA stack is bearish (price below all EMAs, EMA9 below EMA21, EMA21 below EMA200)"",
    ""ADX at 25.98 indicates trending conditions favoring continuation"",
    ""Regime label is BEAR, sr_bias is SHORT_PREFERRED"",
    ""Price is near support (1.25% away) but no reversal confirmation - continuation more likely"",
    ""Velocity negative, volume ratio below average (0.79) suggesting weak buying pressure"",
    ""Funding positive (longs pay shorts) - bearish sentiment""
  ],
  ""reasons_against_trade"": [
    ""Price is near support - bounce risk elevated"",
    ""Micro structure shows higher low detected and BULL_CONTINUATION shift"",
    ""Trend health state is BULL with bull_score 7 vs bear_score 6"",
    ""Reversal risk score is 35 - non-trivial chance of reversal"",
    ""Edge score (4.4) above threshold but not extreme""
  ],
  ""bull_score"": 3,
  ""bear_score"": 7
}
```",59135.36,59094.41,MAKER,TAKER,0.033828,13.36,148.205,1.39,1.38,0.0,0.0,-0.0,-0.0,6.93,36.971857,PROFIT_LOCK_LADDER,13.119485,1.690001,-0.000186,0.594943,False,True,"{'velocity': -0.00018594587284683132, 'volume': 0.05079725, 'volume_ratio': 1.6900005835475393, 'delta': 13.119485300000008, 'imbalance': 0.5949425618194567, 'delta_change': -0.050797249999998684}",4.1,"{'early_fail_enabled': True, 'invert_signal': False, 'ai_enabled': True, 'edge_threshold': 3.0, 'edge_threshold_max': None, 'edge_range_preset': 'min_only', 'ai_threshold': 44.0, 'leverage': 100, 'pullback_threshold': 0.001}","{'ema9': 59017.46416857423, 'ema21': 59306.00227806611, 'ema200': 60876.12241555554, 'ema_spread': -0.004865, 'ema9_slope_pct': -0.3256, 'ema21_slope_pct': -0.28, 'ema9_above_ema21': False, 'ema21_above_ema200': False}",ORDERFLOW_SPIKE,4.1,4.1,False,True,INV_False_EF_True,SHORT,10,6,SCENARIO_C_RUNNER_10_v4,40.0,10.0,-12.0,2.0,8.0,300,1,2,-32.0,False,False,True,False,480,3,5.0,False,5,0.75,"[[10, 6], [19, 17], [40, 28], [60, 45], [80, 60], [100, 75], [150, 120]]","{""trail_ladder"": [[10, 6], [19, 17], [40, 28], [60, 45], [80, 60], [100, 75], [150, 120]], ""ladder_first_trigger_pct"": 10, ""ladder_first_lock_pct"": 6, ""exit_profile_id"": ""SCENARIO_C_RUNNER_10_v4"", ""peak_never_loser_min_peak"": 40.0, ""peak_never_loser_floor"": 10.0, ""thesis_fast_exit_unreal_pct"": -12.0, ""thesis_mfe_protect_pct"": 2.0, ""thesis_exit_if_above_unreal_pct"": 8.0, ""thesis_min_age_sec"": 300, ""thesis_score_flip_margin"": 1, ""thesis_early_decay_delta"": 2, ""early_fail_pct_threshold"": -32.0, ""type_a_first_candle_enabled"": false, ""type_a_early_fail_enabled"": false, ""scenario_c_exit_profile"": true, ""type_a_stall_enabled"": false, ""type_a_stall_min_age_sec"": 480, ""type_a_stall_min_candles"": 3, ""type_a_stall_max_mfe_pct"": 5.0, ""trend_weakening_enabled"": false, ""spread_penalty_threshold"": 5, ""spread_penalty_margin_mult"": 0.75}",2026-06-26T03:31:50.200263+00:00,2026-06-26 13:31:50 AEST,2026-06-26 13:31:50 AEST
2026-06-26T03:38:49.816480+00:00,cont-f5fd5c9265a0,SHORT,59335.5,59399.0,0.52824,-10.7,20.0,3,-2.14,-2.14,0.0,0.0,-0.0,-0.0,THESIS_FAST_CUT,100,0.36,62,44.0,True,SIM_LIMIT,AI_DIRECT_LIMIT,,,,,0,BEAR,SR,60-70,SPAWN,0,0,MIXED,BEAR_ALIGNED,24.44,-2,3,6,0.00791,bitfinex,tBTCF0:USTF0,v11.0-genome-architecture-v1,BITFINEX_ZERO,v11.0-genome-architecture-v1,CONTINUOUS,Continuous AI Research,APPROVE,59293.0,0.046593,0.018688,FREE_RANGE,-0.003529,0.0,0.0,0.528241,-12.724254,1.432532,140.663,140.663,140.663,0-5m,AI_DIRECT,AI_DIRECT_CHASE,2,,42.5,0.0,0.0,0.0,False,0.0,0.0,-0.000174,0.0,0.046,1.165238,-0.003291,-0.046,0.003088,59237.0,59092.611335,59316.250005,60868.419226,-0.00377,FREE_RANGE,SHORT_PREFERRED,0.046593,0.018688,BEAR,3.0,44.0,0.0,100,2.5,True,True,APPROVE,62,"```json
{
  ""direction"": ""SHORT"",
  ""confidence"": 62,
  ""long_score"": 28,
  ""short_score"": 72,
  ""preferred_direction"": ""SHORT"",
  ""entry_zone_low"": 59300,
  ""entry_zone_high"": 59450,
  ""limit_price"": 59375,
  ""expected_mfe"": 450,
  ""expected_mae"": 200,
  ""reversal_probability"": 43,
  ""exit_style"": ""AGGRESSIVE"",
  ""reasons_for_trade"": [
    ""MTF agreement is BEAR_ALIGNED (15m ranging, 1h/4h bearish) - strong bearish hierarchy"",
    ""Market structure shows LH/LL sequence active, last swing high at 59467, structure bias MIXED but leaning bear"",
    ""EMA stack is bearish (price below EMA21, EMA21 below EMA200, bear stack confirmed)"",
    ""Trend health state is BEAR with bear_score 6 vs bull_score 3, intact bearish trend"",
    ""ADX at 24.44 near trending threshold, trend_score -2, favoring continuation"",
    ""Price is near micro resistance (59467) with only 0.39% distance - short entry at resistance in bear trend"",
    ""Liquidity sweep low already occurred, suggesting potential further downside after retest"",
    ""Funding positive (longs pay shorts) at 0.00791% per 8h, favoring short positions"",
    ""Volume ratio below 1 (0.81) indicates lack of buying pressure on recent moves"",
    ""Edge score 2.5 below threshold 3.0, but bearish structure compensates""
  ],
  ""reasons_against_trade"": [
    ""Price is closer to support (1.86%) than resistance (4.67%), increasing bounce risk near support"",
    ""Reversal risk score 43 suggests moderate reversal probability, not negligible"",
    ""Micro structure shows near_micro_sr true and rejects_micro_sr true - potential for support hold"",
    ""Distance to micro support only 1.48%, limiting downside if support breaks slowly"",
    ""Candle range moderate with balanced wick/body ratio, no strong momentum signal yet"",
    ""Entry stage is EARLY, may need more confirmation of breakdown""
  ],
  ""bull_score"": 3,
  ""bear_score"": 6
}
```",59335.5,59399.0,MAKER,TAKER,0.03373,42.5,140.663,-2.14,-2.14,0.0,0.0,-0.0,-0.0,-10.7,31.694569,THESIS_FAST_CUT,-0.003291,1.165238,0.0,0.003088,False,True,"{'velocity': 0.0, 'volume': 0.046, 'volume_ratio': 1.1652381756682113, 'delta': -0.0032914100000001056, 'imbalance': 0.0030879843669695895, 'delta_change': -0.04600000000000004}",2.5,"{'early_fail_enabled': True, 'invert_signal': False, 'ai_enabled': True, 'edge_threshold': 3.0, 'edge_threshold_max': None, 'edge_range_preset': 'min_only', 'ai_threshold': 44.0, 'leverage': 100, 'pullback_threshold': 0.001}","{'ema9': 59092.61133485939, 'ema21': 59316.25000485952, 'ema200': 60868.419226014834, 'ema_spread': -0.00377, 'ema9_slope_pct': 0.0149, 'ema21_slope_pct': -0.1262, 'ema9_above_ema21': False, 'ema21_above_ema200': False}",WEAK_SETUP,2.5,2.5,False,True,INV_False_EF_True,SHORT,10,6,SCENARIO_C_RUNNER_10_v4,40.0,10.0,-12.0,2.0,8.0,300,1,2,-32.0,False,False,True,False,480,3,5.0,False,5,0.75,"[[10, 6], [19, 17], [40, 28], [60, 45], [80, 60], [100, 75], [150, 120]]","{""trail_ladder"": [[10, 6], [19, 17], [40, 28], [60, 45], [80, 60], [100, 75], [150, 120]], ""ladder_first_trigger_pct"": 10, ""ladder_first_lock_pct"": 6, ""exit_profile_id"": ""SCENARIO_C_RUNNER_10_v4"", ""peak_never_loser_min_peak"": 40.0, ""peak_never_loser_floor"": 10.0, ""thesis_fast_exit_unreal_pct"": -12.0, ""thesis_mfe_protect_pct"": 2.0, ""thesis_exit_if_above_unreal_pct"": 8.0, ""thesis_min_age_sec"": 300, ""thesis_score_flip_margin"": 1, ""thesis_early_decay_delta"": 2, ""early_fail_pct_threshold"": -32.0, ""type_a_first_candle_enabled"": false, ""type_a_early_fail_enabled"": false, ""scenario_c_exit_profile"": true, ""type_a_stall_enabled"": false, ""type_a_stall_min_age_sec"": 480, ""type_a_stall_min_candles"": 3, ""type_a_stall_max_mfe_pct"": 5.0, ""trend_weakening_enabled"": false, ""spread_penalty_threshold"": 5, ""spread_penalty_margin_mult"": 0.75}",2026-06-26T03:38:49.816480+00:00,2026-06-26 13:38:49 AEST,2026-06-26 13:38:49 AEST
2026-06-26T07:09:51.514562+00:00,cont-8319b46f2cfb,SHORT,60366.06,60450.0,5.424747,-13.9,20.0,4,-2.78,-2.78,0.0,0.0,-0.0,-0.0,THESIS_INVALIDATED,100,0.46,62,44.0,True,SIM_LIMIT,AI_DIRECT_LIMIT,,,,,0,BEAR,SR,60-70,SPAWN,-3,-3,BEARISH_STRUCTURE,CONFLICTED,18.74,-3,3,7,0.00791,bitfinex,tBTCF0:USTF0,v11.0-genome-architecture-v1,BITFINEX_ZERO,v11.0-genome-architecture-v1,CONTINUOUS,Continuous AI Research,APPROVE,60339.0,0.02758,0.036514,FREE_RANGE,0.003683,1.0,252.4,5.424748,-12.611391,8.624051,335.916,335.916,335.916,5-15m,AI_DIRECT,AI_DIRECT_CHASE,6,,27.06,0.0,0.0,0.0,False,0.0,0.0,-0.001789,3.6e-05,0.005685,0.03728,0.501143,0.0,0.956078,60349.0,60056.705048,59855.460065,60816.722346,0.003362,FREE_RANGE,SHORT_PREFERRED,0.02758,0.036514,BEAR,3.0,44.0,0.0,100,0.3,True,True,APPROVE,62,"```json
{
  ""direction"": ""SHORT"",
  ""confidence"": 62,
  ""long_score"": 28,
  ""short_score"": 72,
  ""preferred_direction"": ""SHORT"",
  ""entry_zone_low"": 60450,
  ""entry_zone_high"": 60600,
  ""limit_price"": 60525,
  ""expected_mfe"": 180,
  ""expected_mae"": 120,
  ""reversal_probability"": 56,
  ""exit_style"": ""AGGRESSIVE"",
  ""reasons_for_trade"": [
    ""BEAR regime with intact bearish trend health (bear_score 6 vs bull_score 4)"",
    ""Market structure bias BEARISH_STRUCTURE with structure_score -3 and recent LL/HL sequence"",
    ""Multi-timeframe conflicted but 4h BEARISH dominates, 15m BULLISH is short-term pullback only"",
    ""Price above micro resistance (60092) but still below EMA200 (60816) - bearish EMA stack"",
    ""Liquidity sweep low already occurred, suggesting potential continuation lower after retest"",
    ""Funding positive (7.9e-05) favors shorts, longs paying - consistent with bearish bias"",
    ""ADX 18.74 below 25 but trend strength score -3 indicates weak trend - mean reversion risk noted"",
    ""Edge score 0.3 well below threshold 3.0 - no strong edge, but bearish case structurally stronger""
  ],
  ""reasons_against_trade"": [
    ""Price near micro support (59730) - short entry near support has reduced expectancy historically"",
    ""Higher low detected (HL) suggests potential micro reversal forming"",
    ""Reversal risk score 56 - moderate probability of bounce from current levels"",
    ""Volume ratio extremely low (0.0014) - lack of conviction in current move"",
    ""15m timeframe BULLISH - short-term momentum could counter short entry"",
    ""Compression regime detected - could break either direction with low predictability""
  ],
  ""bull_score"": 3,
  ""bear_score"": 7
}
```

Direction: SHORT
Win probability: 62%
Long score: 28
Short score: 72
Bull score: 3
Bear score: 7
Decision: APPROVE
Reason: Bearish case dominates across structure, trend health, and funding. Short entry above micro resistance (60092) with limit at 60525 allows for pullback entry in bearish context. While ADX is below 25 and volume is low, the structural bearish alignment (BEAR regime, bearish structure score -3, EMA200 above price) outweighs the short-term 15m bullish bias. Reversal risk is moderate (56) but not confirmed - no structure shift or momentum expansion in bullish direction. Short entry near support is a concern, but the bearish continuation case is stronger than bounce risk given the HTF context. Exit style AGGRESSIVE due to low volume and compression regime - quick profit taking recommended.",60366.06,60450.0,MAKER,TAKER,0.033146,27.06,335.916,-2.78,-2.78,0.0,0.0,-0.0,-0.0,-13.9,325.484945,THESIS_INVALIDATED,0.501143,0.03728,3.6e-05,0.956078,False,True,"{'price': 60349.0, 'ret_1m': 0.0, 'ret_5m': 0.0008623977975687016, 'ema9': 60056.7050483189, 'ema21': 59855.46006481081, 'ema200': 60816.72234566064, 'dist_to_support': 0.0365140138895795, 'dist_to_resistance': 0.02758026287438052, 'volume': 0.005685276, 'volume_ratio': 0.037280255495011794, 'delta': 0.5011429919999999, 'velocity': 3.6466268038138e-05, 'imbalance': 0.9560784883558018, 'candle_range': 252.4, 'body_ratio': 0.48841535205497905, 'wick_ratio': 0.511584647945021}",0.3,"{'early_fail_enabled': True, 'invert_signal': False, 'ai_enabled': True, 'edge_threshold': 3.0, 'edge_threshold_max': None, 'edge_range_preset': 'min_only', 'ai_threshold': 44.0, 'leverage': 100, 'pullback_threshold': 0.001}","{'ema9': 60056.7050483189, 'ema21': 59855.46006481081, 'ema200': 60816.72234566064, 'ema_spread': 0.003362, 'ema9_slope_pct': 0.3456, 'ema21_slope_pct': 0.2249, 'ema9_above_ema21': True, 'ema21_above_ema200': False}",MOMENTUM_LONG,0.3,0.3,False,True,INV_False_EF_True,SHORT,10,6,SCENARIO_C_RUNNER_10_v4,40.0,10.0,-12.0,2.0,8.0,300,1,2,-32.0,False,False,True,False,480,3,5.0,False,5,0.75,"[[10, 6], [19, 17], [40, 28], [60, 45], [80, 60], [100, 75], [150, 120]]","{""trail_ladder"": [[10, 6], [19, 17], [40, 28], [60, 45], [80, 60], [100, 75], [150, 120]], ""ladder_first_trigger_pct"": 10, ""ladder_first_lock_pct"": 6, ""exit_profile_id"": ""SCENARIO_C_RUNNER_10_v4"", ""peak_never_loser_min_peak"": 40.0, ""peak_never_loser_floor"": 10.0, ""thesis_fast_exit_unreal_pct"": -12.0, ""thesis_mfe_protect_pct"": 2.0, ""thesis_exit_if_above_unreal_pct"": 8.0, ""thesis_min_age_sec"": 300, ""thesis_score_flip_margin"": 1, ""thesis_early_decay_delta"": 2, ""early_fail_pct_threshold"": -32.0, ""type_a_first_candle_enabled"": false, ""type_a_early_fail_enabled"": false, ""scenario_c_exit_profile"": true, ""type_a_stall_enabled"": false, ""type_a_stall_min_age_sec"": 480, ""type_a_stall_min_candles"": 3, ""type_a_stall_max_mfe_pct"": 5.0, ""trend_weakening_enabled"": false, ""spread_penalty_threshold"": 5, ""spread_penalty_margin_mult"": 0.75}",2026-06-26T07:09:51.514562+00:00,2026-06-26 17:09:51 AEST,2026-06-26 17:09:51 AEST
2026-06-26T07:12:30.922353+00:00,c604c-dfc26fd6ab57,SHORT,60390.56,60442.0,5.201789,-8.51,20.0,4,-1.7,-1.7,0.0,0.0,-0.0,-0.0,THESIS_INVALIDATED,100,0.28,62,44.0,True,SIM_LIMIT,AI_DIRECT_LIMIT,,,,,0,BEAR,SR,60-70,SPAWN,-3,-3,BEARISH_STRUCTURE,CONFLICTED,18.74,-3,3,7,0.00791,bitfinex,tBTCF0:USTF0,v11.0-genome-architecture-v1,BITFINEX_ZERO,v11.0-genome-architecture-v1,COMBO_604_SP4_CHASE_3PLUS,AI60-65 · Spread4 · Chase 3+,APPROVE,60345.0,0.02758,0.036514,FREE_RANGE,0.003835,0.464153,252.4,5.20179,-13.300092,2.410973,471.959,471.959,471.959,5-15m,AI_DIRECT,AI_DIRECT_CHASE,5,,45.56,0.0,0.0,0.0,False,0.0,0.0,-0.001716,-1.7e-05,0.00174,0.246881,0.503131,0.0,0.932376,60339.0,60056.705048,59855.460065,60816.722346,0.003362,FREE_RANGE,SHORT_PREFERRED,0.02758,0.036514,BEAR,3.0,44.0,0.0,100,0.3,True,True,APPROVE,62,"```json
{
  ""direction"": ""SHORT"",
  ""confidence"": 62,
  ""long_score"": 28,
  ""short_score"": 72,
  ""preferred_direction"": ""SHORT"",
  ""entry_zone_low"": 60450,
  ""entry_zone_high"": 60600,
  ""limit_price"": 60525,
  ""expected_mfe"": 180,
  ""expected_mae"": 120,
  ""reversal_probability"": 56,
  ""exit_style"": ""AGGRESSIVE"",
  ""reasons_for_trade"": [
    ""BEAR regime with intact bearish trend health (bear_score 6 vs bull_score 4)"",
    ""Market structure bias BEARISH_STRUCTURE with structure_score -3 and recent LL/HL sequence"",
    ""Multi-timeframe conflicted but 4h BEARISH dominates, 15m BULLISH is short-term pullback only"",
    ""Price above micro resistance (60092) but still below EMA200 (60816) - bearish EMA stack"",
    ""Liquidity sweep low already occurred, suggesting potential continuation lower after retest"",
    ""Funding positive (7.9e-05) favors shorts, longs paying - consistent with bearish bias"",
    ""ADX 18.74 below 25 but trend strength score -3 indicates weak trend - mean reversion risk noted"",
    ""Edge score 0.3 well below threshold 3.0 - no strong edge, but bearish case structurally stronger""
  ],
  ""reasons_against_trade"": [
    ""Price near micro support (59730) - short entry near support has reduced expectancy historically"",
    ""Higher low detected (HL) suggests potential micro reversal forming"",
    ""Reversal risk score 56 - moderate probability of bounce from current levels"",
    ""Volume ratio extremely low (0.0014) - lack of conviction in current move"",
    ""15m timeframe BULLISH - short-term momentum could counter short entry"",
    ""Compression regime detected - could break either direction with low predictability""
  ],
  ""bull_score"": 3,
  ""bear_score"": 7
}
```

Direction: SHORT
Win probability: 62%
Long score: 28
Short score: 72
Bull score: 3
Bear score: 7
Decision: APPROVE
Reason: Bearish case dominates across structure, trend health, and funding. Short entry above micro resistance (60092) with limit at 60525 allows for pullback entry in bearish context. While ADX is below 25 and volume is low, the structural bearish alignment (BEAR regime, bearish structure score -3, EMA200 above price) outweighs the short-term 15m bullish bias. Reversal risk is moderate (56) but not confirmed - no structure shift or momentum expansion in bullish direction. Short entry near support is a concern, but the bearish continuation case is stronger than bounce risk given the HTF context. Exit style AGGRESSIVE due to low volume and compression regime - quick profit taking recommended.",60390.56,60442.0,MAKER,TAKER,0.033143,45.56,471.959,-1.7,-1.7,0.0,0.0,-0.0,-0.0,-8.51,312.107472,THESIS_INVALIDATED,0.503131,0.246881,-1.7e-05,0.932376,False,True,"{'price': 60339.0, 'ret_1m': -4.971661529283086e-05, 'ret_5m': 0.00023207625362619145, 'ema9': 60056.7050483189, 'ema21': 59855.46006481081, 'ema200': 60816.72234566064, 'dist_to_support': 0.0365140138895795, 'dist_to_resistance': 0.02758026287438052, 'volume': 0.0017399999999999998, 'volume_ratio': 0.24688077066542571, 'delta': 0.503131272, 'velocity': -1.6568690002665906e-05, 'imbalance': 0.9323763677147869, 'candle_range': 252.4, 'body_ratio': 0.48841535205497905, 'wick_ratio': 0.511584647945021}",1.1,"{'early_fail_enabled': True, 'invert_signal': False, 'ai_enabled': True, 'edge_threshold': 3.0, 'edge_threshold_max': None, 'edge_range_preset': 'min_only', 'ai_threshold': 44.0, 'leverage': 100, 'pullback_threshold': 0.001}","{'ema9': 60056.7050483189, 'ema21': 59855.46006481081, 'ema200': 60816.72234566064, 'ema_spread': 0.003362, 'ema9_slope_pct': 0.3456, 'ema21_slope_pct': 0.2249, 'ema9_above_ema21': True, 'ema21_above_ema200': False}",WEAK_SETUP,1.1,1.1,False,True,INV_False_EF_True,SHORT,10,6,SCENARIO_C_RUNNER_10_v4,40.0,10.0,-12.0,2.0,8.0,300,1,2,-32.0,False,False,True,False,480,3,5.0,False,5,0.75,"[[10, 6], [19, 17], [40, 28], [60, 45], [80, 60], [100, 75], [150, 120]]","{""trail_ladder"": [[10, 6], [19, 17], [40, 28], [60, 45], [80, 60], [100, 75], [150, 120]], ""ladder_first_trigger_pct"": 10, ""ladder_first_lock_pct"": 6, ""exit_profile_id"": ""SCENARIO_C_RUNNER_10_v4"", ""peak_never_loser_min_peak"": 40.0, ""peak_never_loser_floor"": 10.0, ""thesis_fast_exit_unreal_pct"": -12.0, ""thesis_mfe_protect_pct"": 2.0, ""thesis_exit_if_above_unreal_pct"": 8.0, ""thesis_min_age_sec"": 300, ""thesis_score_flip_margin"": 1, ""thesis_early_decay_delta"": 2, ""early_fail_pct_threshold"": -32.0, ""type_a_first_candle_enabled"": false, ""type_a_early_fail_enabled"": false, ""scenario_c_exit_profile"": true, ""type_a_stall_enabled"": false, ""type_a_stall_min_age_sec"": 480, ""type_a_stall_min_candles"": 3, ""type_a_stall_max_mfe_pct"": 5.0, ""trend_weakening_enabled"": false, ""spread_penalty_threshold"": 5, ""spread_penalty_margin_mult"": 0.75}",2026-06-26T07:12:30.922353+00:00,2026-06-26 17:12:30 AEST,2026-06-26 17:12:30 AEST
2026-06-26T07:14:27.516835+00:00,cont-7e856de57e22,SHORT,60479.75,60556.29,0.057966,-12.66,20.0,4,-2.53,-2.53,0.0,0.0,-0.0,0.0,THESIS_FAST_CUT,100,0.42,58,44.0,True,SIM_LIMIT,AI_DIRECT_LIMIT,,,,,0,BEAR,SR,50-60,SPAWN,-3,-3,BEARISH_STRUCTURE,CONFLICTED,19.25,-3,3,7,0.00791,bitfinex,tBTCF0:USTF0,v11.0-genome-architecture-v1,BITFINEX_ZERO,v11.0-genome-architecture-v1,CONTINUOUS,Continuous AI Research,APPROVE,60434.0,0.026101,0.037901,FREE_RANGE,0.003824,0.992408,248.1,0.057967,-12.655476,0.0,70.202,70.202,70.202,0-5m,AI_DIRECT,AI_DIRECT_CHASE,1,,45.75,0.0,0.2413,0.2413,False,0.0,0.0,-1.9e-05,2.5e-05,0.02127,2.532409,0.116524,0.0,0.911306,60447.0,60143.004039,59913.219894,60816.338897,0.003835,FREE_RANGE,SHORT_PREFERRED,0.026101,0.037901,BEAR,3.0,44.0,0.0,100,1.5,True,True,APPROVE,58,"```json
{
  ""direction"": ""SHORT"",
  ""confidence"": 58,
  ""long_score"": 32,
  ""short_score"": 68,
  ""preferred_direction"": ""SHORT"",
  ""entry_zone_low"": 60450,
  ""entry_zone_high"": 60550,
  ""limit_price"": 60500,
  ""expected_mfe"": 180,
  ""expected_mae"": 120,
  ""reversal_probability"": 36,
  ""exit_style"": ""AGGRESSIVE"",
  ""reasons_for_trade"": [
    ""BEAR regime with intact trend health (bear_score 6 vs bull_score 4)"",
    ""Market structure bearish (structure_score -3, LH/LL sequence active)"",
    ""Price below EMA200 (-0.65%) with bearish EMA stack (EMA21 below EMA200)"",
    ""ADX 19.25 below 25 but trend strength negative, favoring mean reversion risk"",
    ""Liquidity sweep low already occurred, suggesting potential continuation lower"",
    ""Funding positive (longs pay shorts) favoring short positioning"",
    ""Micro structure near resistance (0.54% to micro resistance 60092) with LEAN_BEAR bias"",
    ""Compression regime may resolve downward given bearish HTF context""
  ],
  ""reasons_against_trade"": [
    ""MTF conflicted (15m bullish, 1h ranging, 4h bearish) reduces conviction"",
    ""Price above EMA9 and EMA21 (short-term bullish alignment)"",
    ""Volume ratio low (0.39) suggesting lack of participation"",
    ""Distance to support (3.79%) is larger than distance to resistance (2.61%)"",
    ""Reversal risk score 36 indicates non-trivial bounce potential near support"",
    ""ADX below 25 suggests no strong trending momentum""
  ],
  ""bull_score"": 3,
  ""bear_score"": 7
}
```",60479.75,60556.29,MAKER,TAKER,0.033094,45.75,70.202,-2.53,-2.53,0.0,0.0,-0.0,0.0,-12.66,3.47809,THESIS_FAST_CUT,0.116524,2.532409,2.5e-05,0.911306,False,True,"{'price': 60447.0, 'ret_1m': -0.0001984816156403513, 'ret_5m': -0.00036382278522879494, 'ema9': 60143.004038655126, 'ema21': 59913.2198936244, 'ema200': 60816.33889696318, 'dist_to_support': 0.03790135716650116, 'dist_to_resistance': 0.02610062893081761, 'volume': 0.02127, 'volume_ratio': 2.532409003604454, 'delta': 0.116523822, 'velocity': 2.483078112269061e-05, 'imbalance': 0.9113061979839493, 'candle_range': 248.1, 'body_ratio': 0.4962665526600083, 'wick_ratio': 0.5037334473399917}",1.5,"{'early_fail_enabled': True, 'invert_signal': False, 'ai_enabled': True, 'edge_threshold': 3.0, 'edge_threshold_max': None, 'edge_range_preset': 'min_only', 'ai_threshold': 44.0, 'leverage': 100, 'pullback_threshold': 0.001}","{'ema9': 60143.004038655126, 'ema21': 59913.2198936244, 'ema200': 60816.33889696318, 'ema_spread': 0.003835, 'ema9_slope_pct': 0.4377, 'ema21_slope_pct': 0.2783, 'ema9_above_ema21': True, 'ema21_above_ema200': False}",MOMENTUM_LONG,1.5,1.5,False,True,INV_False_EF_True,SHORT,10,6,SCENARIO_C_RUNNER_10_v4,40.0,10.0,-12.0,2.0,8.0,300,1,2,-32.0,False,False,True,False,480,3,5.0,False,5,0.75,"[[10, 6], [19, 17], [40, 28], [60, 45], [80, 60], [100, 75], [150, 120]]","{""trail_ladder"": [[10, 6], [19, 17], [40, 28], [60, 45], [80, 60], [100, 75], [150, 120]], ""ladder_first_trigger_pct"": 10, ""ladder_first_lock_pct"": 6, ""exit_profile_id"": ""SCENARIO_C_RUNNER_10_v4"", ""peak_never_loser_min_peak"": 40.0, ""peak_never_loser_floor"": 10.0, ""thesis_fast_exit_unreal_pct"": -12.0, ""thesis_mfe_protect_pct"": 2.0, ""thesis_exit_if_above_unreal_pct"": 8.0, ""thesis_min_age_sec"": 300, ""thesis_score_flip_margin"": 1, ""thesis_early_decay_delta"": 2, ""early_fail_pct_threshold"": -32.0, ""type_a_first_candle_enabled"": false, ""type_a_early_fail_enabled"": false, ""scenario_c_exit_profile"": true, ""type_a_stall_enabled"": false, ""type_a_stall_min_age_sec"": 480, ""type_a_stall_min_candles"": 3, ""type_a_stall_max_mfe_pct"": 5.0, ""trend_weakening_enabled"": false, ""spread_penalty_threshold"": 5, ""spread_penalty_margin_mult"": 0.75}",2026-06-26T07:14:27.516835+00:00,2026-06-26 17:14:27 AEST,2026-06-26 17:14:27 AEST
2026-06-26T07:14:31.053323+00:00,cont-da95d3b71fc6,SHORT,60475.75,60556.29,0.086107,-13.32,20.0,4,-2.66,-2.66,0.0,0.0,-0.0,0.0,THESIS_FAST_CUT,100,0.44,62,44.0,True,SIM_LIMIT,AI_DIRECT_LIMIT,,,,,0,BEAR,SR,60-70,SPAWN,-3,-3,BEARISH_STRUCTURE,CONFLICTED,19.25,-3,3,7,0.00791,bitfinex,tBTCF0:USTF0,v11.0-genome-architecture-v1,BITFINEX_ZERO,v11.0-genome-architecture-v1,CONTINUOUS,Continuous AI Research,APPROVE,60443.0,0.02571,0.038267,FREE_RANGE,0.003824,1.0,241.0,0.086108,-13.317735,0.0,184.372,184.372,184.372,0-5m,AI_DIRECT,AI_DIRECT_CHASE,1,,32.75,0.0,0.2413,0.2413,False,0.0,0.0,-2.8e-05,5.5e-05,0.001427,0.715219,0.44155,0.0,0.382484,60443.0,60137.804039,59910.856257,60816.08019,0.003788,FREE_RANGE,SHORT_PREFERRED,0.02571,0.038267,BEAR,3.0,44.0,0.0,100,1.9,True,True,APPROVE,62,"```json
{
  ""direction"": ""SHORT"",
  ""confidence"": 62,
  ""long_score"": 30,
  ""short_score"": 72,
  ""preferred_direction"": ""SHORT"",
  ""entry_zone_low"": 60400,
  ""entry_zone_high"": 60600,
  ""limit_price"": 60500,
  ""expected_mfe"": 250,
  ""expected_mae"": 120,
  ""reversal_probability"": 38,
  ""exit_style"": ""AGGRESSIVE"",
  ""reasons_for_trade"": [
    ""BEAR regime with intact trend health (bear_score 6 vs bull_score 4)"",
    ""Market structure bearish (LL/HL sequence, structure_score -3)"",
    ""Price below EMA200 (bearish macro context) and EMA stack not bullish"",
    ""ADX 19.25 below 25 but trend strength still negative; mean reversion risk noted"",
    ""Funding positive (longs pay shorts) favoring short positioning"",
    ""Micro structure shows lower high potential (price near micro resistance 60092)"",
    ""Volume ratio elevated (1.9) with positive delta suggesting distribution"",
    ""Multi-timeframe conflicted but 4h bearish dominates""
  ],
  ""reasons_against_trade"": [
    ""Price near micro support (59730) could trigger bounce"",
    ""Reversal risk score 38 indicates non-trivial reversal probability"",
    ""EMA9 and EMA21 above price (short-term bullish tilt)"",
    ""MTF conflicted (15m bullish, 1h ranging, 4h bearish) reduces conviction"",
    ""ADX below 25 suggests non-trending conditions, mean reversion risk""
  ],
  ""bull_score"": 3,
  ""bear_score"": 7
}
```",60475.75,60556.29,MAKER,TAKER,0.033089,32.75,184.372,-2.66,-2.66,0.0,0.0,-0.0,0.0,-13.32,5.166569,THESIS_FAST_CUT,0.44155,0.715219,5.5e-05,0.382484,False,True,"{'price': 60443.0, 'ret_1m': 0.0003475555261328655, 'ret_5m': 0.0015907998740616767, 'ema9': 60137.80403865512, 'ema21': 59910.85625726077, 'ema200': 60816.080190495515, 'dist_to_support': 0.03826745859735619, 'dist_to_resistance': 0.02571017322105124, 'volume': 0.001426982, 'volume_ratio': 0.7152185636408631, 'delta': 0.4415495330000002, 'velocity': 5.4638453684888385e-05, 'imbalance': 0.38248443694005946, 'candle_range': 241.0, 'body_ratio': 0.5205582091978362, 'wick_ratio': 0.47944179080216387}",0.3,"{'early_fail_enabled': True, 'invert_signal': False, 'ai_enabled': True, 'edge_threshold': 3.0, 'edge_threshold_max': None, 'edge_range_preset': 'min_only', 'ai_threshold': 44.0, 'leverage': 100, 'pullback_threshold': 0.001}","{'ema9': 60137.80403865512, 'ema21': 59910.85625726077, 'ema200': 60816.080190495515, 'ema_spread': 0.003788, 'ema9_slope_pct': 0.429, 'ema21_slope_pct': 0.2744, 'ema9_above_ema21': True, 'ema21_above_ema200': False}",MOMENTUM_LONG,0.3,0.3,False,True,INV_False_EF_True,SHORT,10,6,SCENARIO_C_RUNNER_10_v4,40.0,10.0,-12.0,2.0,8.0,300,1,2,-32.0,False,False,True,False,480,3,5.0,False,5,0.75,"[[10, 6], [19, 17], [40, 28], [60, 45], [80, 60], [100, 75], [150, 120]]","{""trail_ladder"": [[10, 6], [19, 17], [40, 28], [60, 45], [80, 60], [100, 75], [150, 120]], ""ladder_first_trigger_pct"": 10, ""ladder_first_lock_pct"": 6, ""exit_profile_id"": ""SCENARIO_C_RUNNER_10_v4"", ""peak_never_loser_min_peak"": 40.0, ""peak_never_loser_floor"": 10.0, ""thesis_fast_exit_unreal_pct"": -12.0, ""thesis_mfe_protect_pct"": 2.0, ""thesis_exit_if_above_unreal_pct"": 8.0, ""thesis_min_age_sec"": 300, ""thesis_score_flip_margin"": 1, ""thesis_early_decay_delta"": 2, ""early_fail_pct_threshold"": -32.0, ""type_a_first_candle_enabled"": false, ""type_a_early_fail_enabled"": false, ""scenario_c_exit_profile"": true, ""type_a_stall_enabled"": false, ""type_a_stall_min_age_sec"": 480, ""type_a_stall_min_candles"": 3, ""type_a_stall_max_mfe_pct"": 5.0, ""trend_weakening_enabled"": false, ""spread_penalty_threshold"": 5, ""spread_penalty_margin_mult"": 0.75}",2026-06-26T07:14:31.053323+00:00,2026-06-26 17:14:31 AEST,2026-06-26 17:14:31 AEST
2026-06-26T07:21:50.821909+00:00,cont-1af769786c6c,SHORT,60637.21,60608.45,0.245377,4.74,20.0,4,0.95,0.95,0.0,0.0,-0.0,-0.0,PROFIT_LOCK_LADDER,100,0.16,62,44.0,True,SIM_LIMIT,AI_DIRECT_LIMIT,,,,,0,BEAR,SR,60-70,SPAWN,-3,-3,BEARISH_STRUCTURE,MIXED,20.32,-3,3,7,0.00791,bitfinex,tBTCF0:USTF0,v11.0-genome-architecture-v1,BITFINEX_ZERO,v11.0-genome-architecture-v1,CONTINUOUS,Continuous AI Research,APPROVE,60608.0,0.022698,0.041091,FREE_RANGE,0.004378,0.224597,251.2,0.245378,0.0,11.196096,246.674,246.674,246.674,0-5m,AI_DIRECT,AI_DIRECT_CHASE,5,,29.21,0.0,0.279,0.279,False,0.0,0.0,-8.1e-05,2.8e-05,0.000896,1.125758,-0.002466,0.0,0.279651,60608.0,60244.123231,59980.687507,60817.520714,0.004392,FREE_RANGE,SHORT_PREFERRED,0.022698,0.041091,BEAR,3.0,44.0,0.0,100,1.7,True,True,APPROVE,62,"```json
{
  ""direction"": ""SHORT"",
  ""confidence"": 62,
  ""long_score"": 30,
  ""short_score"": 70,
  ""preferred_direction"": ""SHORT"",
  ""entry_zone_low"": 60700,
  ""entry_zone_high"": 60900,
  ""limit_price"": 60800,
  ""expected_mfe"": 250,
  ""expected_mae"": 150,
  ""reversal_probability"": 10,
  ""exit_style"": ""AGGRESSIVE"",
  ""reasons_for_trade"": [
    ""BEAR regime with intact trend health (bear_score 6 vs bull_score 4)"",
    ""Market structure is BEARISH_STRUCTURE with structure_score -3 and BEAR_CONTINUATION shift"",
    ""Price below EMA200 (60817) and EMA9 slope positive but price near resistance zone"",
    ""ADX 20.32 below 25 but trending bias from regime tracker is TRENDING bear"",
    ""Liquidity sweep low already occurred, suggesting potential continuation lower"",
    ""Funding positive (7.9e-5) favors shorts, longs paying"",
    ""Micro structure shows LEAN_BEAR bias with micro resistance at 60092 already tested"",
    ""Distance to resistance (2.32%) is closer than support (4.06%), favoring short from resistance""
  ],
  ""reasons_against_trade"": [
    ""MTF mixed (15m bullish, 1h/4h ranging) reduces conviction"",
    ""EMA9 above EMA21 (short-term bullish cross) could provide support"",
    ""Higher low detected on micro structure suggests potential bounce"",
    ""Volume ratio near 1.0, no strong volume confirmation"",
    ""ADX below 25 indicates non-trending conditions, mean reversion risk""
  ],
  ""bull_score"": 3,
  ""bear_score"": 7
}
```",60637.21,60608.45,MAKER,TAKER,0.032999,29.21,246.674,0.95,0.95,0.0,0.0,-0.0,-0.0,4.74,14.722711,PROFIT_LOCK_LADDER,-0.002466,1.125758,2.8e-05,0.279651,False,True,"{'price': 60608.0, 'ret_1m': 0.0, 'ret_5m': 0.0, 'ema9': 60244.1232309241, 'ema21': 59980.68750659462, 'ema200': 60817.520714092905, 'dist_to_support': 0.041091370977054155, 'dist_to_resistance': 0.02269840484320615, 'volume': 0.0008957380000000001, 'volume_ratio': 1.125757574539223, 'delta': -0.002465904, 'velocity': 2.8074645525381395e-05, 'imbalance': 0.27965066021177065, 'candle_range': 251.2, 'body_ratio': 0.5237219174996077, 'wick_ratio': 0.47627808250039216}",1.7,"{'early_fail_enabled': True, 'invert_signal': False, 'ai_enabled': True, 'edge_threshold': 3.0, 'edge_threshold_max': None, 'edge_range_preset': 'min_only', 'ai_threshold': 44.0, 'leverage': 100, 'pullback_threshold': 0.001}","{'ema9': 60244.1232309241, 'ema21': 59980.68750659462, 'ema200': 60817.520714092905, 'ema_spread': 0.004392, 'ema9_slope_pct': 0.4251, 'ema21_slope_pct': 0.2882, 'ema9_above_ema21': True, 'ema21_above_ema200': False}",WEAK_SETUP,1.7,1.7,False,True,INV_False_EF_True,SHORT,10,6,SCENARIO_C_RUNNER_10_v4,40.0,10.0,-12.0,2.0,8.0,300,1,2,-32.0,False,False,True,False,480,3,5.0,False,5,0.75,"[[10, 6], [19, 17], [40, 28], [60, 45], [80, 60], [100, 75], [150, 120]]","{""trail_ladder"": [[10, 6], [19, 17], [40, 28], [60, 45], [80, 60], [100, 75], [150, 120]], ""ladder_first_trigger_pct"": 10, ""ladder_first_lock_pct"": 6, ""exit_profile_id"": ""SCENARIO_C_RUNNER_10_v4"", ""peak_never_loser_min_peak"": 40.0, ""peak_never_loser_floor"": 10.0, ""thesis_fast_exit_unreal_pct"": -12.0, ""thesis_mfe_protect_pct"": 2.0, ""thesis_exit_if_above_unreal_pct"": 8.0, ""thesis_min_age_sec"": 300, ""thesis_score_flip_margin"": 1, ""thesis_early_decay_delta"": 2, ""early_fail_pct_threshold"": -32.0, ""type_a_first_candle_enabled"": false, ""type_a_early_fail_enabled"": false, ""scenario_c_exit_profile"": true, ""type_a_stall_enabled"": false, ""type_a_stall_min_age_sec"": 480, ""type_a_stall_min_candles"": 3, ""type_a_stall_max_mfe_pct"": 5.0, ""trend_weakening_enabled"": false, ""spread_penalty_threshold"": 5, ""spread_penalty_margin_mult"": 0.75}",2026-06-26T07:21:50.821909+00:00,2026-06-26 17:21:50 AEST,2026-06-26 17:21:50 AEST
2026-06-26T07:23:50.139917+00:00,c604c-06e56eef6b5c,SHORT,60626.13,60597.0,1.127874,4.81,20.0,4,0.96,0.96,0.0,0.0,-0.0,-0.0,PROFIT_LOCK_LADDER,100,0.16,62,44.0,True,SIM_LIMIT,AI_DIRECT_LIMIT,,,,,0,BEAR,SR,60-70,SPAWN,-3,-3,BEARISH_STRUCTURE,MIXED,20.32,-3,3,7,0.00791,bitfinex,tBTCF0:USTF0,v11.0-genome-architecture-v1,BITFINEX_ZERO,v11.0-genome-architecture-v1,COMBO_604_SP4_CHASE_3PLUS,AI60-65 · Spread4 · Chase 3+,APPROVE,60608.0,0.022698,0.041091,FREE_RANGE,0.004321,0.224597,251.2,1.127875,0.0,13.382019,306.95,306.95,306.95,5-15m,AI_DIRECT,AI_DIRECT_CHASE,6,,18.13,0.0,0.0,0.0,False,0.0,0.0,-0.000372,2.8e-05,0.000896,1.125758,-0.002466,0.0,0.279651,60608.0,60244.123231,59980.687507,60817.520714,0.004392,FREE_RANGE,SHORT_PREFERRED,0.022698,0.041091,BEAR,3.0,44.0,0.0,100,1.7,True,True,APPROVE,62,"```json
{
  ""direction"": ""SHORT"",
  ""confidence"": 62,
  ""long_score"": 30,
  ""short_score"": 70,
  ""preferred_direction"": ""SHORT"",
  ""entry_zone_low"": 60700,
  ""entry_zone_high"": 60900,
  ""limit_price"": 60800,
  ""expected_mfe"": 250,
  ""expected_mae"": 150,
  ""reversal_probability"": 10,
  ""exit_style"": ""AGGRESSIVE"",
  ""reasons_for_trade"": [
    ""BEAR regime with intact trend health (bear_score 6 vs bull_score 4)"",
    ""Market structure is BEARISH_STRUCTURE with structure_score -3 and BEAR_CONTINUATION shift"",
    ""Price below EMA200 (60817) and EMA9 slope positive but price near resistance zone"",
    ""ADX 20.32 below 25 but trending bias from regime tracker is TRENDING bear"",
    ""Liquidity sweep low already occurred, suggesting potential continuation lower"",
    ""Funding positive (7.9e-5) favors shorts, longs paying"",
    ""Micro structure shows LEAN_BEAR bias with micro resistance at 60092 already tested"",
    ""Distance to resistance (2.32%) is closer than support (4.06%), favoring short from resistance""
  ],
  ""reasons_against_trade"": [
    ""MTF mixed (15m bullish, 1h/4h ranging) reduces conviction"",
    ""EMA9 above EMA21 (short-term bullish cross) could provide support"",
    ""Higher low detected on micro structure suggests potential bounce"",
    ""Volume ratio near 1.0, no strong volume confirmation"",
    ""ADX below 25 indicates non-trending conditions, mean reversion risk""
  ],
  ""bull_score"": 3,
  ""bear_score"": 7
}
```",60626.13,60597.0,MAKER,TAKER,0.032999,18.13,306.95,0.96,0.96,0.0,0.0,-0.0,-0.0,4.81,67.672565,PROFIT_LOCK_LADDER,-0.002466,1.125758,2.8e-05,0.279651,False,True,"{'price': 60608.0, 'ret_1m': 0.0, 'ret_5m': 0.0, 'ema9': 60244.1232309241, 'ema21': 59980.68750659462, 'ema200': 60817.520714092905, 'dist_to_support': 0.041091370977054155, 'dist_to_resistance': 0.02269840484320615, 'volume': 0.0008957380000000001, 'volume_ratio': 1.125757574539223, 'delta': -0.002465904, 'velocity': 2.8074645525381395e-05, 'imbalance': 0.27965066021177065, 'candle_range': 251.2, 'body_ratio': 0.5237219174996077, 'wick_ratio': 0.47627808250039216}",1.7,"{'early_fail_enabled': True, 'invert_signal': False, 'ai_enabled': True, 'edge_threshold': 3.0, 'edge_threshold_max': None, 'edge_range_preset': 'min_only', 'ai_threshold': 44.0, 'leverage': 100, 'pullback_threshold': 0.001}","{'ema9': 60244.1232309241, 'ema21': 59980.68750659462, 'ema200': 60817.520714092905, 'ema_spread': 0.004392, 'ema9_slope_pct': 0.4251, 'ema21_slope_pct': 0.2882, 'ema9_above_ema21': True, 'ema21_above_ema200': False}",WEAK_SETUP,1.7,1.7,False,True,INV_False_EF_True,SHORT,10,6,SCENARIO_C_RUNNER_10_v4,40.0,10.0,-12.0,2.0,8.0,300,1,2,-32.0,False,False,True,False,480,3,5.0,False,5,0.75,"[[10, 6], [19, 17], [40, 28], [60, 45], [80, 60], [100, 75], [150, 120]]","{""trail_ladder"": [[10, 6], [19, 17], [40, 28], [60, 45], [80, 60], [100, 75], [150, 120]], ""ladder_first_trigger_pct"": 10, ""ladder_first_lock_pct"": 6, ""exit_profile_id"": ""SCENARIO_C_RUNNER_10_v4"", ""peak_never_loser_min_peak"": 40.0, ""peak_never_loser_floor"": 10.0, ""thesis_fast_exit_unreal_pct"": -12.0, ""thesis_mfe_protect_pct"": 2.0, ""thesis_exit_if_above_unreal_pct"": 8.0, ""thesis_min_age_sec"": 300, ""thesis_score_flip_margin"": 1, ""thesis_early_decay_delta"": 2, ""early_fail_pct_threshold"": -32.0, ""type_a_first_candle_enabled"": false, ""type_a_early_fail_enabled"": false, ""scenario_c_exit_profile"": true, ""type_a_stall_enabled"": false, ""type_a_stall_min_age_sec"": 480, ""type_a_stall_min_candles"": 3, ""type_a_stall_max_mfe_pct"": 5.0, ""trend_weakening_enabled"": false, ""spread_penalty_threshold"": 5, ""spread_penalty_margin_mult"": 0.75}",2026-06-26T07:23:50.139917+00:00,2026-06-26 17:23:50 AEST,2026-06-26 17:23:50 AEST
2026-06-26T07:25:14.328353+00:00,cont-d64a28b6ff4d,SHORT,60647.0,60616.35,0.04589,5.05,20.0,4,1.01,1.01,0.0,0.0,-0.0,0.0,PROFIT_LOCK_LADDER,100,0.17,62,44.0,True,SIM_LIMIT,AI_DIRECT_LIMIT,,,,,0,BEAR,SR,60-70,SPAWN,-3,-3,BEARISH_STRUCTURE,MIXED,20.44,-3,3,7,0.00791,bitfinex,tBTCF0:USTF0,v11.0-genome-architecture-v1,BITFINEX_ZERO,v11.0-genome-architecture-v1,CONTINUOUS,Continuous AI Research,APPROVE,60575.0,0.022935,0.04087,FREE_RANGE,0.00437,0.49527,251.2,0.045891,0.0,11.87198,67.725,67.725,67.725,0-5m,AI_DIRECT,AI_DIRECT_CHASE,2,,72.0,0.0,0.804,0.804,False,0.0,0.0,-1.5e-05,-5.1e-05,0.009844,0.085771,0.827525,0.0,0.469669,60575.0,60236.323231,59977.142052,60817.132654,0.004321,FREE_RANGE,SHORT_PREFERRED,0.022935,0.04087,BEAR,3.0,44.0,0.0,100,1.7,True,True,APPROVE,62,"```json
{
  ""direction"": ""SHORT"",
  ""confidence"": 62,
  ""long_score"": 30,
  ""short_score"": 70,
  ""preferred_direction"": ""SHORT"",
  ""entry_zone_low"": 60600,
  ""entry_zone_high"": 60800,
  ""limit_price"": 60700,
  ""expected_mfe"": 250,
  ""expected_mae"": 150,
  ""reversal_probability"": 56,
  ""exit_style"": ""AGGRESSIVE"",
  ""reasons_for_trade"": [
    ""Trend health is BEAR with bear_score 6 vs bull_score 4, indicating intact bearish momentum"",
    ""Market structure bias is BEARISH_STRUCTURE with structure_score -3, supporting continuation"",
    ""EMA stack is not fully bearish (ema9 above ema21) but price below ema200 and ema21 below ema200, mixed but leaning bearish"",
    ""ADX at 20.44 is below 25, but trend strength is still negative (trend_score -3) and mean reversion risk is flagged"",
    ""Multi-timeframe shows 15m BULLISH but 1h/4h RANGING, no strong bull alignment to counter bearish HTF"",
    ""Liquidity sweep low detected, suggesting bearish pressure may continue after sweeping lows"",
    ""Funding rate positive (0.00791% per 8h) favors shorts, as longs pay shorts"",
    ""Price is near micro resistance (60092) and recent high (61997), providing a short entry zone above current price"",
    ""Edge score is 1.7 below threshold 3.0, indicating no strong edge for longs""
  ],
  ""reasons_against_trade"": [
    ""Reversal risk score is 56, indicating moderate reversal probability from current levels"",
    ""Higher low detected suggests some buying interest and potential for a bounce"",
    ""ADX below 25 suggests no strong trending market, increasing risk of choppy price action"",
    ""Volume ratio is very low (0.016), indicating low participation and potential for false moves"",
    ""Price is closer to resistance (2.3%) than support (4.0%), but this is location context only"",
    ""15m timeframe is BULLISH, creating mixed MTF signals that could lead to short-term counter-trend moves""
  ],
  ""bull_score"": 3,
  ""bear_score"": 7
}
```

**Direction: SHORT**  
**Win probability: 62%**  
**Long score: 30**  
**Short score: 70**  
**Bull score: 3**  
**Bear score: 7**  
**Decision: APPROVE**  
**Reason:** Bearish trend health, bearish structure bias, positive funding favoring shorts, and proximity to micro resistance support a short entry. The low volume and moderate reversal risk temper confidence, but the bearish case clearly outweighs the bullish case (score gap 40 points). Entry above current price (pullback to resistance zone) aligns with continuation bias.",60647.0,60616.35,MAKER,TAKER,0.033017,72.0,67.725,1.01,1.01,0.0,0.0,-0.0,0.0,5.05,2.75348,PROFIT_LOCK_LADDER,0.827525,0.085771,-5.1e-05,0.469669,False,True,"{'price': 60567.0, 'ret_1m': -9.905403397553365e-05, 'ret_5m': -0.0001980884464913584, 'ema9': 60236.3232309241, 'ema21': 59977.14205204917, 'ema200': 60817.13265439142, 'dist_to_support': 0.04086986651706898, 'dist_to_resistance': 0.022934644513010048, 'volume': 0.009844, 'volume_ratio': 0.08577107008364429, 'delta': 0.8275253899999988, 'velocity': -5.115301980122036e-05, 'imbalance': 0.46966940501660454, 'candle_range': 251.2, 'body_ratio': 0.5237219174996077, 'wick_ratio': 0.47627808250039216}",1.7,"{'early_fail_enabled': True, 'invert_signal': False, 'ai_enabled': True, 'edge_threshold': 3.0, 'edge_threshold_max': None, 'edge_range_preset': 'min_only', 'ai_threshold': 44.0, 'leverage': 100, 'pullback_threshold': 0.001}","{'ema9': 60236.3232309241, 'ema21': 59977.14205204917, 'ema200': 60817.13265439142, 'ema_spread': 0.004321, 'ema9_slope_pct': 0.4121, 'ema21_slope_pct': 0.2823, 'ema9_above_ema21': True, 'ema21_above_ema200': False}",WEAK_SETUP,1.7,1.7,False,True,INV_False_EF_True,SHORT,10,6,SCENARIO_C_RUNNER_10_v4,40.0,10.0,-12.0,2.0,8.0,300,1,2,-32.0,False,False,True,False,480,3,5.0,False,5,0.75,"[[10, 6], [19, 17], [40, 28], [60, 45], [80, 60], [100, 75], [150, 120]]","{""trail_ladder"": [[10, 6], [19, 17], [40, 28], [60, 45], [80, 60], [100, 75], [150, 120]], ""ladder_first_trigger_pct"": 10, ""ladder_first_lock_pct"": 6, ""exit_profile_id"": ""SCENARIO_C_RUNNER_10_v4"", ""peak_never_loser_min_peak"": 40.0, ""peak_never_loser_floor"": 10.0, ""thesis_fast_exit_unreal_pct"": -12.0, ""thesis_mfe_protect_pct"": 2.0, ""thesis_exit_if_above_unreal_pct"": 8.0, ""thesis_min_age_sec"": 300, ""thesis_score_flip_margin"": 1, ""thesis_early_decay_delta"": 2, ""early_fail_pct_threshold"": -32.0, ""type_a_first_candle_enabled"": false, ""type_a_early_fail_enabled"": false, ""scenario_c_exit_profile"": true, ""type_a_stall_enabled"": false, ""type_a_stall_min_age_sec"": 480, ""type_a_stall_min_candles"": 3, ""type_a_stall_max_mfe_pct"": 5.0, ""trend_weakening_enabled"": false, ""spread_penalty_threshold"": 5, ""spread_penalty_margin_mult"": 0.75}",2026-06-26T07:25:14.328353+00:00,2026-06-26 17:25:14 AEST,2026-06-26 17:25:14 AEST
2026-06-26T07:26:52.162601+00:00,c604c-e0924a4abc2e,SHORT,60649.56,60627.56,1.430347,3.63,20.0,4,0.73,0.73,0.0,0.0,-0.0,-0.0,PROFIT_LOCK_LADDER,100,0.12,62,44.0,True,SIM_LIMIT,AI_DIRECT_LIMIT,,,,,0,BEAR,SR,60-70,SPAWN,-3,-3,BEARISH_STRUCTURE,MIXED,20.44,-3,3,7,0.00791,bitfinex,tBTCF0:USTF0,v11.0-genome-architecture-v1,BITFINEX_ZERO,v11.0-genome-architecture-v1,COMBO_604_SP4_CHASE_3PLUS,AI60-65 · Spread4 · Chase 3+,APPROVE,60583.0,0.022935,0.04087,FREE_RANGE,0.00433,1.0,0.0,1.430348,0.0,15.426328,73.357,73.357,73.357,0-5m,AI_DIRECT,AI_DIRECT_CHASE,2,,66.56,0.0,0.2164,0.2164,False,0.0,0.0,-0.000472,0.000149,0.00064,0.071085,1.031022,0.00064,0.520993,60597.0,60236.323231,59977.142052,60817.132654,0.004321,FREE_RANGE,SHORT_PREFERRED,0.022935,0.04087,BEAR,3.0,44.0,0.0,100,1.7,True,True,APPROVE,62,"```json
{
  ""direction"": ""SHORT"",
  ""confidence"": 62,
  ""long_score"": 30,
  ""short_score"": 70,
  ""preferred_direction"": ""SHORT"",
  ""entry_zone_low"": 60600,
  ""entry_zone_high"": 60800,
  ""limit_price"": 60700,
  ""expected_mfe"": 250,
  ""expected_mae"": 150,
  ""reversal_probability"": 56,
  ""exit_style"": ""AGGRESSIVE"",
  ""reasons_for_trade"": [
    ""Trend health is BEAR with bear_score 6 vs bull_score 4, indicating intact bearish momentum"",
    ""Market structure bias is BEARISH_STRUCTURE with structure_score -3, supporting continuation"",
    ""EMA stack is not fully bearish (ema9 above ema21) but price below ema200 and ema21 below ema200, mixed but leaning bearish"",
    ""ADX at 20.44 is below 25, but trend strength is still negative (trend_score -3) and mean reversion risk is flagged"",
    ""Multi-timeframe shows 15m BULLISH but 1h/4h RANGING, no strong bull alignment to counter bearish HTF"",
    ""Liquidity sweep low detected, suggesting bearish pressure may continue after sweeping lows"",
    ""Funding rate positive (0.00791% per 8h) favors shorts, as longs pay shorts"",
    ""Price is near micro resistance (60092) and recent high (61997), providing a short entry zone above current price"",
    ""Edge score is 1.7 below threshold 3.0, indicating no strong edge for longs""
  ],
  ""reasons_against_trade"": [
    ""Reversal risk score is 56, indicating moderate reversal probability from current levels"",
    ""Higher low detected suggests some buying interest and potential for a bounce"",
    ""ADX below 25 suggests no strong trending market, increasing risk of choppy price action"",
    ""Volume ratio is very low (0.016), indicating low participation and potential for false moves"",
    ""Price is closer to resistance (2.3%) than support (4.0%), but this is location context only"",
    ""15m timeframe is BULLISH, creating mixed MTF signals that could lead to short-term counter-trend moves""
  ],
  ""bull_score"": 3,
  ""bear_score"": 7
}
```

**Direction: SHORT**  
**Win probability: 62%**  
**Long score: 30**  
**Short score: 70**  
**Bull score: 3**  
**Bear score: 7**  
**Decision: APPROVE**  
**Reason:** Bearish trend health, bearish structure bias, positive funding favoring shorts, and proximity to micro resistance support a short entry. The low volume and moderate reversal risk temper confidence, but the bearish case clearly outweighs the bullish case (score gap 40 points). Entry above current price (pullback to resistance zone) aligns with continuation bias.",60649.56,60627.56,MAKER,TAKER,0.033013,66.56,73.357,0.73,0.73,0.0,0.0,-0.0,-0.0,3.63,85.820939,PROFIT_LOCK_LADDER,1.031022,0.071085,0.000149,0.520993,False,True,"{'velocity': 0.00014852710619688093, 'volume': 0.00064, 'volume_ratio': 0.07108490447632751, 'delta': 1.0310221099999979, 'imbalance': 0.5209928611309256, 'delta_change': 0.0006399999999999739}",1.7,"{'early_fail_enabled': True, 'invert_signal': False, 'ai_enabled': True, 'edge_threshold': 3.0, 'edge_threshold_max': None, 'edge_range_preset': 'min_only', 'ai_threshold': 44.0, 'leverage': 100, 'pullback_threshold': 0.001}","{'ema9': 60236.3232309241, 'ema21': 59977.14205204917, 'ema200': 60817.13265439142, 'ema_spread': 0.004321, 'ema9_slope_pct': 0.4121, 'ema21_slope_pct': 0.2823, 'ema9_above_ema21': True, 'ema21_above_ema200': False}",MOMENTUM_LONG,1.7,1.7,False,True,INV_False_EF_True,SHORT,10,6,SCENARIO_C_RUNNER_10_v4,40.0,10.0,-12.0,2.0,8.0,300,1,2,-32.0,False,False,True,False,480,3,5.0,False,5,0.75,"[[10, 6], [19, 17], [40, 28], [60, 45], [80, 60], [100, 75], [150, 120]]","{""trail_ladder"": [[10, 6], [19, 17], [40, 28], [60, 45], [80, 60], [100, 75], [150, 120]], ""ladder_first_trigger_pct"": 10, ""ladder_first_lock_pct"": 6, ""exit_profile_id"": ""SCENARIO_C_RUNNER_10_v4"", ""peak_never_loser_min_peak"": 40.0, ""peak_never_loser_floor"": 10.0, ""thesis_fast_exit_unreal_pct"": -12.0, ""thesis_mfe_protect_pct"": 2.0, ""thesis_exit_if_above_unreal_pct"": 8.0, ""thesis_min_age_sec"": 300, ""thesis_score_flip_margin"": 1, ""thesis_early_decay_delta"": 2, ""early_fail_pct_threshold"": -32.0, ""type_a_first_candle_enabled"": false, ""type_a_early_fail_enabled"": false, ""scenario_c_exit_profile"": true, ""type_a_stall_enabled"": false, ""type_a_stall_min_age_sec"": 480, ""type_a_stall_min_candles"": 3, ""type_a_stall_max_mfe_pct"": 5.0, ""trend_weakening_enabled"": false, ""spread_penalty_threshold"": 5, ""spread_penalty_margin_mult"": 0.75}",2026-06-26T07:26:52.162601+00:00,2026-06-26 17:26:52 AEST,2026-06-26 17:26:52 AEST
2026-06-26T08:25:23.387928+00:00,cont-d3b0ae00ed02,SHORT,60346.0,60410.0,3.250767,-10.6,20.0,4,-2.12,-2.12,0.0,0.0,-0.0,-0.0,THESIS_FAST_CUT,100,0.35,62,44.0,True,SIM_LIMIT,AI_DIRECT_LIMIT,,,,,0,BEAR,SR,60-70,SPAWN,-3,-3,BEARISH_STRUCTURE,MIXED,21.83,-3,3,7,0.00321,bitfinex,tBTCF0:USTF0,v11.0-genome-architecture-v1,BITFINEX_ZERO,v11.0-genome-architecture-v1,CONTINUOUS,Continuous AI Research,APPROVE,60252.0,0.02528,0.03637,FREE_RANGE,0.003838,0.165937,245.4,3.250768,-12.262619,0.828555,203.685,203.685,203.685,0-5m,AI_DIRECT,AI_DIRECT_CHASE,3,,94.0,0.0,0.0,0.0,False,0.0,0.0,-0.000401,-1.5e-05,0.004,3.193847,-0.072862,0.0,0.349206,60259.0,60358.596715,60131.728264,60817.126286,0.003773,FREE_RANGE,SHORT_PREFERRED,0.02528,0.03637,BEAR,3.0,44.0,0.0,100,2.1,True,True,APPROVE,62,"```json
{
  ""direction"": ""SHORT"",
  ""confidence"": 62,
  ""long_score"": 30,
  ""short_score"": 72,
  ""preferred_direction"": ""SHORT"",
  ""entry_zone_low"": 60350,
  ""entry_zone_high"": 60500,
  ""limit_price"": 60425,
  ""expected_mfe"": 180,
  ""expected_mae"": 120,
  ""reversal_probability"": 43,
  ""exit_style"": ""AGGRESSIVE"",
  ""reasons_for_trade"": [
    ""Market structure is BEARISH with structure_score -3 and last swing labels showing LL/HL pattern favoring continuation"",
    ""Multi-timeframe agreement is MIXED but 4h is BEARISH, and no bull TF count exists"",
    ""Trend health state is BEAR with bear_score 6 vs bull_score 4, indicating intact bearish momentum"",
    ""ADX at 21.83 is below 25 but trend_score is -3, suggesting weak trend but still bearish bias"",
    ""EMA alignment shows price below EMA200 (-0.81%) and EMA9 above EMA21 but stack is not bullish, indicating potential resistance overhead"",
    ""Orderflow shows negative delta (-0.0109) and negative velocity, supporting bearish pressure"",
    ""Micro structure bias is LEAN_BEAR with price near micro resistance (60821) and rejects at that level"",
    ""Funding rate positive (2.276e-05) means longs pay shorts, favoring short positioning"",
    ""Edge score is 2.1 below threshold of 3, indicating no strong edge for reversal"",
    ""Volume ratio is low (0.0385) suggesting lack of buying conviction on bounces""
  ],
  ""reasons_against_trade"": [
    ""Price is near micro support (59730) at 0.91% distance, which could provide a bounce zone"",
    ""Higher low detected recently suggests some buying interest at lower levels"",
    ""ADX below 25 indicates non-trending conditions, increasing mean reversion risk"",
    ""Reversal risk score is 43, indicating moderate probability of a bounce from current levels"",
    ""EMA9 is above EMA21 (golden cross on short timeframe) which could attract short-term buyers"",
    ""Candle has high wick ratio (0.59) suggesting rejection of lower prices intra-candle""
  ],
  ""bull_score"": 3,
  ""bear_score"": 7
}
```

**Direction:** SHORT  
**Win probability:** 62%  
**Long score:** 30  
**Short score:** 72  
**Bull score:** 3/10  
**Bear score:** 7/10  
**Decision:** APPROVE  

**Reason:** The bearish case is significantly stronger across trend hierarchy, orderflow, and structure. The short score (72) exceeds the long score (30) by more than the required 5-point gap. While ADX is below 25 (non-trending), the bearish structure, negative delta, negative velocity, and bearish trend health provide sufficient directional conviction. The entry is planned above current price (pullback to resistance zone near EMA9/EMA21 confluence) to avoid chasing. The reversal probability of 43% is noted but does not outweigh the bearish continuation evidence. Exit style is AGGRESSIVE given the short duration and proximity to support.",60346.0,60410.0,MAKER,TAKER,0.033194,94.0,203.685,-2.12,-2.12,0.0,0.0,-0.0,-0.0,-10.6,195.046176,THESIS_FAST_CUT,-0.072862,3.193847,-1.5e-05,0.349206,False,True,"{'price': 60259.0, 'ret_1m': 0.0, 'ret_5m': -8.296827293243064e-05, 'ema9': 60358.59671538651, 'ema21': 60131.728264489786, 'ema200': 60817.12628554931, 'dist_to_support': 0.03637026722365891, 'dist_to_resistance': 0.025280153835952522, 'volume': 0.004, 'volume_ratio': 3.1938470536511407, 'delta': -0.07286236000000001, 'velocity': -1.4933297935886375e-05, 'imbalance': 0.34920600746309294, 'candle_range': 245.4, 'body_ratio': 0.4077644270466063, 'wick_ratio': 0.5922355729533936}",2.1,"{'early_fail_enabled': True, 'invert_signal': False, 'ai_enabled': True, 'edge_threshold': 3.0, 'edge_threshold_max': None, 'edge_range_preset': 'min_only', 'ai_threshold': 44.0, 'leverage': 100, 'pullback_threshold': 0.001}","{'ema9': 60358.59671538651, 'ema21': 60131.728264489786, 'ema200': 60817.12628554931, 'ema_spread': 0.003773, 'ema9_slope_pct': 0.0547, 'ema21_slope_pct': 0.1495, 'ema9_above_ema21': True, 'ema21_above_ema200': False}",MOMENTUM_SHORT,2.1,2.1,False,True,INV_False_EF_True,SHORT,10,6,SCENARIO_C_RUNNER_10_v4,40.0,10.0,-12.0,2.0,8.0,300,1,2,-32.0,False,False,True,False,480,3,5.0,False,5,0.75,"[[10, 6], [19, 17], [40, 28], [60, 45], [80, 60], [100, 75], [150, 120]]","{""trail_ladder"": [[10, 6], [19, 17], [40, 28], [60, 45], [80, 60], [100, 75], [150, 120]], ""ladder_first_trigger_pct"": 10, ""ladder_first_lock_pct"": 6, ""exit_profile_id"": ""SCENARIO_C_RUNNER_10_v4"", ""peak_never_loser_min_peak"": 40.0, ""peak_never_loser_floor"": 10.0, ""thesis_fast_exit_unreal_pct"": -12.0, ""thesis_mfe_protect_pct"": 2.0, ""thesis_exit_if_above_unreal_pct"": 8.0, ""thesis_min_age_sec"": 300, ""thesis_score_flip_margin"": 1, ""thesis_early_decay_delta"": 2, ""early_fail_pct_threshold"": -32.0, ""type_a_first_candle_enabled"": false, ""type_a_early_fail_enabled"": false, ""scenario_c_exit_profile"": true, ""type_a_stall_enabled"": false, ""type_a_stall_min_age_sec"": 480, ""type_a_stall_min_candles"": 3, ""type_a_stall_max_mfe_pct"": 5.0, ""trend_weakening_enabled"": false, ""spread_penalty_threshold"": 5, ""spread_penalty_margin_mult"": 0.75}",2026-06-26T08:25:23.387928+00:00,2026-06-26 18:25:23 AEST,2026-06-26 18:25:23 AEST
2026-06-26T08:25:24.663505+00:00,c604c-006fa0897dc6,SHORT,60346.0,60420.76,3.023378,-12.39,20.0,4,-2.48,-2.48,0.0,0.0,-0.0,-0.0,THESIS_FAST_CUT,100,0.41,62,44.0,True,SIM_LIMIT,AI_DIRECT_LIMIT,,,,,0,BEAR,SR,60-70,SPAWN,-3,-3,BEARISH_STRUCTURE,MIXED,21.83,-3,3,7,0.00321,bitfinex,tBTCF0:USTF0,v11.0-genome-architecture-v1,BITFINEX_ZERO,v11.0-genome-architecture-v1,COMBO_604_SP4_CHASE_3PLUS,AI60-65 · Spread4 · Chase 3+,APPROVE,60239.0,0.02528,0.03637,FREE_RANGE,0.003838,0.696991,245.4,3.023379,-12.388559,0.828555,207.717,207.717,207.717,0-5m,AI_DIRECT,AI_DIRECT_CHASE,3,,107.0,0.0,0.0252,0.0252,False,0.0,0.0,-0.000376,-2.3e-05,0.004453,0.029489,-0.051651,0.0,0.185575,60238.0,60358.596715,60131.728264,60817.126286,0.003773,FREE_RANGE,SHORT_PREFERRED,0.02528,0.03637,BEAR,3.0,44.0,0.0,100,2.1,True,True,APPROVE,62,"```json
{
  ""direction"": ""SHORT"",
  ""confidence"": 62,
  ""long_score"": 30,
  ""short_score"": 72,
  ""preferred_direction"": ""SHORT"",
  ""entry_zone_low"": 60350,
  ""entry_zone_high"": 60500,
  ""limit_price"": 60425,
  ""expected_mfe"": 180,
  ""expected_mae"": 120,
  ""reversal_probability"": 43,
  ""exit_style"": ""AGGRESSIVE"",
  ""reasons_for_trade"": [
    ""Market structure is BEARISH with structure_score -3 and last swing labels showing LL/HL pattern favoring continuation"",
    ""Multi-timeframe agreement is MIXED but 4h is BEARISH, and no bull TF count exists"",
    ""Trend health state is BEAR with bear_score 6 vs bull_score 4, indicating intact bearish momentum"",
    ""ADX at 21.83 is below 25 but trend_score is -3, suggesting weak trend but still bearish bias"",
    ""EMA alignment shows price below EMA200 (-0.81%) and EMA9 above EMA21 but stack is not bullish, indicating potential resistance overhead"",
    ""Orderflow shows negative delta (-0.0109) and negative velocity, supporting bearish pressure"",
    ""Micro structure bias is LEAN_BEAR with price near micro resistance (60821) and rejects at that level"",
    ""Funding rate positive (2.276e-05) means longs pay shorts, favoring short positioning"",
    ""Edge score is 2.1 below threshold of 3, indicating no strong edge for reversal"",
    ""Volume ratio is low (0.0385) suggesting lack of buying conviction on bounces""
  ],
  ""reasons_against_trade"": [
    ""Price is near micro support (59730) at 0.91% distance, which could provide a bounce zone"",
    ""Higher low detected recently suggests some buying interest at lower levels"",
    ""ADX below 25 indicates non-trending conditions, increasing mean reversion risk"",
    ""Reversal risk score is 43, indicating moderate probability of a bounce from current levels"",
    ""EMA9 is above EMA21 (golden cross on short timeframe) which could attract short-term buyers"",
    ""Candle has high wick ratio (0.59) suggesting rejection of lower prices intra-candle""
  ],
  ""bull_score"": 3,
  ""bear_score"": 7
}
```

**Direction:** SHORT  
**Win probability:** 62%  
**Long score:** 30  
**Short score:** 72  
**Bull score:** 3/10  
**Bear score:** 7/10  
**Decision:** APPROVE  

**Reason:** The bearish case is significantly stronger across trend hierarchy, orderflow, and structure. The short score (72) exceeds the long score (30) by more than the required 5-point gap. While ADX is below 25 (non-trending), the bearish structure, negative delta, negative velocity, and bearish trend health provide sufficient directional conviction. The entry is planned above current price (pullback to resistance zone near EMA9/EMA21 confluence) to avoid chasing. The reversal probability of 43% is noted but does not outweigh the bearish continuation evidence. Exit style is AGGRESSIVE given the short duration and proximity to support.",60346.0,60420.76,MAKER,TAKER,0.033201,107.0,207.717,-2.48,-2.48,0.0,0.0,-0.0,-0.0,-12.39,181.402797,THESIS_FAST_CUT,-0.051651,0.029489,-2.3e-05,0.185575,False,True,"{'price': 60238.0, 'ret_1m': -0.00011619221512158686, 'ret_5m': -0.00034849566039927643, 'ema9': 60358.59671538651, 'ema21': 60131.728264489786, 'ema200': 60817.12628554931, 'dist_to_support': 0.03637026722365891, 'dist_to_resistance': 0.025280153835952522, 'volume': 0.004452574000000001, 'volume_ratio': 0.02948919280163848, 'delta': -0.051650720000000004, 'velocity': -2.3236982938112766e-05, 'imbalance': 0.18557500099676022, 'candle_range': 245.4, 'body_ratio': 0.4077644270466063, 'wick_ratio': 0.5922355729533936}",2.1,"{'early_fail_enabled': True, 'invert_signal': False, 'ai_enabled': True, 'edge_threshold': 3.0, 'edge_threshold_max': None, 'edge_range_preset': 'min_only', 'ai_threshold': 44.0, 'leverage': 100, 'pullback_threshold': 0.001}","{'ema9': 60358.59671538651, 'ema21': 60131.728264489786, 'ema200': 60817.12628554931, 'ema_spread': 0.003773, 'ema9_slope_pct': 0.0547, 'ema21_slope_pct': 0.1495, 'ema9_above_ema21': True, 'ema21_above_ema200': False}",MOMENTUM_SHORT,2.1,2.1,False,True,INV_False_EF_True,SHORT,10,6,SCENARIO_C_RUNNER_10_v4,40.0,10.0,-12.0,2.0,8.0,300,1,2,-32.0,False,False,True,False,480,3,5.0,False,5,0.75,"[[10, 6], [19, 17], [40, 28], [60, 45], [80, 60], [100, 75], [150, 120]]","{""trail_ladder"": [[10, 6], [19, 17], [40, 28], [60, 45], [80, 60], [100, 75], [150, 120]], ""ladder_first_trigger_pct"": 10, ""ladder_first_lock_pct"": 6, ""exit_profile_id"": ""SCENARIO_C_RUNNER_10_v4"", ""peak_never_loser_min_peak"": 40.0, ""peak_never_loser_floor"": 10.0, ""thesis_fast_exit_unreal_pct"": -12.0, ""thesis_mfe_protect_pct"": 2.0, ""thesis_exit_if_above_unreal_pct"": 8.0, ""thesis_min_age_sec"": 300, ""thesis_score_flip_margin"": 1, ""thesis_early_decay_delta"": 2, ""early_fail_pct_threshold"": -32.0, ""type_a_first_candle_enabled"": false, ""type_a_early_fail_enabled"": false, ""scenario_c_exit_profile"": true, ""type_a_stall_enabled"": false, ""type_a_stall_min_age_sec"": 480, ""type_a_stall_min_candles"": 3, ""type_a_stall_max_mfe_pct"": 5.0, ""trend_weakening_enabled"": false, ""spread_penalty_threshold"": 5, ""spread_penalty_margin_mult"": 0.75}",2026-06-26T08:25:24.663505+00:00,2026-06-26 18:25:24 AEST,2026-06-26 18:25:24 AEST
2026-06-26T08:31:16.395150+00:00,c604c-5739b3c7e81e,SHORT,60408.88,60378.0,2.890609,5.11,20.0,4,1.02,1.02,0.0,0.0,-0.0,-0.0,PROFIT_LOCK_LADDER,100,0.17,62,44.0,True,SIM_LIMIT,AI_DIRECT_LIMIT,,,,,0,BEAR,SR,60-70,SPAWN,-3,-3,BEARISH_STRUCTURE,MIXED,21.62,-3,3,7,0.00387,bitfinex,tBTCF0:USTF0,v11.0-genome-architecture-v1,BITFINEX_ZERO,v11.0-genome-architecture-v1,COMBO_604_SP4_CHASE_3PLUS,AI60-65 · Spread4 · Chase 3+,APPROVE,60352.0,0.026539,0.035187,FREE_RANGE,0.003798,1.0,245.4,2.89061,0.0,12.726606,301.151,301.151,301.151,5-15m,AI_DIRECT,AI_DIRECT_CHASE,5,,56.88,0.0,0.0,0.0,False,0.0,0.0,-0.000451,-3e-05,0.011096,1.219648,0.278048,0.0,0.254737,60364.0,60341.996715,60124.18281,60816.300415,0.003623,FREE_RANGE,SHORT_PREFERRED,0.026539,0.035187,BEAR,3.0,44.0,0.0,100,1.1,True,True,APPROVE,62,"```json
{
  ""direction"": ""SHORT"",
  ""confidence"": 62,
  ""long_score"": 30,
  ""short_score"": 72,
  ""preferred_direction"": ""SHORT"",
  ""entry_zone_low"": 60450,
  ""entry_zone_high"": 60600,
  ""limit_price"": 60525,
  ""expected_mfe"": 180,
  ""expected_mae"": 120,
  ""reversal_probability"": 71,
  ""exit_style"": ""AGGRESSIVE"",
  ""reasons_for_trade"": [
    ""BEAR regime with bearish structure score -3 and BEAR_CONTINUATION market structure shift"",
    ""Multi-timeframe agreement shows 4h BEARISH, 1h RANGING, 15m RANGING - no bullish alignment"",
    ""EMA stack bearish: price below EMA200, EMA21 below EMA200, no bull stack"",
    ""Trend health bear_score (6) > bull_score (4), trend state BEAR and intact"",
    ""ADX 21.62 below 25 but trending market risk is false - mean reversion risk is true, favoring continuation over reversal"",
    ""Micro structure shows LEAN_BEAR bias with micro resistance at 60821, price near micro resistance (0.78% away)"",
    ""Volume ratio very low (0.118) suggesting lack of buying conviction on any bounce"",
    ""Funding positive (longs pay shorts) - slight tailwind for short positions""
  ],
  ""reasons_against_trade"": [
    ""Reversal risk score 71 - high probability of mean reversion or bounce from current levels"",
    ""Price near micro support (59730) at 1.03% distance - short entry near support reduces expectancy"",
    ""EMA9 and EMA21 are above price, short-term momentum slightly bullish (EMA9 above EMA21)"",
    ""Delta positive (0.187) and imbalance positive (0.20) - aggressive buying in recent candles"",
    ""Candle body ratio 0.41 vs wick 0.59 - indecision, potential reversal candle"",
    ""ADX below 25 - no strong trending momentum, range-bound risk""
  ],
  ""bull_score"": 3,
  ""bear_score"": 7
}
```",60408.88,60378.0,MAKER,TAKER,0.033139,56.88,301.151,1.02,1.02,0.0,0.0,-0.0,-0.0,5.11,173.43666,PROFIT_LOCK_LADDER,0.278048,1.219648,-3e-05,0.254737,False,True,"{'price': 60364.0, 'ret_1m': 0.0, 'ret_5m': 0.001892116182572614, 'ema9': 60341.996715386515, 'ema21': 60124.18280994433, 'ema200': 60816.300414902544, 'dist_to_support': 0.035186721991701246, 'dist_to_resistance': 0.026539419087136928, 'volume': 0.011095744000000001, 'volume_ratio': 1.2196481703658197, 'delta': 0.2780480710000002, 'velocity': -2.9799753103507166e-05, 'imbalance': 0.254737100302887, 'candle_range': 245.4, 'body_ratio': 0.4077644270466063, 'wick_ratio': 0.5922355729533936}",1.9,"{'early_fail_enabled': True, 'invert_signal': False, 'ai_enabled': True, 'edge_threshold': 3.0, 'edge_threshold_max': None, 'edge_range_preset': 'min_only', 'ai_threshold': 44.0, 'leverage': 100, 'pullback_threshold': 0.001}","{'ema9': 60341.996715386515, 'ema21': 60124.18280994433, 'ema200': 60816.300414902544, 'ema_spread': 0.003623, 'ema9_slope_pct': 0.0271, 'ema21_slope_pct': 0.137, 'ema9_above_ema21': True, 'ema21_above_ema200': False}",WEAK_SETUP,1.9,1.9,False,True,INV_False_EF_True,SHORT,10,6,SCENARIO_C_RUNNER_10_v4,40.0,10.0,-12.0,2.0,8.0,300,1,2,-32.0,False,False,True,False,480,3,5.0,False,5,0.75,"[[10, 6], [19, 17], [40, 28], [60, 45], [80, 60], [100, 75], [150, 120]]","{""trail_ladder"": [[10, 6], [19, 17], [40, 28], [60, 45], [80, 60], [100, 75], [150, 120]], ""ladder_first_trigger_pct"": 10, ""ladder_first_lock_pct"": 6, ""exit_profile_id"": ""SCENARIO_C_RUNNER_10_v4"", ""peak_never_loser_min_peak"": 40.0, ""peak_never_loser_floor"": 10.0, ""thesis_fast_exit_unreal_pct"": -12.0, ""thesis_mfe_protect_pct"": 2.0, ""thesis_exit_if_above_unreal_pct"": 8.0, ""thesis_min_age_sec"": 300, ""thesis_score_flip_margin"": 1, ""thesis_early_decay_delta"": 2, ""early_fail_pct_threshold"": -32.0, ""type_a_first_candle_enabled"": false, ""type_a_early_fail_enabled"": false, ""scenario_c_exit_profile"": true, ""type_a_stall_enabled"": false, ""type_a_stall_min_age_sec"": 480, ""type_a_stall_min_candles"": 3, ""type_a_stall_max_mfe_pct"": 5.0, ""trend_weakening_enabled"": false, ""spread_penalty_threshold"": 5, ""spread_penalty_margin_mult"": 0.75}",2026-06-26T08:31:16.395150+00:00,2026-06-26 18:31:16 AEST,2026-06-26 18:31:16 AEST
2026-06-26T08:31:32.101006+00:00,cont-bbb6e8d9e484,SHORT,60415.66,60384.0,4.301274,5.24,20.0,4,1.05,1.05,0.0,0.0,-0.0,-0.0,PROFIT_LOCK_LADDER,100,0.17,62,44.0,True,SIM_LIMIT,AI_DIRECT_LIMIT,,,,,0,BEAR,SR,60-70,SPAWN,-3,-3,BEARISH_STRUCTURE,MIXED,21.62,-3,3,7,0.00402,bitfinex,tBTCF0:USTF0,v11.0-genome-architecture-v1,BITFINEX_ZERO,v11.0-genome-architecture-v1,CONTINUOUS,Continuous AI Research,APPROVE,60368.0,0.026539,0.035187,FREE_RANGE,0.003478,1.0,245.4,4.301275,0.0,17.654363,281.201,281.201,281.201,0-5m,AI_DIRECT,AI_DIRECT_CHASE,4,,47.66,0.0,0.0,0.0,False,0.0,0.0,-0.000663,0.000219,0.017087,1.675876,0.223893,0.0,0.228444,60355.0,60341.996715,60124.18281,60816.300415,0.003623,FREE_RANGE,SHORT_PREFERRED,0.026539,0.035187,BEAR,3.0,44.0,0.0,100,1.1,True,True,APPROVE,62,"```json
{
  ""direction"": ""SHORT"",
  ""confidence"": 62,
  ""long_score"": 30,
  ""short_score"": 72,
  ""preferred_direction"": ""SHORT"",
  ""entry_zone_low"": 60450,
  ""entry_zone_high"": 60600,
  ""limit_price"": 60525,
  ""expected_mfe"": 180,
  ""expected_mae"": 120,
  ""reversal_probability"": 71,
  ""exit_style"": ""AGGRESSIVE"",
  ""reasons_for_trade"": [
    ""BEAR regime with bearish structure score -3 and BEAR_CONTINUATION market structure shift"",
    ""Multi-timeframe agreement shows 4h BEARISH, 1h RANGING, 15m RANGING - no bullish alignment"",
    ""EMA stack bearish: price below EMA200, EMA21 below EMA200, no bull stack"",
    ""Trend health bear_score (6) > bull_score (4), trend state BEAR and intact"",
    ""ADX 21.62 below 25 but trending market risk is false - mean reversion risk is true, favoring continuation over reversal"",
    ""Micro structure shows LEAN_BEAR bias with micro resistance at 60821, price near micro resistance (0.78% away)"",
    ""Volume ratio very low (0.118) suggesting lack of buying conviction on any bounce"",
    ""Funding positive (longs pay shorts) - slight tailwind for short positions""
  ],
  ""reasons_against_trade"": [
    ""Reversal risk score 71 - high probability of mean reversion or bounce from current levels"",
    ""Price near micro support (59730) at 1.03% distance - short entry near support reduces expectancy"",
    ""EMA9 and EMA21 are above price, short-term momentum slightly bullish (EMA9 above EMA21)"",
    ""Delta positive (0.187) and imbalance positive (0.20) - aggressive buying in recent candles"",
    ""Candle body ratio 0.41 vs wick 0.59 - indecision, potential reversal candle"",
    ""ADX below 25 - no strong trending momentum, range-bound risk""
  ],
  ""bull_score"": 3,
  ""bear_score"": 7
}
```",60415.66,60384.0,MAKER,TAKER,0.03313,47.66,281.201,1.05,1.05,0.0,0.0,-0.0,-0.0,5.24,258.076563,PROFIT_LOCK_LADDER,0.223893,1.675876,0.000219,0.228444,False,True,"{'price': 60382.0, 'ret_1m': 0.0, 'ret_5m': 0.0023905176134665826, 'ema9': 60341.996715386515, 'ema21': 60124.18280994433, 'ema200': 60816.300414902544, 'dist_to_support': 0.035186721991701246, 'dist_to_resistance': 0.026539419087136928, 'volume': 0.017086821000000002, 'volume_ratio': 1.6758759541756858, 'delta': 0.22389334000000014, 'velocity': 0.00021894614844114563, 'imbalance': 0.22844354881074552, 'candle_range': 245.4, 'body_ratio': 0.4077644270466063, 'wick_ratio': 0.5922355729533936}",1.7,"{'early_fail_enabled': True, 'invert_signal': False, 'ai_enabled': True, 'edge_threshold': 3.0, 'edge_threshold_max': None, 'edge_range_preset': 'min_only', 'ai_threshold': 44.0, 'leverage': 100, 'pullback_threshold': 0.001}","{'ema9': 60341.996715386515, 'ema21': 60124.18280994433, 'ema200': 60816.300414902544, 'ema_spread': 0.003623, 'ema9_slope_pct': 0.0271, 'ema21_slope_pct': 0.137, 'ema9_above_ema21': True, 'ema21_above_ema200': False}",MOMENTUM_LONG,1.7,1.7,False,True,INV_False_EF_True,SHORT,10,6,SCENARIO_C_RUNNER_10_v4,40.0,10.0,-12.0,2.0,8.0,300,1,2,-32.0,False,False,True,False,480,3,5.0,False,5,0.75,"[[10, 6], [19, 17], [40, 28], [60, 45], [80, 60], [100, 75], [150, 120]]","{""trail_ladder"": [[10, 6], [19, 17], [40, 28], [60, 45], [80, 60], [100, 75], [150, 120]], ""ladder_first_trigger_pct"": 10, ""ladder_first_lock_pct"": 6, ""exit_profile_id"": ""SCENARIO_C_RUNNER_10_v4"", ""peak_never_loser_min_peak"": 40.0, ""peak_never_loser_floor"": 10.0, ""thesis_fast_exit_unreal_pct"": -12.0, ""thesis_mfe_protect_pct"": 2.0, ""thesis_exit_if_above_unreal_pct"": 8.0, ""thesis_min_age_sec"": 300, ""thesis_score_flip_margin"": 1, ""thesis_early_decay_delta"": 2, ""early_fail_pct_threshold"": -32.0, ""type_a_first_candle_enabled"": false, ""type_a_early_fail_enabled"": false, ""scenario_c_exit_profile"": true, ""type_a_stall_enabled"": false, ""type_a_stall_min_age_sec"": 480, ""type_a_stall_min_candles"": 3, ""type_a_stall_max_mfe_pct"": 5.0, ""trend_weakening_enabled"": false, ""spread_penalty_threshold"": 5, ""spread_penalty_margin_mult"": 0.75}",2026-06-26T08:31:32.101006+00:00,2026-06-26 18:31:32 AEST,2026-06-26 18:31:32 AEST
2026-06-26T08:33:42.971989+00:00,c604c-16b3a5535330,SHORT,60368.24,60266.0,0.078091,16.94,20.0,4,3.39,3.39,0.0,0.0,-0.0,0.0,PROFIT_LOCK_LADDER,100,0.56,62,44.0,True,SIM_LIMIT,AI_DIRECT_LIMIT,,,,,0,BEAR,SR,60-70,SPAWN,-3,-3,BEARISH_STRUCTURE,MIXED,21.62,-3,3,7,0.00426,bitfinex,tBTCF0:USTF0,v11.0-genome-architecture-v1,BITFINEX_ZERO,v11.0-genome-architecture-v1,COMBO_604_SP4_CHASE_3PLUS,AI60-65 · Spread4 · Chase 3+,APPROVE,60355.0,0.024754,0.036865,FREE_RANGE,0.003327,0.463914,273.4,0.078092,0.0,19.752108,191.447,191.447,191.447,0-5m,AI_DIRECT,AI_DIRECT_CHASE,4,,13.24,0.0,0.0,0.0,False,0.0,0.0,-1.4e-05,-7e-06,0.029479,1.622861,0.31904,0.0,0.539916,60355.0,60359.396715,60132.091901,60817.166087,0.00378,FREE_RANGE,SHORT_PREFERRED,0.024754,0.036865,BEAR,3.0,44.0,0.0,100,1.7,True,True,APPROVE,62,"```json
{
  ""direction"": ""SHORT"",
  ""confidence"": 62,
  ""long_score"": 28,
  ""short_score"": 72,
  ""preferred_direction"": ""SHORT"",
  ""entry_zone_low"": 60400,
  ""entry_zone_high"": 60600,
  ""limit_price"": 60500,
  ""expected_mfe"": 0.008,
  ""expected_mae"": 0.005,
  ""reversal_probability"": 53,
  ""exit_style"": ""AGGRESSIVE"",
  ""reasons_for_trade"": [
    ""BEAR regime with bearish structure (structure_score -3, BEAR_CONTINUATION)"",
    ""MTF agreement: 4h BEARISH, 1h/15m RANGING - no bullish alignment to override HTF bear"",
    ""EMA stack not fully bearish but price below EMA200 (-0.755%) and EMA9 slope positive but weak"",
    ""ADX 21.62 (below 25) but trend_strength.trend_score -3 indicates bearish lean"",
    ""Trend health BEAR with bear_score 6 vs bull_score 4, intact bearish base"",
    ""Funding positive (0.00371% per 8h) favors shorts, longs paying"",
    ""Edge_score 1.7 below threshold 3.0 - no strong edge for counter-trend long"",
    ""Micro structure: LEAN_BEAR, near micro resistance (60821) with rejects, no lower high yet but structure favors continuation"",
    ""Volume ratio 0.71 below average - low participation but delta positive (0.18) suggests some buying pressure, but not enough to flip structure""
  ],
  ""reasons_against_trade"": [
    ""Price near micro support (59730) at 1.04% distance - short entry near support carries bounce risk"",
    ""Higher low detected (HL in swing labels) - potential for micro reversal if support holds"",
    ""Reversal risk score 53 - moderate reversal probability, not negligible"",
    ""EMA9 above EMA21 (bullish cross) - short-term momentum slightly bullish"",
    ""Candle wick ratio 0.60 > body 0.40 - rejection wicks could indicate indecision"",
    ""ADX < 25 - market not strongly trending, mean reversion risk elevated""
  ],
  ""bull_score"": 3,
  ""bear_score"": 7
}
```",60368.24,60266.0,MAKER,TAKER,0.033137,13.24,191.447,3.39,3.39,0.0,0.0,-0.0,0.0,16.94,4.685597,PROFIT_LOCK_LADDER,0.31904,1.622861,-7e-06,0.539916,False,True,"{'price': 60342.0, 'ret_1m': 0.0, 'ret_5m': -0.0002319570548081384, 'ema9': 60359.396715386516, 'ema21': 60132.09190085342, 'ema200': 60817.166086544334, 'dist_to_support': 0.03686521414961478, 'dist_to_resistance': 0.0247535415458537, 'volume': 0.029479078000000002, 'volume_ratio': 1.6228605324297705, 'delta': 0.31903992300000017, 'velocity': -6.623663078841596e-06, 'imbalance': 0.5399156301949759, 'candle_range': 273.4, 'body_ratio': 0.4030977603799396, 'wick_ratio': 0.5969022396200603}",1.7,"{'early_fail_enabled': True, 'invert_signal': False, 'ai_enabled': True, 'edge_threshold': 3.0, 'edge_threshold_max': None, 'edge_range_preset': 'min_only', 'ai_threshold': 44.0, 'leverage': 100, 'pullback_threshold': 0.001}","{'ema9': 60359.396715386516, 'ema21': 60132.09190085342, 'ema200': 60817.166086544334, 'ema_spread': 0.00378, 'ema9_slope_pct': 0.056, 'ema21_slope_pct': 0.1501, 'ema9_above_ema21': True, 'ema21_above_ema200': False}",WEAK_SETUP,1.7,1.7,False,True,INV_False_EF_True,SHORT,10,6,SCENARIO_C_RUNNER_10_v4,40.0,10.0,-12.0,2.0,8.0,300,1,2,-32.0,False,False,True,False,480,3,5.0,False,5,0.75,"[[10, 6], [19, 17], [40, 28], [60, 45], [80, 60], [100, 75], [150, 120]]","{""trail_ladder"": [[10, 6], [19, 17], [40, 28], [60, 45], [80, 60], [100, 75], [150, 120]], ""ladder_first_trigger_pct"": 10, ""ladder_first_lock_pct"": 6, ""exit_profile_id"": ""SCENARIO_C_RUNNER_10_v4"", ""peak_never_loser_min_peak"": 40.0, ""peak_never_loser_floor"": 10.0, ""thesis_fast_exit_unreal_pct"": -12.0, ""thesis_mfe_protect_pct"": 2.0, ""thesis_exit_if_above_unreal_pct"": 8.0, ""thesis_min_age_sec"": 300, ""thesis_score_flip_margin"": 1, ""thesis_early_decay_delta"": 2, ""early_fail_pct_threshold"": -32.0, ""type_a_first_candle_enabled"": false, ""type_a_early_fail_enabled"": false, ""scenario_c_exit_profile"": true, ""type_a_stall_enabled"": false, ""type_a_stall_min_age_sec"": 480, ""type_a_stall_min_candles"": 3, ""type_a_stall_max_mfe_pct"": 5.0, ""trend_weakening_enabled"": false, ""spread_penalty_threshold"": 5, ""spread_penalty_margin_mult"": 0.75}",2026-06-26T08:33:42.971989+00:00,2026-06-26 18:33:42 AEST,2026-06-26 18:33:42 AEST
2026-06-26T08:33:52.464178+00:00,cont-1b112439a3ba,SHORT,60372.94,60273.94,0.45281,16.4,20.0,4,3.28,3.28,0.0,0.0,-0.0,-0.0,PROFIT_LOCK_LADDER,100,0.55,62,44.0,True,SIM_LIMIT,AI_DIRECT_LIMIT,,,,,0,BEAR,SR,60-70,SPAWN,-3,-3,BEARISH_STRUCTURE,MIXED,21.62,-3,3,7,0.00426,bitfinex,tBTCF0:USTF0,v11.0-genome-architecture-v1,BITFINEX_ZERO,v11.0-genome-architecture-v1,CONTINUOUS,Continuous AI Research,APPROVE,60347.0,0.024754,0.036865,FREE_RANGE,0.003327,0.053021,273.4,0.452811,0.0,21.35725,193.635,193.635,193.635,0-5m,AI_DIRECT,AI_DIRECT_CHASE,4,,25.94,0.0,0.197,0.197,False,0.0,0.0,-8e-05,7e-06,0.024863,0.7819,0.283702,0.0,0.916194,60343.0,60359.396715,60132.091901,60817.166087,0.00378,FREE_RANGE,SHORT_PREFERRED,0.024754,0.036865,BEAR,3.0,44.0,0.0,100,1.7,True,True,APPROVE,62,"```json
{
  ""direction"": ""SHORT"",
  ""confidence"": 62,
  ""long_score"": 28,
  ""short_score"": 72,
  ""preferred_direction"": ""SHORT"",
  ""entry_zone_low"": 60400,
  ""entry_zone_high"": 60600,
  ""limit_price"": 60500,
  ""expected_mfe"": 0.008,
  ""expected_mae"": 0.005,
  ""reversal_probability"": 53,
  ""exit_style"": ""AGGRESSIVE"",
  ""reasons_for_trade"": [
    ""BEAR regime with bearish structure (structure_score -3, BEAR_CONTINUATION)"",
    ""MTF agreement: 4h BEARISH, 1h/15m RANGING - no bullish alignment to override HTF bear"",
    ""EMA stack not fully bearish but price below EMA200 (-0.755%) and EMA9 slope positive but weak"",
    ""ADX 21.62 (below 25) but trend_strength.trend_score -3 indicates bearish lean"",
    ""Trend health BEAR with bear_score 6 vs bull_score 4, intact bearish base"",
    ""Funding positive (0.00371% per 8h) favors shorts, longs paying"",
    ""Edge_score 1.7 below threshold 3.0 - no strong edge for counter-trend long"",
    ""Micro structure: LEAN_BEAR, near micro resistance (60821) with rejects, no lower high yet but structure favors continuation"",
    ""Volume ratio 0.71 below average - low participation but delta positive (0.18) suggests some buying pressure, but not enough to flip structure""
  ],
  ""reasons_against_trade"": [
    ""Price near micro support (59730) at 1.04% distance - short entry near support carries bounce risk"",
    ""Higher low detected (HL in swing labels) - potential for micro reversal if support holds"",
    ""Reversal risk score 53 - moderate reversal probability, not negligible"",
    ""EMA9 above EMA21 (bullish cross) - short-term momentum slightly bullish"",
    ""Candle wick ratio 0.60 > body 0.40 - rejection wicks could indicate indecision"",
    ""ADX < 25 - market not strongly trending, mean reversion risk elevated""
  ],
  ""bull_score"": 3,
  ""bear_score"": 7
}
```",60372.94,60273.94,MAKER,TAKER,0.033142,25.94,193.635,3.28,3.28,0.0,0.0,-0.0,-0.0,16.4,27.168729,PROFIT_LOCK_LADDER,0.283702,0.7819,7e-06,0.916194,False,True,"{'price': 60358.0, 'ret_1m': 0.0, 'ret_5m': 0.0, 'ema9': 60359.396715386516, 'ema21': 60132.09190085342, 'ema200': 60817.166086544334, 'dist_to_support': 0.03686521414961478, 'dist_to_resistance': 0.0247535415458537, 'volume': 0.024863472000000005, 'volume_ratio': 0.7818997009413686, 'delta': 0.28370220800000007, 'velocity': 6.627591490351165e-06, 'imbalance': 0.9161943578521152, 'candle_range': 273.4, 'body_ratio': 0.4030977603799396, 'wick_ratio': 0.5969022396200603}",1.7,"{'early_fail_enabled': True, 'invert_signal': False, 'ai_enabled': True, 'edge_threshold': 3.0, 'edge_threshold_max': None, 'edge_range_preset': 'min_only', 'ai_threshold': 44.0, 'leverage': 100, 'pullback_threshold': 0.001}","{'ema9': 60359.396715386516, 'ema21': 60132.09190085342, 'ema200': 60817.166086544334, 'ema_spread': 0.00378, 'ema9_slope_pct': 0.056, 'ema21_slope_pct': 0.1501, 'ema9_above_ema21': True, 'ema21_above_ema200': False}",MOMENTUM_LONG,1.7,1.7,False,True,INV_False_EF_True,SHORT,10,6,SCENARIO_C_RUNNER_10_v4,40.0,10.0,-12.0,2.0,8.0,300,1,2,-32.0,False,False,True,False,480,3,5.0,False,5,0.75,"[[10, 6], [19, 17], [40, 28], [60, 45], [80, 60], [100, 75], [150, 120]]","{""trail_ladder"": [[10, 6], [19, 17], [40, 28], [60, 45], [80, 60], [100, 75], [150, 120]], ""ladder_first_trigger_pct"": 10, ""ladder_first_lock_pct"": 6, ""exit_profile_id"": ""SCENARIO_C_RUNNER_10_v4"", ""peak_never_loser_min_peak"": 40.0, ""peak_never_loser_floor"": 10.0, ""thesis_fast_exit_unreal_pct"": -12.0, ""thesis_mfe_protect_pct"": 2.0, ""thesis_exit_if_above_unreal_pct"": 8.0, ""thesis_min_age_sec"": 300, ""thesis_score_flip_margin"": 1, ""thesis_early_decay_delta"": 2, ""early_fail_pct_threshold"": -32.0, ""type_a_first_candle_enabled"": false, ""type_a_early_fail_enabled"": false, ""scenario_c_exit_profile"": true, ""type_a_stall_enabled"": false, ""type_a_stall_min_age_sec"": 480, ""type_a_stall_min_candles"": 3, ""type_a_stall_max_mfe_pct"": 5.0, ""trend_weakening_enabled"": false, ""spread_penalty_threshold"": 5, ""spread_penalty_margin_mult"": 0.75}",2026-06-26T08:33:52.464178+00:00,2026-06-26 18:33:52 AEST,2026-06-26 18:33:52 AEST
2026-06-26T08:41:57.105981+00:00,c604c-4ea3ac0fba73,SHORT,60304.71,60275.0,0.628222,4.93,20.0,4,0.99,0.99,0.0,0.0,-0.0,-0.0,PROFIT_LOCK_LADDER,100,0.16,62,44.0,True,SIM_LIMIT,AI_DIRECT_LIMIT,,,,,0,BEAR,SR,60-70,SPAWN,-3,-3,BEARISH_STRUCTURE,MIXED,20.69,-3,3,7,0.00533,bitfinex,tBTCF0:USTF0,v11.0-genome-architecture-v1,BITFINEX_ZERO,v11.0-genome-architecture-v1,COMBO_604_SP4_CHASE_3PLUS,AI60-65 · Spread4 · Chase 3+,APPROVE,60265.0,0.026914,0.034834,FREE_RANGE,0.003224,1.0,0.0,0.628223,0.0,11.393803,256.52,256.52,256.52,0-5m,AI_DIRECT,AI_DIRECT_CHASE,5,,39.71,0.0,0.0,0.0,False,0.0,0.0,-0.00014,-0.000265,0.016,1.803652,-1.196409,0.016,0.164249,60259.0,60332.997372,60140.934786,60813.896786,0.003194,FREE_RANGE,SHORT_PREFERRED,0.026914,0.034834,BEAR,3.0,44.0,0.0,100,2.2,True,True,APPROVE,62,"```json
{
  ""direction"": ""SHORT"",
  ""confidence"": 62,
  ""long_score"": 30,
  ""short_score"": 70,
  ""preferred_direction"": ""SHORT"",
  ""entry_zone_low"": 60350,
  ""entry_zone_high"": 60500,
  ""limit_price"": 60425,
  ""expected_mfe"": 180,
  ""expected_mae"": 120,
  ""reversal_probability"": 45,
  ""exit_style"": ""AGGRESSIVE"",
  ""reasons_for_trade"": [
    ""BEAR regime confirmed by trend_health_state and market_structure_shift = BEAR_CONTINUATION"",
    ""Multi-timeframe agreement: 15m RANGING, 1h RANGING, 4h BEARISH - bearish tilt on higher timeframe"",
    ""EMA stack not fully bearish (ema9 above ema21) but price below ema200 and ema9 slope negative, indicating near-term weakness"",
    ""ADX at 20.69 (below 25) but trend_score = -3 and structure_score = -3, consistent with bearish bias"",
    ""Delta negative (-1.28) and imbalance positive (0.18) suggesting selling pressure with some buying absorption"",
    ""Price near micro resistance (60821) and recent high (61849) - short entry above current price targets a pullback from resistance zone"",
    ""Higher low detected but no lower high - structure is not confirming bullish reversal; bear continuation more likely"",
    ""Funding positive (0.00465% per 8h) - longs paying shorts, slight headwind for longs""
  ],
  ""reasons_against_trade"": [
    ""Price is near micro support (59730) - short entry near support increases bounce risk"",
    ""ADX below 25 - market not strongly trending, mean reversion risk elevated"",
    ""Volume ratio below 1 (0.90) - lack of strong participation in current move"",
    ""Reversal probability at 45% - non-trivial chance of a bounce from support"",
    ""EMA9 above EMA21 - short-term momentum slightly bullish, conflicting with bearish bias"",
    ""Edge score (2.2) below threshold (3.0) - telemetry suggests lower historical edge for this setup""
  ],
  ""bull_score"": 3,
  ""bear_score"": 7
}
```",60304.71,60275.0,MAKER,TAKER,0.033187,39.71,256.52,0.99,0.99,0.0,0.0,-0.0,-0.0,4.93,37.693448,PROFIT_LOCK_LADDER,-1.196409,1.803652,-0.000265,0.164249,False,True,"{'velocity': -0.00026545002073828286, 'volume': 0.016, 'volume_ratio': 1.8036519668655606, 'delta': -1.1964090299999963, 'imbalance': 0.1642493377780681, 'delta_change': 0.016000000000000014}",2.2,"{'early_fail_enabled': True, 'invert_signal': False, 'ai_enabled': True, 'edge_threshold': 3.0, 'edge_threshold_max': None, 'edge_range_preset': 'min_only', 'ai_threshold': 44.0, 'leverage': 100, 'pullback_threshold': 0.001}","{'ema9': 60332.99737230921, 'ema21': 60140.93478589815, 'ema200': 60813.89678635089, 'ema_spread': 0.003194, 'ema9_slope_pct': -0.072, 'ema21_slope_pct': 0.0833, 'ema9_above_ema21': True, 'ema21_above_ema200': False}",MOMENTUM_SHORT,2.2,2.2,False,True,INV_False_EF_True,SHORT,10,6,SCENARIO_C_RUNNER_10_v4,40.0,10.0,-12.0,2.0,8.0,300,1,2,-32.0,False,False,True,False,480,3,5.0,False,5,0.75,"[[10, 6], [19, 17], [40, 28], [60, 45], [80, 60], [100, 75], [150, 120]]","{""trail_ladder"": [[10, 6], [19, 17], [40, 28], [60, 45], [80, 60], [100, 75], [150, 120]], ""ladder_first_trigger_pct"": 10, ""ladder_first_lock_pct"": 6, ""exit_profile_id"": ""SCENARIO_C_RUNNER_10_v4"", ""peak_never_loser_min_peak"": 40.0, ""peak_never_loser_floor"": 10.0, ""thesis_fast_exit_unreal_pct"": -12.0, ""thesis_mfe_protect_pct"": 2.0, ""thesis_exit_if_above_unreal_pct"": 8.0, ""thesis_min_age_sec"": 300, ""thesis_score_flip_margin"": 1, ""thesis_early_decay_delta"": 2, ""early_fail_pct_threshold"": -32.0, ""type_a_first_candle_enabled"": false, ""type_a_early_fail_enabled"": false, ""scenario_c_exit_profile"": true, ""type_a_stall_enabled"": false, ""type_a_stall_min_age_sec"": 480, ""type_a_stall_min_candles"": 3, ""type_a_stall_max_mfe_pct"": 5.0, ""trend_weakening_enabled"": false, ""spread_penalty_threshold"": 5, ""spread_penalty_margin_mult"": 0.75}",2026-06-26T08:41:57.105981+00:00,2026-06-26 18:41:57 AEST,2026-06-26 18:41:57 AEST
2026-06-26T08:42:01.379451+00:00,cont-8ccb1c46c08f,SHORT,60294.19,60275.0,1.139549,3.18,20.0,4,0.64,0.64,0.0,0.0,-0.0,-0.0,PROFIT_LOCK_LADDER,100,0.11,58,44.0,True,SIM_LIMIT,AI_DIRECT_LIMIT,,,,,0,BEAR,SR,50-60,SPAWN,-3,-3,BEARISH_STRUCTURE,MIXED,20.98,-3,3,7,0.00533,bitfinex,tBTCF0:USTF0,v11.0-genome-architecture-v1,BITFINEX_ZERO,v11.0-genome-architecture-v1,CONTINUOUS,Continuous AI Research,APPROVE,60262.0,0.025807,0.035875,FREE_RANGE,0.003224,1.0,238.2,1.13955,0.0,10.646134,432.865,432.865,432.865,5-15m,AI_DIRECT,AI_DIRECT_CHASE,4,,32.19,0.0,0.0,0.0,False,0.0,0.0,-0.000251,-0.000103,0.007631,0.004456,0.770672,0.0,0.30387,60249.0,60347.797372,60147.662059,60814.633105,0.003327,FREE_RANGE,SHORT_PREFERRED,0.025807,0.035875,BEAR,3.0,44.0,0.0,100,2.5,True,True,APPROVE,58,"```json
{
  ""direction"": ""SHORT"",
  ""confidence"": 58,
  ""long_score"": 32,
  ""short_score"": 68,
  ""preferred_direction"": ""SHORT"",
  ""entry_zone_low"": 60350,
  ""entry_zone_high"": 60500,
  ""limit_price"": 60425,
  ""expected_mfe"": 0.0045,
  ""expected_mae"": 0.003,
  ""reversal_probability"": 51,
  ""exit_style"": ""AGGRESSIVE"",
  ""reasons_for_trade"": [
    ""BEAR regime with bearish structure score -3 and BEAR_CONTINUATION market structure shift"",
    ""EMA9 slope negative (-0.0475%) and price below EMA200 (-0.82%) indicating bearish alignment"",
    ""ADX 20.98 near trending threshold, trend strength favors continuation over reversal"",
    ""Orderflow shows negative velocity and delta positive but imbalance 0.31 suggests selling pressure"",
    ""Micro resistance at 60821 with price near it (0.84% away) provides short entry zone"",
    ""Funding positive (0.00426% per 8h) favors shorts, longs paying""
  ],
  ""reasons_against_trade"": [
    ""Price near micro support at 59730 (0.97% away) could trigger bounce"",
    ""Reversal risk score 51 indicates moderate reversal probability"",
    ""Volume ratio very low (0.0075) suggesting lack of conviction in current move"",
    ""EMA9 still above EMA21 (bullish cross) conflicting with bearish structure"",
    ""MTF agreement is MIXED (15m ranging, 1h ranging, 4h bearish) reducing directional conviction""
  ],
  ""bull_score"": 3,
  ""bear_score"": 7
}
```",60294.19,60275.0,MAKER,TAKER,0.033188,32.19,432.865,0.64,0.64,0.0,0.0,-0.0,-0.0,3.18,68.373043,PROFIT_LOCK_LADDER,0.770672,0.004456,-0.000103,0.30387,False,True,"{'price': 60244.0, 'ret_1m': 8.299581701082266e-05, 'ret_5m': -0.001177055702917772, 'ema9': 60347.797372309215, 'ema21': 60147.66205862543, 'ema200': 60814.63310475885, 'dist_to_support': 0.035874811337966266, 'dist_to_resistance': 0.025807307647653956, 'volume': 0.007630674000000001, 'volume_ratio': 0.004455973005692073, 'delta': 0.7706715339999997, 'velocity': -0.00010279689028271064, 'imbalance': 0.30386994603162437, 'candle_range': 238.2, 'body_ratio': 0.35463911376339835, 'wick_ratio': 0.6453608862366016}",2.5,"{'early_fail_enabled': True, 'invert_signal': False, 'ai_enabled': True, 'edge_threshold': 3.0, 'edge_threshold_max': None, 'edge_range_preset': 'min_only', 'ai_threshold': 44.0, 'leverage': 100, 'pullback_threshold': 0.001}","{'ema9': 60347.797372309215, 'ema21': 60147.66205862543, 'ema200': 60814.63310475885, 'ema_spread': 0.003327, 'ema9_slope_pct': -0.0475, 'ema21_slope_pct': 0.0945, 'ema9_above_ema21': True, 'ema21_above_ema200': False}",WEAK_SETUP,2.5,2.5,False,True,INV_False_EF_True,SHORT,10,6,SCENARIO_C_RUNNER_10_v4,40.0,10.0,-12.0,2.0,8.0,300,1,2,-32.0,False,False,True,False,480,3,5.0,False,5,0.75,"[[10, 6], [19, 17], [40, 28], [60, 45], [80, 60], [100, 75], [150, 120]]","{""trail_ladder"": [[10, 6], [19, 17], [40, 28], [60, 45], [80, 60], [100, 75], [150, 120]], ""ladder_first_trigger_pct"": 10, ""ladder_first_lock_pct"": 6, ""exit_profile_id"": ""SCENARIO_C_RUNNER_10_v4"", ""peak_never_loser_min_peak"": 40.0, ""peak_never_loser_floor"": 10.0, ""thesis_fast_exit_unreal_pct"": -12.0, ""thesis_mfe_protect_pct"": 2.0, ""thesis_exit_if_above_unreal_pct"": 8.0, ""thesis_min_age_sec"": 300, ""thesis_score_flip_margin"": 1, ""thesis_early_decay_delta"": 2, ""early_fail_pct_threshold"": -32.0, ""type_a_first_candle_enabled"": false, ""type_a_early_fail_enabled"": false, ""scenario_c_exit_profile"": true, ""type_a_stall_enabled"": false, ""type_a_stall_min_age_sec"": 480, ""type_a_stall_min_candles"": 3, ""type_a_stall_max_mfe_pct"": 5.0, ""trend_weakening_enabled"": false, ""spread_penalty_threshold"": 5, ""spread_penalty_margin_mult"": 0.75}",2026-06-26T08:42:01.379451+00:00,2026-06-26 18:42:01 AEST,2026-06-26 18:42:01 AEST
2026-06-26T08:46:26.490881+00:00,cont-7f24a607dfc0,SHORT,60297.25,60297.0,5.018586,0.05,20.0,4,0.01,0.01,0.0,0.0,-0.0,-0.0,THESIS_INVALIDATED,100,0.0,62,44.0,True,SIM_LIMIT,AI_DIRECT_LIMIT,,,,,0,BEAR,SR,60-70,SPAWN,-3,-3,BEARISH_STRUCTURE,CONFLICTED,20.98,-3,3,7,0.00589,bitfinex,tBTCF0:USTF0,v11.0-genome-architecture-v1,BITFINEX_ZERO,v11.0-genome-architecture-v1,CONTINUOUS,Continuous AI Research,APPROVE,60217.0,0.02494,0.03669,FREE_RANGE,0.00336,1.0,211.4,5.018587,-1.296908,9.162939,415.293,415.293,415.293,5-15m,AI_DIRECT,AI_DIRECT_CHASE,5,,80.25,0.0,0.0,0.0,False,0.0,0.0,-0.001173,-0.000161,0.008398,1.039503,1.335801,0.0,0.410903,60262.0,60363.197372,60154.662059,60815.399274,0.003467,FREE_RANGE,SHORT_PREFERRED,0.02494,0.03669,BEAR,3.0,44.0,0.0,100,1.6,True,True,APPROVE,62,"```json
{
  ""direction"": ""SHORT"",
  ""confidence"": 62,
  ""long_score"": 30,
  ""short_score"": 70,
  ""preferred_direction"": ""SHORT"",
  ""entry_zone_low"": 60350,
  ""entry_zone_high"": 60550,
  ""limit_price"": 60450,
  ""expected_mfe"": 0.008,
  ""expected_mae"": 0.006,
  ""reversal_probability"": 49,
  ""exit_style"": ""AGGRESSIVE"",
  ""reasons_for_trade"": [
    ""Trend health is BEAR with bear_score 6 vs bull_score 4, intact bearish trend"",
    ""Market structure bias is BEARISH_STRUCTURE with structure_score -3, last swings show LL/HL pattern favoring downside"",
    ""Multi-timeframe agreement is CONFLICTED but 4h is BEARISH and 15m BULLISH is short-term pullback within larger bear trend"",
    ""EMA stack is not fully bearish (ema9 above ema21) but price below ema200 and ema21 below ema200, overall bearish alignment"",
    ""ADX at 20.98 is below 25, but trend strength is still negative (trend_score -3) and mean_reversion_risk is true, favoring continuation of existing bear move"",
    ""Orderflow shows negative velocity (-0.000167) and imbalance 0.416 (moderate selling pressure), delta positive but delta_change zero"",
    ""Micro structure shows lower_high_detected false but higher_low_detected true, pivot count 26, and micro resistance at 60821 not yet tested - price near micro support 59730, but no reversal confirmation"",
    ""Funding rate positive (0.00428% per 8h) meaning longs pay shorts, favorable for short positions"",
    ""Edge score 1.6 below threshold 3.0, indicating no strong edge for counter-trend long"",
    ""Regime is BEAR, sr_state FREE_RANGE with more room to downside (dist_to_support 3.67% vs dist_to_resistance 2.49%)""
  ],
  ""reasons_against_trade"": [
    ""Price is near micro support at 59730 (distance 0.86%), increasing bounce risk if support holds"",
    ""Higher low detected suggests potential short-term buying interest"",
    ""Reversal risk score is 49 (moderate), indicating some probability of reversal from current levels"",
    ""15m timeframe is BULLISH, conflicting with larger bear trend and could cause short-term squeeze"",
    ""Volume ratio is low (0.936), indicating lack of strong selling conviction"",
    ""EMA9 is above EMA21 (short-term bullish cross), suggesting recent upward momentum""
  ],
  ""bull_score"": 3,
  ""bear_score"": 7
}
```",60297.25,60297.0,MAKER,TAKER,0.033213,80.25,415.293,0.01,0.01,0.0,0.0,-0.0,-0.0,0.05,301.115304,THESIS_INVALIDATED,1.335801,1.039503,-0.000161,0.410903,False,True,"{'price': 60239.0, 'ret_1m': 0.0, 'ret_5m': -0.002070770658008084, 'ema9': 60363.197372309216, 'ema21': 60154.66205862543, 'ema200': 60815.39927391308, 'dist_to_support': 0.03668964602943126, 'dist_to_resistance': 0.024940342038976535, 'volume': 0.008398193, 'volume_ratio': 1.0395025522906165, 'delta': 1.3358010119999995, 'velocity': -0.0001607733468983074, 'imbalance': 0.4109032884580146, 'candle_range': 211.4, 'body_ratio': 0.3764486375729222, 'wick_ratio': 0.6235513624270779}",1.9,"{'early_fail_enabled': True, 'invert_signal': False, 'ai_enabled': True, 'edge_threshold': 3.0, 'edge_threshold_max': None, 'edge_range_preset': 'min_only', 'ai_threshold': 44.0, 'leverage': 100, 'pullback_threshold': 0.001}","{'ema9': 60363.197372309216, 'ema21': 60154.66205862543, 'ema200': 60815.39927391308, 'ema_spread': 0.003467, 'ema9_slope_pct': -0.022, 'ema21_slope_pct': 0.1062, 'ema9_above_ema21': True, 'ema21_above_ema200': False}",WEAK_SETUP,1.9,1.9,False,True,INV_False_EF_True,SHORT,10,6,SCENARIO_C_RUNNER_10_v4,40.0,10.0,-12.0,2.0,8.0,300,1,2,-32.0,False,False,True,False,480,3,5.0,False,5,0.75,"[[10, 6], [19, 17], [40, 28], [60, 45], [80, 60], [100, 75], [150, 120]]","{""trail_ladder"": [[10, 6], [19, 17], [40, 28], [60, 45], [80, 60], [100, 75], [150, 120]], ""ladder_first_trigger_pct"": 10, ""ladder_first_lock_pct"": 6, ""exit_profile_id"": ""SCENARIO_C_RUNNER_10_v4"", ""peak_never_loser_min_peak"": 40.0, ""peak_never_loser_floor"": 10.0, ""thesis_fast_exit_unreal_pct"": -12.0, ""thesis_mfe_protect_pct"": 2.0, ""thesis_exit_if_above_unreal_pct"": 8.0, ""thesis_min_age_sec"": 300, ""thesis_score_flip_margin"": 1, ""thesis_early_decay_delta"": 2, ""early_fail_pct_threshold"": -32.0, ""type_a_first_candle_enabled"": false, ""type_a_early_fail_enabled"": false, ""scenario_c_exit_profile"": true, ""type_a_stall_enabled"": false, ""type_a_stall_min_age_sec"": 480, ""type_a_stall_min_candles"": 3, ""type_a_stall_max_mfe_pct"": 5.0, ""trend_weakening_enabled"": false, ""spread_penalty_threshold"": 5, ""spread_penalty_margin_mult"": 0.75}",2026-06-26T08:46:26.490881+00:00,2026-06-26 18:46:26 AEST,2026-06-26 18:46:26 AEST
2026-06-26T08:47:07.027120+00:00,c604c-8fbc514bbff6,SHORT,60303.65,60320.0,5.039909,-2.71,20.0,4,-0.54,-0.54,0.0,0.0,-0.0,-0.0,THESIS_INVALIDATED,100,0.09,62,44.0,True,SIM_LIMIT,AI_DIRECT_LIMIT,,,,,0,BEAR,SR,60-70,SPAWN,-3,-3,BEARISH_STRUCTURE,CONFLICTED,20.98,-3,3,7,0.00603,bitfinex,tBTCF0:USTF0,v11.0-genome-architecture-v1,BITFINEX_ZERO,v11.0-genome-architecture-v1,COMBO_604_SP4_CHASE_3PLUS,AI60-65 · Spread4 · Chase 3+,APPROVE,60254.0,0.02494,0.03669,FREE_RANGE,0.002869,0.9959,211.4,5.03991,-3.500617,9.228297,379.65,379.65,379.65,5-15m,AI_DIRECT,AI_DIRECT_CHASE,6,,49.65,0.0,0.0,0.0,False,0.0,0.0,-0.001196,-3.7e-05,0.006836,0.069488,1.391552,0.0,0.417573,60216.0,60363.197372,60154.662059,60815.399274,0.003467,FREE_RANGE,SHORT_PREFERRED,0.02494,0.03669,BEAR,3.0,44.0,0.0,100,1.6,True,True,APPROVE,62,"```json
{
  ""direction"": ""SHORT"",
  ""confidence"": 62,
  ""long_score"": 30,
  ""short_score"": 70,
  ""preferred_direction"": ""SHORT"",
  ""entry_zone_low"": 60350,
  ""entry_zone_high"": 60550,
  ""limit_price"": 60450,
  ""expected_mfe"": 0.008,
  ""expected_mae"": 0.006,
  ""reversal_probability"": 49,
  ""exit_style"": ""AGGRESSIVE"",
  ""reasons_for_trade"": [
    ""Trend health is BEAR with bear_score 6 vs bull_score 4, intact bearish trend"",
    ""Market structure bias is BEARISH_STRUCTURE with structure_score -3, last swings show LL/HL pattern favoring downside"",
    ""Multi-timeframe agreement is CONFLICTED but 4h is BEARISH and 15m BULLISH is short-term pullback within larger bear trend"",
    ""EMA stack is not fully bearish (ema9 above ema21) but price below ema200 and ema21 below ema200, overall bearish alignment"",
    ""ADX at 20.98 is below 25, but trend strength is still negative (trend_score -3) and mean_reversion_risk is true, favoring continuation of existing bear move"",
    ""Orderflow shows negative velocity (-0.000167) and imbalance 0.416 (moderate selling pressure), delta positive but delta_change zero"",
    ""Micro structure shows lower_high_detected false but higher_low_detected true, pivot count 26, and micro resistance at 60821 not yet tested - price near micro support 59730, but no reversal confirmation"",
    ""Funding rate positive (0.00428% per 8h) meaning longs pay shorts, favorable for short positions"",
    ""Edge score 1.6 below threshold 3.0, indicating no strong edge for counter-trend long"",
    ""Regime is BEAR, sr_state FREE_RANGE with more room to downside (dist_to_support 3.67% vs dist_to_resistance 2.49%)""
  ],
  ""reasons_against_trade"": [
    ""Price is near micro support at 59730 (distance 0.86%), increasing bounce risk if support holds"",
    ""Higher low detected suggests potential short-term buying interest"",
    ""Reversal risk score is 49 (moderate), indicating some probability of reversal from current levels"",
    ""15m timeframe is BULLISH, conflicting with larger bear trend and could cause short-term squeeze"",
    ""Volume ratio is low (0.936), indicating lack of strong selling conviction"",
    ""EMA9 is above EMA21 (short-term bullish cross), suggesting recent upward momentum""
  ],
  ""bull_score"": 3,
  ""bear_score"": 7
}
```",60303.65,60320.0,MAKER,TAKER,0.033193,49.65,379.65,-0.54,-0.54,0.0,0.0,-0.0,-0.0,-2.71,302.394668,THESIS_INVALIDATED,1.391552,0.069488,-3.7e-05,0.417573,False,True,"{'price': 60222.0, 'ret_1m': 0.0, 'ret_5m': -0.000497950105399439, 'ema9': 60363.197372309216, 'ema21': 60154.66205862543, 'ema200': 60815.39927391308, 'dist_to_support': 0.03668964602943126, 'dist_to_resistance': 0.024940342038976535, 'volume': 0.006836, 'volume_ratio': 0.06948761459011432, 'delta': 1.3915518499999995, 'velocity': -3.650222429804608e-05, 'imbalance': 0.4175731843987437, 'candle_range': 211.4, 'body_ratio': 0.3764486375729222, 'wick_ratio': 0.6235513624270779}",1.9,"{'early_fail_enabled': True, 'invert_signal': False, 'ai_enabled': True, 'edge_threshold': 3.0, 'edge_threshold_max': None, 'edge_range_preset': 'min_only', 'ai_threshold': 44.0, 'leverage': 100, 'pullback_threshold': 0.001}","{'ema9': 60363.197372309216, 'ema21': 60154.66205862543, 'ema200': 60815.39927391308, 'ema_spread': 0.003467, 'ema9_slope_pct': -0.022, 'ema21_slope_pct': 0.1062, 'ema9_above_ema21': True, 'ema21_above_ema200': False}",WEAK_SETUP,1.9,1.9,False,True,INV_False_EF_True,SHORT,10,6,SCENARIO_C_RUNNER_10_v4,40.0,10.0,-12.0,2.0,8.0,300,1,2,-32.0,False,False,True,False,480,3,5.0,False,5,0.75,"[[10, 6], [19, 17], [40, 28], [60, 45], [80, 60], [100, 75], [150, 120]]","{""trail_ladder"": [[10, 6], [19, 17], [40, 28], [60, 45], [80, 60], [100, 75], [150, 120]], ""ladder_first_trigger_pct"": 10, ""ladder_first_lock_pct"": 6, ""exit_profile_id"": ""SCENARIO_C_RUNNER_10_v4"", ""peak_never_loser_min_peak"": 40.0, ""peak_never_loser_floor"": 10.0, ""thesis_fast_exit_unreal_pct"": -12.0, ""thesis_mfe_protect_pct"": 2.0, ""thesis_exit_if_above_unreal_pct"": 8.0, ""thesis_min_age_sec"": 300, ""thesis_score_flip_margin"": 1, ""thesis_early_decay_delta"": 2, ""early_fail_pct_threshold"": -32.0, ""type_a_first_candle_enabled"": false, ""type_a_early_fail_enabled"": false, ""scenario_c_exit_profile"": true, ""type_a_stall_enabled"": false, ""type_a_stall_min_age_sec"": 480, ""type_a_stall_min_candles"": 3, ""type_a_stall_max_mfe_pct"": 5.0, ""trend_weakening_enabled"": false, ""spread_penalty_threshold"": 5, ""spread_penalty_margin_mult"": 0.75}",2026-06-26T08:47:07.027120+00:00,2026-06-26 18:47:07 AEST,2026-06-26 18:47:07 AEST
2026-06-26T08:49:44.863598+00:00,cont-75305dd4f772,SHORT,60315.61,60215.0,2.205459,16.68,20.0,4,3.34,3.34,0.0,0.0,-0.0,-0.0,PROFIT_LOCK_LADDER,100,0.56,62,44.0,True,SIM_LIMIT,AI_DIRECT_LIMIT,,,,,0,BEAR,SR,60-70,SPAWN,-3,-3,BEARISH_STRUCTURE,MIXED,20.69,-3,3,7,0.00637,bitfinex,tBTCF0:USTF0,v11.0-genome-architecture-v1,BITFINEX_ZERO,v11.0-genome-architecture-v1,CONTINUOUS,Continuous AI Research,APPROVE,60304.0,0.025603,0.036067,FREE_RANGE,0.002766,1.0,238.2,2.20546,0.0,19.499098,254.952,254.952,254.952,0-5m,AI_DIRECT,AI_DIRECT_CHASE,4,,11.61,0.0,0.0,0.0,False,0.0,0.0,-0.000571,-2e-06,0.016,0.697881,0.359908,0.0,0.033614,60300.0,60344.997372,60146.389331,60814.493801,0.003302,FREE_RANGE,SHORT_PREFERRED,0.025603,0.036067,BEAR,3.0,44.0,0.0,100,1.7,True,True,APPROVE,62,"```json
{
  ""direction"": ""SHORT"",
  ""confidence"": 62,
  ""long_score"": 28,
  ""short_score"": 72,
  ""preferred_direction"": ""SHORT"",
  ""entry_zone_low"": 60350,
  ""entry_zone_high"": 60500,
  ""limit_price"": 60425,
  ""expected_mfe"": 0.008,
  ""expected_mae"": 0.005,
  ""reversal_probability"": 53,
  ""exit_style"": ""AGGRESSIVE"",
  ""reasons_for_trade"": [
    ""BEAR regime with intact trend health (bear_score 6 vs bull_score 4)"",
    ""Market structure is BEARISH with LL/HL sequence and negative structure_score (-3)"",
    ""Multi-timeframe agreement shows 4h BEARISH, no bullish TF alignment"",
    ""ADX at 20.69 is below 25 but trend_strength.trend_score is -3, supporting bearish bias"",
    ""EMA alignment shows price below EMA200 (-0.84%) and EMA9 slope negative, bearish stack incomplete but leaning bear"",
    ""Orderflow delta positive (0.296) but imbalance low (0.028) - not strong bullish conviction"",
    ""Micro structure shows LEAN_BEAR bias with price near micro resistance (60821) and rejects at micro SR"",
    ""Funding positive (0.00547% per 8h) favors shorts, consistent with bearish continuation"",
    ""Volume ratio below 1 (0.613) suggests low participation - continuation more likely than reversal""
  ],
  ""reasons_against_trade"": [
    ""Price is near micro support (59730) at 0.94% distance - risk of bounce from support zone"",
    ""Reversal risk score is 53 (moderate) - higher probability of mean reversion in short timeframe"",
    ""ADX below 25 indicates non-trending conditions - trend strength insufficient for strong continuation"",
    ""EMA9 is above EMA21 (bullish cross) - short-term momentum slightly bullish"",
    ""Candle has small body and large wick (wick_ratio 0.645) - indecision, potential reversal pattern"",
    ""Edge_score (1.7) below threshold (3.0) - signal quality is weak""
  ],
  ""bull_score"": 3,
  ""bear_score"": 7
}
```",60315.61,60215.0,MAKER,TAKER,0.033165,11.61,254.952,3.34,3.34,0.0,0.0,-0.0,-0.0,16.68,132.327637,PROFIT_LOCK_LADDER,0.359908,0.697881,-2e-06,0.033614,False,True,"{'price': 60299.0, 'ret_1m': 0.0, 'ret_5m': 0.0007634474631968533, 'ema9': 60344.99737230921, 'ema21': 60146.3893313527, 'ema200': 60814.49380127626, 'dist_to_support': 0.03606666113920902, 'dist_to_resistance': 0.025603183815604013, 'volume': 0.016000000000000004, 'volume_ratio': 0.697880622041237, 'delta': 0.3599084000000028, 'velocity': -1.6571372538425175e-06, 'imbalance': 0.033613970041543456, 'candle_range': 238.2, 'body_ratio': 0.35463911376339835, 'wick_ratio': 0.6453608862366016}",1.7,"{'early_fail_enabled': True, 'invert_signal': False, 'ai_enabled': True, 'edge_threshold': 3.0, 'edge_threshold_max': None, 'edge_range_preset': 'min_only', 'ai_threshold': 44.0, 'leverage': 100, 'pullback_threshold': 0.001}","{'ema9': 60344.99737230921, 'ema21': 60146.3893313527, 'ema200': 60814.49380127626, 'ema_spread': 0.003302, 'ema9_slope_pct': -0.0522, 'ema21_slope_pct': 0.0924, 'ema9_above_ema21': True, 'ema21_above_ema200': False}",WEAK_SETUP,1.7,1.7,False,True,INV_False_EF_True,SHORT,10,6,SCENARIO_C_RUNNER_10_v4,40.0,10.0,-12.0,2.0,8.0,300,1,2,-32.0,False,False,True,False,480,3,5.0,False,5,0.75,"[[10, 6], [19, 17], [40, 28], [60, 45], [80, 60], [100, 75], [150, 120]]","{""trail_ladder"": [[10, 6], [19, 17], [40, 28], [60, 45], [80, 60], [100, 75], [150, 120]], ""ladder_first_trigger_pct"": 10, ""ladder_first_lock_pct"": 6, ""exit_profile_id"": ""SCENARIO_C_RUNNER_10_v4"", ""peak_never_loser_min_peak"": 40.0, ""peak_never_loser_floor"": 10.0, ""thesis_fast_exit_unreal_pct"": -12.0, ""thesis_mfe_protect_pct"": 2.0, ""thesis_exit_if_above_unreal_pct"": 8.0, ""thesis_min_age_sec"": 300, ""thesis_score_flip_margin"": 1, ""thesis_early_decay_delta"": 2, ""early_fail_pct_threshold"": -32.0, ""type_a_first_candle_enabled"": false, ""type_a_early_fail_enabled"": false, ""scenario_c_exit_profile"": true, ""type_a_stall_enabled"": false, ""type_a_stall_min_age_sec"": 480, ""type_a_stall_min_candles"": 3, ""type_a_stall_max_mfe_pct"": 5.0, ""trend_weakening_enabled"": false, ""spread_penalty_threshold"": 5, ""spread_penalty_margin_mult"": 0.75}",2026-06-26T08:49:44.863598+00:00,2026-06-26 18:49:44 AEST,2026-06-26 18:49:44 AEST
2026-06-26T08:49:48.086655+00:00,c604c-4dd34f3285dd,SHORT,60317.46,60215.0,2.186021,16.99,20.0,4,3.4,3.4,0.0,0.0,-0.0,-0.0,PROFIT_LOCK_LADDER,100,0.57,62,44.0,True,SIM_LIMIT,AI_DIRECT_LIMIT,,,,,0,BEAR,SR,60-70,SPAWN,-3,-3,BEARISH_STRUCTURE,MIXED,20.69,-3,3,7,0.00637,bitfinex,tBTCF0:USTF0,v11.0-genome-architecture-v1,BITFINEX_ZERO,v11.0-genome-architecture-v1,COMBO_604_SP4_CHASE_3PLUS,AI60-65 · Spread4 · Chase 3+,APPROVE,60255.0,0.025603,0.036067,FREE_RANGE,0.002766,1.0,238.2,2.186022,0.0,19.805211,217.08,217.08,217.08,0-5m,AI_DIRECT,AI_DIRECT_CHASE,4,,62.46,0.0,0.0,0.0,False,0.0,0.0,-0.000567,-4.6e-05,0.013357,0.883718,0.48692,0.0,0.044817,60267.0,60344.997372,60146.389331,60814.493801,0.003302,FREE_RANGE,SHORT_PREFERRED,0.025603,0.036067,BEAR,3.0,44.0,0.0,100,1.7,True,True,APPROVE,62,"```json
{
  ""direction"": ""SHORT"",
  ""confidence"": 62,
  ""long_score"": 28,
  ""short_score"": 72,
  ""preferred_direction"": ""SHORT"",
  ""entry_zone_low"": 60350,
  ""entry_zone_high"": 60500,
  ""limit_price"": 60425,
  ""expected_mfe"": 0.008,
  ""expected_mae"": 0.005,
  ""reversal_probability"": 53,
  ""exit_style"": ""AGGRESSIVE"",
  ""reasons_for_trade"": [
    ""BEAR regime with intact trend health (bear_score 6 vs bull_score 4)"",
    ""Market structure is BEARISH with LL/HL sequence and negative structure_score (-3)"",
    ""Multi-timeframe agreement shows 4h BEARISH, no bullish TF alignment"",
    ""ADX at 20.69 is below 25 but trend_strength.trend_score is -3, supporting bearish bias"",
    ""EMA alignment shows price below EMA200 (-0.84%) and EMA9 slope negative, bearish stack incomplete but leaning bear"",
    ""Orderflow delta positive (0.296) but imbalance low (0.028) - not strong bullish conviction"",
    ""Micro structure shows LEAN_BEAR bias with price near micro resistance (60821) and rejects at micro SR"",
    ""Funding positive (0.00547% per 8h) favors shorts, consistent with bearish continuation"",
    ""Volume ratio below 1 (0.613) suggests low participation - continuation more likely than reversal""
  ],
  ""reasons_against_trade"": [
    ""Price is near micro support (59730) at 0.94% distance - risk of bounce from support zone"",
    ""Reversal risk score is 53 (moderate) - higher probability of mean reversion in short timeframe"",
    ""ADX below 25 indicates non-trending conditions - trend strength insufficient for strong continuation"",
    ""EMA9 is above EMA21 (bullish cross) - short-term momentum slightly bullish"",
    ""Candle has small body and large wick (wick_ratio 0.645) - indecision, potential reversal pattern"",
    ""Edge_score (1.7) below threshold (3.0) - signal quality is weak""
  ],
  ""bull_score"": 3,
  ""bear_score"": 7
}
```",60317.46,60215.0,MAKER,TAKER,0.033192,62.46,217.08,3.4,3.4,0.0,0.0,-0.0,-0.0,16.99,131.161356,PROFIT_LOCK_LADDER,0.48692,0.883718,-4.6e-05,0.044817,False,True,"{'price': 60272.0, 'ret_1m': 0.0, 'ret_5m': -0.0006301301716275599, 'ema9': 60344.99737230921, 'ema21': 60146.3893313527, 'ema200': 60814.49380127626, 'dist_to_support': 0.03606666113920902, 'dist_to_resistance': 0.025603183815604013, 'volume': 0.013356861000000001, 'volume_ratio': 0.8837178140996845, 'delta': 0.48691977000000347, 'velocity': -4.643658565955252e-05, 'imbalance': 0.04481739708022218, 'candle_range': 238.2, 'body_ratio': 0.35463911376339835, 'wick_ratio': 0.6453608862366016}",2.7,"{'early_fail_enabled': True, 'invert_signal': False, 'ai_enabled': True, 'edge_threshold': 3.0, 'edge_threshold_max': None, 'edge_range_preset': 'min_only', 'ai_threshold': 44.0, 'leverage': 100, 'pullback_threshold': 0.001}","{'ema9': 60344.99737230921, 'ema21': 60146.3893313527, 'ema200': 60814.49380127626, 'ema_spread': 0.003302, 'ema9_slope_pct': -0.0522, 'ema21_slope_pct': 0.0924, 'ema9_above_ema21': True, 'ema21_above_ema200': False}",WEAK_SETUP,2.7,2.7,False,True,INV_False_EF_True,SHORT,10,6,SCENARIO_C_RUNNER_10_v4,40.0,10.0,-12.0,2.0,8.0,300,1,2,-32.0,False,False,True,False,480,3,5.0,False,5,0.75,"[[10, 6], [19, 17], [40, 28], [60, 45], [80, 60], [100, 75], [150, 120]]","{""trail_ladder"": [[10, 6], [19, 17], [40, 28], [60, 45], [80, 60], [100, 75], [150, 120]], ""ladder_first_trigger_pct"": 10, ""ladder_first_lock_pct"": 6, ""exit_profile_id"": ""SCENARIO_C_RUNNER_10_v4"", ""peak_never_loser_min_peak"": 40.0, ""peak_never_loser_floor"": 10.0, ""thesis_fast_exit_unreal_pct"": -12.0, ""thesis_mfe_protect_pct"": 2.0, ""thesis_exit_if_above_unreal_pct"": 8.0, ""thesis_min_age_sec"": 300, ""thesis_score_flip_margin"": 1, ""thesis_early_decay_delta"": 2, ""early_fail_pct_threshold"": -32.0, ""type_a_first_candle_enabled"": false, ""type_a_early_fail_enabled"": false, ""scenario_c_exit_profile"": true, ""type_a_stall_enabled"": false, ""type_a_stall_min_age_sec"": 480, ""type_a_stall_min_candles"": 3, ""type_a_stall_max_mfe_pct"": 5.0, ""trend_weakening_enabled"": false, ""spread_penalty_threshold"": 5, ""spread_penalty_margin_mult"": 0.75}",2026-06-26T08:49:48.086655+00:00,2026-06-26 18:49:48 AEST,2026-06-26 18:49:48 AEST
2026-06-26T09:31:20.574380+00:00,cont-837e2d026bc4,SHORT,60213.43,60171.15,5.029899,7.03,20.0,4,1.41,1.4,0.0,0.0,-0.0,-0.0,THESIS_INVALIDATED,100,0.23,62,44.0,True,SIM_LIMIT,AI_DIRECT_LIMIT,,,,,0,BEAR,SR,60-70,SPAWN,-3,-3,BEARISH_STRUCTURE,MIXED,17.59,-3,3,7,0.01168,bitfinex,tBTCF0:USTF0,v11.0-genome-architecture-v1,BITFINEX_ZERO,v11.0-genome-architecture-v1,CONTINUOUS,Continuous AI Research,APPROVE,60153.0,0.026659,0.034466,FREE_RANGE,0.001981,0.996678,208.3,5.0299,0.0,8.70736,419.195,419.195,419.195,5-15m,AI_DIRECT,AI_DIRECT_CHASE,7,,60.43,0.0,0.005,0.005,False,0.0,0.0,-0.002403,-2.8e-05,0.018068,0.788574,0.670762,0.0,0.661198,60123.0,60283.918655,60165.407325,60805.784785,0.00197,FREE_RANGE,SHORT_PREFERRED,0.026659,0.034466,BEAR,3.0,44.0,0.0,100,1.7,True,True,APPROVE,62,"```json
{
  ""direction"": ""SHORT"",
  ""confidence"": 62,
  ""long_score"": 28,
  ""short_score"": 72,
  ""preferred_direction"": ""SHORT"",
  ""entry_zone_low"": 60350,
  ""entry_zone_high"": 60500,
  ""limit_price"": 60425,
  ""expected_mfe"": 180,
  ""expected_mae"": 120,
  ""reversal_probability"": 63,
  ""exit_style"": ""AGGRESSIVE"",
  ""reasons_for_trade"": [
    ""BEAR regime with intact bearish structure (structure_score -3, BEAR_CONTINUATION)"",
    ""Multi-timeframe agreement: 15m RANGING, 1h RANGING, 4h BEARISH - higher timeframe bearish bias"",
    ""Trend health state BEAR with bear_score 6 vs bull_score 4, no weakening signals"",
    ""EMA stack not fully bearish (ema9 above ema21) but price below ema200 and ema9 slope negative"",
    ""ADX 17.59 below 25 - not strongly trending, but mean reversion risk noted; continuation still favored over reversal"",
    ""Orderflow: delta positive (0.61) but imbalance strongly bullish (0.78) - potential exhaustion setup for short"",
    ""Micro structure: LEAN_BEAR, rejects micro resistance (60821), price near micro resistance (0.01% away)"",
    ""Funding positive (0.01011% per 8h) - longs pay shorts, slight headwind for longs"",
    ""Edge score 1.7 below threshold 3.0 - no strong edge, but bearish context still favors short""
  ],
  ""reasons_against_trade"": [
    ""Price near micro support (59730) at 0.8% distance - short entry near support increases bounce risk"",
    ""Reversal risk score 63 - moderate probability of reversal, higher than ideal for short"",
    ""Higher low detected (HL) - micro structure shows some buying pressure"",
    ""Volume ratio low (0.32) - lack of conviction in current move"",
    ""EMA9 above EMA21 - short-term momentum slightly bullish"",
    ""ADX below 25 - no strong trend, potential for range-bound behavior""
  ],
  ""bull_score"": 3,
  ""bear_score"": 7
}
```",60213.43,60171.15,MAKER,TAKER,0.033249,60.43,419.195,1.41,1.4,0.0,0.0,-0.0,-0.0,7.03,301.794078,THESIS_INVALIDATED,0.670762,0.788574,-2.8e-05,0.661198,False,True,"{'price': 60188.0, 'ret_1m': -0.00019933554817275749, 'ret_5m': -0.00013289919595986445, 'ema9': 60283.91865462232, 'ema21': 60165.40732497076, 'ema200': 60805.78478495343, 'dist_to_support': 0.034465575948841455, 'dist_to_resistance': 0.02665891537247737, 'volume': 0.018067766, 'volume_ratio': 0.7885740299293812, 'delta': 0.6707620390000002, 'velocity': -2.8231421951211247e-05, 'imbalance': 0.6611977736661799, 'candle_range': 208.3, 'body_ratio': 0.3996879705412638, 'wick_ratio': 0.6003120294587362}",2.7,"{'early_fail_enabled': True, 'invert_signal': False, 'ai_enabled': True, 'edge_threshold': 3.0, 'edge_threshold_max': None, 'edge_range_preset': 'min_only', 'ai_threshold': 44.0, 'leverage': 100, 'pullback_threshold': 0.001}","{'ema9': 60283.91865462232, 'ema21': 60165.40732497076, 'ema200': 60805.78478495343, 'ema_spread': 0.00197, 'ema9_slope_pct': -0.0946, 'ema21_slope_pct': 0.0346, 'ema9_above_ema21': True, 'ema21_above_ema200': False}",WEAK_SETUP,2.7,2.7,False,True,INV_False_EF_True,SHORT,10,6,SCENARIO_C_RUNNER_10_v4,40.0,10.0,-12.0,2.0,8.0,300,1,2,-32.0,False,False,True,False,480,3,5.0,False,5,0.75,"[[10, 6], [19, 17], [40, 28], [60, 45], [80, 60], [100, 75], [150, 120]]","{""trail_ladder"": [[10, 6], [19, 17], [40, 28], [60, 45], [80, 60], [100, 75], [150, 120]], ""ladder_first_trigger_pct"": 10, ""ladder_first_lock_pct"": 6, ""exit_profile_id"": ""SCENARIO_C_RUNNER_10_v4"", ""peak_never_loser_min_peak"": 40.0, ""peak_never_loser_floor"": 10.0, ""thesis_fast_exit_unreal_pct"": -12.0, ""thesis_mfe_protect_pct"": 2.0, ""thesis_exit_if_above_unreal_pct"": 8.0, ""thesis_min_age_sec"": 300, ""thesis_score_flip_margin"": 1, ""thesis_early_decay_delta"": 2, ""early_fail_pct_threshold"": -32.0, ""type_a_first_candle_enabled"": false, ""type_a_early_fail_enabled"": false, ""scenario_c_exit_profile"": true, ""type_a_stall_enabled"": false, ""type_a_stall_min_age_sec"": 480, ""type_a_stall_min_candles"": 3, ""type_a_stall_max_mfe_pct"": 5.0, ""trend_weakening_enabled"": false, ""spread_penalty_threshold"": 5, ""spread_penalty_margin_mult"": 0.75}",2026-06-26T09:31:20.574380+00:00,2026-06-26 19:31:20 AEST,2026-06-26 19:31:20 AEST
2026-06-26T09:35:56.044848+00:00,vc603-78f443ffcb1a,SHORT,60162.0,60181.0,5.00719,-3.15,20.0,4,-0.63,-0.63,0.0,0.0,-0.0,-0.0,THESIS_INVALIDATED,100,0.11,62,44.0,True,SIM_LIMIT,AI_DIRECT_LIMIT,,,,,0,BEAR,SR,60-70,SPAWN,-3,-3,BEARISH_STRUCTURE,MIXED,17.59,-3,3,7,0.01229,bitfinex,tBTCF0:USTF0,v11.0-genome-architecture-v1,BITFINEX_ZERO,v11.0-genome-architecture-v1,AI60_SP3_VIRTUAL_CHASE,AI60+ · Spread >=3 · Virtual Chase,APPROVE,60187.0,0.026659,0.034466,FREE_RANGE,0.001516,0.299063,208.3,5.007191,-3.15814,9.308201,650.355,650.355,650.355,5-15m,AI_DIRECT,AI_DIRECT_CHASE,7,,25.0,0.0,0.0,0.0,False,0.0,0.0,-0.002501,1e-05,0.01818,0.48234,0.675905,0.0,0.462202,60179.0,60283.918655,60165.407325,60805.784785,0.00197,FREE_RANGE,SHORT_PREFERRED,0.026659,0.034466,BEAR,3.0,44.0,0.0,100,1.7,True,True,APPROVE,62,"```json
{
  ""direction"": ""SHORT"",
  ""confidence"": 62,
  ""long_score"": 28,
  ""short_score"": 72,
  ""preferred_direction"": ""SHORT"",
  ""entry_zone_low"": 60350,
  ""entry_zone_high"": 60500,
  ""limit_price"": 60425,
  ""expected_mfe"": 180,
  ""expected_mae"": 120,
  ""reversal_probability"": 63,
  ""exit_style"": ""AGGRESSIVE"",
  ""reasons_for_trade"": [
    ""BEAR regime with intact bearish structure (structure_score -3, BEAR_CONTINUATION)"",
    ""Multi-timeframe agreement: 15m RANGING, 1h RANGING, 4h BEARISH - higher timeframe bearish bias"",
    ""Trend health state BEAR with bear_score 6 vs bull_score 4, no weakening signals"",
    ""EMA stack not fully bearish (ema9 above ema21) but price below ema200 and ema9 slope negative"",
    ""ADX 17.59 below 25 - not strongly trending, but mean reversion risk noted; continuation still favored over reversal"",
    ""Orderflow: delta positive (0.61) but imbalance strongly bullish (0.78) - potential exhaustion setup for short"",
    ""Micro structure: LEAN_BEAR, rejects micro resistance (60821), price near micro resistance (0.01% away)"",
    ""Funding positive (0.01011% per 8h) - longs pay shorts, slight headwind for longs"",
    ""Edge score 1.7 below threshold 3.0 - no strong edge, but bearish context still favors short""
  ],
  ""reasons_against_trade"": [
    ""Price near micro support (59730) at 0.8% distance - short entry near support increases bounce risk"",
    ""Reversal risk score 63 - moderate probability of reversal, higher than ideal for short"",
    ""Higher low detected (HL) - micro structure shows some buying pressure"",
    ""Volume ratio low (0.32) - lack of conviction in current move"",
    ""EMA9 above EMA21 - short-term momentum slightly bullish"",
    ""ADX below 25 - no strong trend, potential for range-bound behavior""
  ],
  ""bull_score"": 3,
  ""bear_score"": 7
}
```",60162.0,60181.0,MAKER,TAKER,0.03323,25.0,650.355,-0.63,-0.63,0.0,0.0,-0.0,-0.0,-3.15,300.431535,THESIS_INVALIDATED,0.675905,0.48234,1e-05,0.462202,False,True,"{'price': 60179.0, 'ret_1m': 0.0, 'ret_5m': -0.00014953146806672427, 'ema9': 60283.91865462232, 'ema21': 60165.40732497076, 'ema200': 60805.78478495343, 'dist_to_support': 0.034465575948841455, 'dist_to_resistance': 0.02665891537247737, 'volume': 0.018179681000000003, 'volume_ratio': 0.48233993272445824, 'delta': 0.6759054840000005, 'velocity': 9.980228213985027e-06, 'imbalance': 0.4622023171177707, 'candle_range': 208.3, 'body_ratio': 0.3996879705412638, 'wick_ratio': 0.6003120294587362}",2.0,"{'early_fail_enabled': True, 'invert_signal': False, 'ai_enabled': True, 'edge_threshold': 3.0, 'edge_threshold_max': None, 'edge_range_preset': 'min_only', 'ai_threshold': 44.0, 'leverage': 100, 'pullback_threshold': 0.001}","{'ema9': 60283.91865462232, 'ema21': 60165.40732497076, 'ema200': 60805.78478495343, 'ema_spread': 0.00197, 'ema9_slope_pct': -0.0946, 'ema21_slope_pct': 0.0346, 'ema9_above_ema21': True, 'ema21_above_ema200': False}",MOMENTUM_LONG,2.0,2.0,False,True,INV_False_EF_True,SHORT,10,6,SCENARIO_C_RUNNER_10_v4,40.0,10.0,-12.0,2.0,8.0,300,1,2,-32.0,False,False,True,False,480,3,5.0,False,5,0.75,"[[10, 6], [19, 17], [40, 28], [60, 45], [80, 60], [100, 75], [150, 120]]","{""trail_ladder"": [[10, 6], [19, 17], [40, 28], [60, 45], [80, 60], [100, 75], [150, 120]], ""ladder_first_trigger_pct"": 10, ""ladder_first_lock_pct"": 6, ""exit_profile_id"": ""SCENARIO_C_RUNNER_10_v4"", ""peak_never_loser_min_peak"": 40.0, ""peak_never_loser_floor"": 10.0, ""thesis_fast_exit_unreal_pct"": -12.0, ""thesis_mfe_protect_pct"": 2.0, ""thesis_exit_if_above_unreal_pct"": 8.0, ""thesis_min_age_sec"": 300, ""thesis_score_flip_margin"": 1, ""thesis_early_decay_delta"": 2, ""early_fail_pct_threshold"": -32.0, ""type_a_first_candle_enabled"": false, ""type_a_early_fail_enabled"": false, ""scenario_c_exit_profile"": true, ""type_a_stall_enabled"": false, ""type_a_stall_min_age_sec"": 480, ""type_a_stall_min_candles"": 3, ""type_a_stall_max_mfe_pct"": 5.0, ""trend_weakening_enabled"": false, ""spread_penalty_threshold"": 5, ""spread_penalty_margin_mult"": 0.75}",2026-06-26T09:35:56.044848+00:00,2026-06-26 19:35:56 AEST,2026-06-26 19:35:56 AEST
2026-06-26T10:07:36.285266+00:00,cont-cdb1ab659032,SHORT,59766.0,59839.0,1.06477,-12.21,20.0,4,-2.44,-2.44,0.0,0.0,-0.0,-0.0,THESIS_FAST_CUT,100,0.41,62,44.0,True,SIM_LIMIT,AI_DIRECT_LIMIT,,,,,0,BEAR,SR,60-70,SPAWN,-3,-3,BEARISH_STRUCTURE,MIXED,16.41,-3,3,7,0.01638,bitfinex,tBTCF0:USTF0,v11.0-genome-architecture-v1,BITFINEX_ZERO,v11.0-genome-architecture-v1,CONTINUOUS,Continuous AI Research,APPROVE,59852.0,0.028367,0.032859,FREE_RANGE,-0.000296,1.0,0.0,1.064771,-12.214302,0.0,1070.978,1070.978,1070.978,15-30m,AI_DIRECT,AI_DIRECT_CHASE,5,,86.0,0.0,0.0,0.0,False,0.0,0.0,-0.000724,-0.00025,0.016,0.935901,0.74004,0.016,0.76546,59915.0,60249.574924,60160.461205,60800.961939,0.001481,FREE_RANGE,SHORT_PREFERRED,0.028367,0.032859,BEAR,3.0,44.0,0.0,100,1.1,True,True,APPROVE,62,"```json
{
  ""direction"": ""SHORT"",
  ""confidence"": 62,
  ""long_score"": 25,
  ""short_score"": 70,
  ""preferred_direction"": ""SHORT"",
  ""entry_zone_low"": 60150,
  ""entry_zone_high"": 60300,
  ""limit_price"": 60225,
  ""expected_mfe"": 180,
  ""expected_mae"": 120,
  ""reversal_probability"": 43,
  ""exit_style"": ""AGGRESSIVE"",
  ""reasons_for_trade"": [
    ""BEAR regime with bearish structure score (-3) and BEAR_CONTINUATION market structure shift"",
    ""Multi-timeframe agreement shows 4h BEARISH, 1h RANGING, 15m RANGING - no bullish alignment to counter bear trend"",
    ""Trend health state is BEAR with bear_score (6) > bull_score (4), indicating intact bearish momentum"",
    ""Price below EMA9, EMA21, and EMA200 with negative slopes - bearish EMA alignment"",
    ""Liquidity sweep high detected (likely stop hunt before continuation lower), no sweep low yet"",
    ""ADX at 16.41 (below 25) but trend strength is still negative; velocity negative (-0.00018) supports bearish drift"",
    ""Funding positive (0.01319% per 8h) favors shorts, consistent with bearish sentiment"",
    ""Edge score (1.1) below threshold (3.0) - not a high-confidence setup but directionally aligned""
  ],
  ""reasons_against_trade"": [
    ""Price near micro support (59730) with only 0.48% distance - risk of bounce from support zone"",
    ""Reversal risk score at 43 (moderate) - some probability of mean reversion or squeeze"",
    ""Volume ratio very low (0.008) - lack of conviction in current move, could be noise"",
    ""Candle range narrow (182.8) with high wick ratio (0.64) - indecision, potential for reversal"",
    ""ADX below 25 suggests non-trending conditions - bearish bias but not strong trending"",
    ""Short entry near support historically reduces expectancy without strong continuation evidence""
  ],
  ""bull_score"": 3,
  ""bear_score"": 7
}
```

**Direction:** SHORT  
**Win probability:** 62%  
**Long score:** 25  
**Short score:** 70  
**Bull score:** 3/10  
**Bear score:** 7/10  
**Decision:** APPROVE  
**Reason:** Bearish hierarchy dominates - BEAR regime, bearish structure, bearish EMA alignment, and bearish trend health. Price is below all key EMAs with negative velocity. Liquidity sweep high suggests a trap before continuation lower. While near micro support (59730) and ADX is low, the bearish case is stronger and more coherent. Short entry above current price (pullback to 60225) allows for a controlled risk. The low volume and high wick ratio warrant an aggressive exit style to capture quick moves.",59766.0,59839.0,MAKER,TAKER,0.033393,86.0,1070.978,-2.44,-2.44,0.0,0.0,-0.0,-0.0,-12.21,63.886365,THESIS_FAST_CUT,0.74004,0.935901,-0.00025,0.76546,False,True,"{'velocity': -0.000250300360432519, 'volume': 0.016, 'volume_ratio': 0.9359008963310063, 'delta': 0.7400396400000002, 'imbalance': 0.7654595092781964, 'delta_change': 0.016000000000000014}",2.6,"{'early_fail_enabled': True, 'invert_signal': False, 'ai_enabled': True, 'edge_threshold': 3.0, 'edge_threshold_max': None, 'edge_range_preset': 'min_only', 'ai_threshold': 44.0, 'leverage': 100, 'pullback_threshold': 0.001}","{'ema9': 60249.57492369786, 'ema21': 60160.46120451758, 'ema200': 60800.961938807595, 'ema_spread': 0.001481, 'ema9_slope_pct': -0.135, 'ema21_slope_pct': 0.0043, 'ema9_above_ema21': True, 'ema21_above_ema200': False}",WEAK_SETUP,2.6,2.6,False,True,INV_False_EF_True,SHORT,10,6,SCENARIO_C_RUNNER_10_v4,40.0,10.0,-12.0,2.0,8.0,300,1,2,-32.0,False,False,True,False,480,3,5.0,False,5,0.75,"[[10, 6], [19, 17], [40, 28], [60, 45], [80, 60], [100, 75], [150, 120]]","{""trail_ladder"": [[10, 6], [19, 17], [40, 28], [60, 45], [80, 60], [100, 75], [150, 120]], ""ladder_first_trigger_pct"": 10, ""ladder_first_lock_pct"": 6, ""exit_profile_id"": ""SCENARIO_C_RUNNER_10_v4"", ""peak_never_loser_min_peak"": 40.0, ""peak_never_loser_floor"": 10.0, ""thesis_fast_exit_unreal_pct"": -12.0, ""thesis_mfe_protect_pct"": 2.0, ""thesis_exit_if_above_unreal_pct"": 8.0, ""thesis_min_age_sec"": 300, ""thesis_score_flip_margin"": 1, ""thesis_early_decay_delta"": 2, ""early_fail_pct_threshold"": -32.0, ""type_a_first_candle_enabled"": false, ""type_a_early_fail_enabled"": false, ""scenario_c_exit_profile"": true, ""type_a_stall_enabled"": false, ""type_a_stall_min_age_sec"": 480, ""type_a_stall_min_candles"": 3, ""type_a_stall_max_mfe_pct"": 5.0, ""trend_weakening_enabled"": false, ""spread_penalty_threshold"": 5, ""spread_penalty_margin_mult"": 0.75}",2026-06-26T10:07:36.285266+00:00,2026-06-26 20:07:36 AEST,2026-06-26 20:07:36 AEST
2026-06-26T11:30:22.711298+00:00,cont-9da018728609,SHORT,59529.0,59510.0,6.670624,3.23,15.0,6,0.48,0.48,0.0,0.0,-0.01,-0.01,PROFIT_LOCK_LADDER,100,0.11,72,44.0,True,SIM_LIMIT,AI_DIRECT_LIMIT,,,,,0,BEAR,SR,70+,SPAWN,-9,-9,BEARISH_STRUCTURE,BEAR_ALIGNED,23.22,-10,2,8,0.02794,bitfinex,tBTCF0:USTF0,v11.1-virtual-chase-known-combos-v1,BITFINEX_ZERO,v11.1-virtual-chase-known-combos-v1,CONTINUOUS,Continuous AI Research,APPROVE,59474.0,0.039227,0.022598,FREE_RANGE,-0.003006,0.834543,240.7,6.670625,-4.031648,12.094945,291.812,291.812,291.812,0-5m,AI_DIRECT,AI_DIRECT_CHASE,4,,55.0,0.0,0.0,0.0,False,0.0,0.0,-0.005727,0.000104,0.017664,0.074789,0.099975,0.0,0.799953,59474.0,59691.245299,59874.75536,60725.383427,-0.003065,FREE_RANGE,SHORT_PREFERRED,0.039227,0.022598,BEAR,3.0,44.0,0.0,100,3.9,True,True,APPROVE,72,"```json
{
  ""direction"": ""SHORT"",
  ""confidence"": 72,
  ""long_score"": 18,
  ""short_score"": 82,
  ""preferred_direction"": ""SHORT"",
  ""entry_zone_low"": 59550,
  ""entry_zone_high"": 59700,
  ""limit_price"": 59625,
  ""expected_mfe"": 180,
  ""expected_mae"": 120,
  ""reversal_probability"": 29,
  ""exit_style"": ""PATIENT"",
  ""reasons_for_trade"": [
    ""BEAR_ALIGNED multi-timeframe agreement (15m, 1h, 4h all bearish)"",
    ""Bearish market structure with active LH-LL sequence and structure_score -9"",
    ""Bear EMA stack (price below all EMAs, EMA9 below EMA21, EMA21 below EMA200)"",
    ""Trend health state BEAR with bear_score 10 vs bull_score 3"",
    ""ADX 23.22 approaching 25 threshold, trend strength building"",
    ""Liquidity sweep of recent high already occurred (liquidity_sweep_high=true), suggesting exhaustion"",
    ""Price near micro resistance (60821) after rejection, now pulling back into resistance zone"",
    ""Funding positive (0.026% per 8h) favoring shorts, longs paying"",
    ""Volume ratio very low (0.074) suggesting lack of buying conviction on bounce"",
    ""Edge_score 3.9 above threshold 3.0, supporting bearish edge""
  ],
  ""reasons_against_trade"": [
    ""Price is relatively close to micro support (59275) at 0.33% distance, bounce risk"",
    ""Reversal risk score elevated at 71, indicating potential for mean reversion"",
    ""ADX below 25 (23.22) means trend not yet strongly trending, could stall"",
    ""Low volume ratio suggests market may be in compression phase"",
    ""Candle wick ratio ~50% shows indecision at current levels""
  ],
  ""bull_score"": 2,
  ""bear_score"": 8
}
```

Direction: SHORT
Win probability: 72%
Long score: 18
Short score: 82
Bull score: 2
Bear score: 8
Decision: APPROVE
Reason: Strong bearish alignment across all trend hierarchy layers (MTF, structure, EMA stack, trend health) with no valid reversal confirmation. Price rejected from micro resistance (60821) and is pulling back, providing a short entry near the resistance zone. The low volume ratio and positive funding further support short continuation. While reversal risk is elevated (71), this is typical near support and does not constitute a confirmed reversal signal. The short entry near support carries reduced expectancy, but the bearish continuation case is dominant.",59529.0,59510.0,MAKER,TAKER,0.025221,55.0,291.812,0.48,0.48,0.0,0.0,-0.01,-0.01,3.23,400.237549,PROFIT_LOCK_LADDER,0.099975,0.074789,0.000104,0.799953,False,True,"{'price': 59474.0, 'ret_1m': 0.0, 'ret_5m': 0.0, 'ema9': 59691.2452985583, 'ema21': 59874.755360061754, 'ema200': 60725.38342698343, 'dist_to_support': 0.02259811009853045, 'dist_to_resistance': 0.03922722534216633, 'volume': 0.017663777000000002, 'volume_ratio': 0.07478943302237667, 'delta': 0.09997450100000002, 'velocity': 0.00010431782529818684, 'imbalance': 0.7999525065537083, 'candle_range': 240.7, 'body_ratio': 0.49896688546144086, 'wick_ratio': 0.5010331145385593}",3.9,"{'early_fail_enabled': True, 'invert_signal': False, 'ai_enabled': True, 'edge_threshold': 3.0, 'edge_threshold_max': None, 'edge_range_preset': 'min_only', 'ai_threshold': 44.0, 'leverage': 100, 'pullback_threshold': 0.001}","{'ema9': 59691.2452985583, 'ema21': 59874.755360061754, 'ema200': 60725.38342698343, 'ema_spread': -0.003065, 'ema9_slope_pct': -0.4022, 'ema21_slope_pct': -0.2419, 'ema9_above_ema21': False, 'ema21_above_ema200': False}",MOMENTUM_LONG,3.9,3.9,False,True,INV_False_EF_True,SHORT,10,6,SCENARIO_C_RUNNER_10_v4,40.0,10.0,-12.0,2.0,8.0,300,1,2,-32.0,False,False,True,False,480,3,5.0,False,5,0.75,"[[10, 6], [19, 17], [40, 28], [60, 45], [80, 60], [100, 75], [150, 120]]","{""trail_ladder"": [[10, 6], [19, 17], [40, 28], [60, 45], [80, 60], [100, 75], [150, 120]], ""ladder_first_trigger_pct"": 10, ""ladder_first_lock_pct"": 6, ""exit_profile_id"": ""SCENARIO_C_RUNNER_10_v4"", ""peak_never_loser_min_peak"": 40.0, ""peak_never_loser_floor"": 10.0, ""thesis_fast_exit_unreal_pct"": -12.0, ""thesis_mfe_protect_pct"": 2.0, ""thesis_exit_if_above_unreal_pct"": 8.0, ""thesis_min_age_sec"": 300, ""thesis_score_flip_margin"": 1, ""thesis_early_decay_delta"": 2, ""early_fail_pct_threshold"": -32.0, ""type_a_first_candle_enabled"": false, ""type_a_early_fail_enabled"": false, ""scenario_c_exit_profile"": true, ""type_a_stall_enabled"": false, ""type_a_stall_min_age_sec"": 480, ""type_a_stall_min_candles"": 3, ""type_a_stall_max_mfe_pct"": 5.0, ""trend_weakening_enabled"": false, ""spread_penalty_threshold"": 5, ""spread_penalty_margin_mult"": 0.75}",2026-06-26T11:30:22.711298+00:00,2026-06-26 21:30:22 AEST,2026-06-26 21:30:22 AEST
2026-06-26T11:31:37.578627+00:00,cont-5724b4cba70d,SHORT,59531.57,59495.0,0.406236,6.15,15.0,6,0.92,0.92,0.0,0.0,-0.0,-0.0,PROFIT_LOCK_LADDER,100,0.2,62,44.0,True,SIM_LIMIT,AI_DIRECT_LIMIT,,,,,0,BEAR,SR,60-70,SPAWN,-9,-9,BEARISH_STRUCTURE,BEAR_ALIGNED,23.22,-10,2,8,0.02809,bitfinex,tBTCF0:USTF0,v11.1-virtual-chase-known-combos-v1,BITFINEX_ZERO,v11.1-virtual-chase-known-combos-v1,CONTINUOUS,Continuous AI Research,APPROVE,59499.0,0.03893,0.022877,FREE_RANGE,-0.003062,0.571352,240.7,0.406237,0.0,10.251703,366.43,366.43,366.43,5-15m,AI_DIRECT,AI_DIRECT_CHASE,6,,32.57,0.0,0.0,0.0,False,0.0,0.0,-0.000356,-2e-06,0.002432,0.498071,1.392323,0.0,0.452055,59491.0,59712.845299,59884.573542,60726.458054,-0.002868,FREE_RANGE,SHORT_PREFERRED,0.03893,0.022877,BEAR,3.0,44.0,0.0,100,4.9,True,True,APPROVE,62,"```json
{
  ""direction"": ""SHORT"",
  ""confidence"": 62,
  ""long_score"": 18,
  ""short_score"": 72,
  ""preferred_direction"": ""SHORT"",
  ""entry_zone_low"": 59600,
  ""entry_zone_high"": 59800,
  ""limit_price"": 59700,
  ""expected_mfe"": 350,
  ""expected_mae"": 200,
  ""reversal_probability"": 51,
  ""exit_style"": ""AGGRESSIVE"",
  ""reasons_for_trade"": [
    ""MTF agreement is BEAR_ALIGNED across 15m, 1h, 4h"",
    ""Market structure bias is BEARISH with active LH-LL sequence"",
    ""EMA stack is bearish (price below all EMAs, EMA9 below EMA21, EMA21 below EMA200)"",
    ""Trend health state is BEAR with bear_score 10 vs bull_score 3"",
    ""ADX at 23.22 is near trending threshold, favoring continuation"",
    ""Funding rate positive (0.027% per 8h) favors shorts"",
    ""Liquidity sweep high detected, suggesting potential sell-side pressure"",
    ""Edge score 4.9 above threshold 3.0 supports trade quality""
  ],
  ""reasons_against_trade"": [
    ""Price is near micro support (59275) with only 0.4% distance, increasing bounce risk"",
    ""Reversal probability at 51% suggests non-trivial reversal chance"",
    ""Volume ratio low (0.35) indicates weak participation"",
    ""Market regime is COMPRESSION, which can lead to sudden reversals"",
    ""Candle has balanced wick/body ratio, showing indecision""
  ],
  ""bull_score"": 2,
  ""bear_score"": 8
}
```",59531.57,59495.0,MAKER,TAKER,0.025211,32.57,366.43,0.92,0.92,0.0,0.0,-0.0,-0.0,6.15,24.374277,PROFIT_LOCK_LADDER,1.392323,0.498071,-2e-06,0.452055,False,True,"{'price': 59491.0, 'ret_1m': -1.6808982720365762e-05, 'ret_5m': -0.0002856758755125361, 'ema9': 59712.8452985583, 'ema21': 59884.57354187994, 'ema200': 60726.45805384911, 'dist_to_support': 0.02287741002840766, 'dist_to_resistance': 0.038930258358407153, 'volume': 0.002431859, 'volume_ratio': 0.49807054338819423, 'delta': 1.3923226669999993, 'velocity': -1.6796551864499882e-06, 'imbalance': 0.4520551278729733, 'candle_range': 240.7, 'body_ratio': 0.49896688546144086, 'wick_ratio': 0.5010331145385593}",4.9,"{'early_fail_enabled': True, 'invert_signal': False, 'ai_enabled': True, 'edge_threshold': 3.0, 'edge_threshold_max': None, 'edge_range_preset': 'min_only', 'ai_threshold': 44.0, 'leverage': 100, 'pullback_threshold': 0.001}","{'ema9': 59712.8452985583, 'ema21': 59884.57354187994, 'ema200': 60726.45805384911, 'ema_spread': -0.002868, 'ema9_slope_pct': -0.3662, 'ema21_slope_pct': -0.2255, 'ema9_above_ema21': False, 'ema21_above_ema200': False}",WEAK_SETUP,4.9,4.9,False,True,INV_False_EF_True,SHORT,10,6,SCENARIO_C_RUNNER_10_v4,40.0,10.0,-12.0,2.0,8.0,300,1,2,-32.0,False,False,True,False,480,3,5.0,False,5,0.75,"[[10, 6], [19, 17], [40, 28], [60, 45], [80, 60], [100, 75], [150, 120]]","{""trail_ladder"": [[10, 6], [19, 17], [40, 28], [60, 45], [80, 60], [100, 75], [150, 120]], ""ladder_first_trigger_pct"": 10, ""ladder_first_lock_pct"": 6, ""exit_profile_id"": ""SCENARIO_C_RUNNER_10_v4"", ""peak_never_loser_min_peak"": 40.0, ""peak_never_loser_floor"": 10.0, ""thesis_fast_exit_unreal_pct"": -12.0, ""thesis_mfe_protect_pct"": 2.0, ""thesis_exit_if_above_unreal_pct"": 8.0, ""thesis_min_age_sec"": 300, ""thesis_score_flip_margin"": 1, ""thesis_early_decay_delta"": 2, ""early_fail_pct_threshold"": -32.0, ""type_a_first_candle_enabled"": false, ""type_a_early_fail_enabled"": false, ""scenario_c_exit_profile"": true, ""type_a_stall_enabled"": false, ""type_a_stall_min_age_sec"": 480, ""type_a_stall_min_candles"": 3, ""type_a_stall_max_mfe_pct"": 5.0, ""trend_weakening_enabled"": false, ""spread_penalty_threshold"": 5, ""spread_penalty_margin_mult"": 0.75}",2026-06-26T11:31:37.578627+00:00,2026-06-26 21:31:37 AEST,2026-06-26 21:31:37 AEST
2026-06-26T11:38:02.179977+00:00,cont-4c0be7226759,SHORT,59556.71,59548.07,1.465258,1.46,15.0,6,0.22,0.22,0.0,0.0,-0.0,-0.0,PROFIT_LOCK_LADDER,100,0.05,62,44.0,True,SIM_LIMIT,AI_DIRECT_LIMIT,,,,,0,BEAR,SR,60-70,SPAWN,-9,-9,BEARISH_STRUCTURE,BEAR_ALIGNED,24.34,-10,2,8,0.02892,bitfinex,tBTCF0:USTF0,v11.1-virtual-chase-known-combos-v1,BITFINEX_ZERO,v11.1-virtual-chase-known-combos-v1,CONTINUOUS,Continuous AI Research,APPROVE,59475.0,0.039157,0.022664,FREE_RANGE,-0.003011,0.36976,236.0,1.465259,-3.574744,10.361553,275.657,275.657,275.657,0-5m,AI_DIRECT,AI_DIRECT_CHASE,4,,81.71,0.0,0.0016,0.0016,False,0.0,0.0,-0.001323,-2.7e-05,0.057617,0.105386,1.9557,0.0,0.409945,59487.0,59661.796239,59845.033798,60713.849385,-0.003062,FREE_RANGE,SHORT_PREFERRED,0.039157,0.022664,BEAR,3.0,44.0,0.0,100,4.7,True,True,APPROVE,62,"```json
{
  ""direction"": ""SHORT"",
  ""confidence"": 62,
  ""long_score"": 18,
  ""short_score"": 82,
  ""preferred_direction"": ""SHORT"",
  ""entry_zone_low"": 59600,
  ""entry_zone_high"": 59800,
  ""limit_price"": 59700,
  ""expected_mfe"": 250,
  ""expected_mae"": 120,
  ""reversal_probability"": 51,
  ""exit_style"": ""AGGRESSIVE"",
  ""reasons_for_trade"": [
    ""Multi-timeframe agreement is BEAR_ALIGNED across 15m, 1h, 4h"",
    ""Market structure is BEARISH with active LH-LL sequence and structure_score -9"",
    ""EMA stack is bearish (price below all EMAs, EMA9 below EMA21, EMA21 below EMA200)"",
    ""Trend health state is BEAR with bear_score 10 vs bull_score 3"",
    ""ADX at 24.34 is near trending threshold, favoring continuation"",
    ""Regime is TRENDING (bearish) with recent compression break to downside"",
    ""Funding rate positive (0.028% per 8h) favors shorts"",
    ""Edge score 4.7 above threshold 3.0 supports bearish bias""
  ],
  ""reasons_against_trade"": [
    ""Price is near micro support (59275) - bounce risk elevated"",
    ""Reversal risk score is 51 (moderate) - not extreme but non-trivial"",
    ""Volume ratio low (0.46) - lack of aggressive selling pressure"",
    ""Delta positive (1.77) - some buying interest at current levels"",
    ""Distance to support (2.27%) is closer than resistance (3.92%) - limited downside room""
  ],
  ""bull_score"": 2,
  ""bear_score"": 8
}
```

**Direction:** SHORT  
**Win probability:** 62%  
**Long score:** 18  
**Short score:** 82  
**Bull score:** 2  
**Bear score:** 8  
**Decision:** APPROVE  
**Reason:** Strong bearish alignment across all trend hierarchy layers (MTF, structure, EMA, trend health, ADX near trending). Short score dominates long score by 64 points, well above the +5 threshold. The primary risk is proximity to micro support (59275), which could trigger a bounce - hence the limit entry above current price (59700) to avoid chasing into support. The positive funding rate and bearish regime support continuation. Entry zone is set for a pullback to retest the EMA9/21 zone before further downside. Exit style AGGRESSIVE due to limited downside room before support.",59556.71,59548.07,MAKER,TAKER,0.025221,81.71,275.657,0.22,0.22,0.0,0.0,-0.0,-0.0,1.46,87.915613,PROFIT_LOCK_LADDER,1.9557,0.105386,-2.7e-05,0.409945,False,True,"{'price': 59487.0, 'ret_1m': 0.0, 'ret_5m': -0.00018488016403912737, 'ema9': 59661.79623884664, 'ema21': 59845.03379840682, 'ema200': 60713.84938512818, 'dist_to_support': 0.022663842092874677, 'dist_to_resistance': 0.039157335485389556, 'volume': 0.05761742199999999, 'volume_ratio': 0.10538618521128182, 'delta': 1.9557000730000014, 'velocity': -2.6852836170628306e-05, 'imbalance': 0.4099448454748472, 'candle_range': 236.0, 'body_ratio': 0.5340050269316211, 'wick_ratio': 0.4659949730683789}",4.7,"{'early_fail_enabled': True, 'invert_signal': False, 'ai_enabled': True, 'edge_threshold': 3.0, 'edge_threshold_max': None, 'edge_range_preset': 'min_only', 'ai_threshold': 44.0, 'leverage': 100, 'pullback_threshold': 0.001}","{'ema9': 59661.79623884664, 'ema21': 59845.03379840682, 'ema200': 60713.84938512818, 'ema_spread': -0.003062, 'ema9_slope_pct': -0.2616, 'ema21_slope_pct': -0.1919, 'ema9_above_ema21': False, 'ema21_above_ema200': False}",WEAK_SETUP,4.7,4.7,False,True,INV_False_EF_True,SHORT,10,6,SCENARIO_C_RUNNER_10_v4,40.0,10.0,-12.0,2.0,8.0,300,1,2,-32.0,False,False,True,False,480,3,5.0,False,5,0.75,"[[10, 6], [19, 17], [40, 28], [60, 45], [80, 60], [100, 75], [150, 120]]","{""trail_ladder"": [[10, 6], [19, 17], [40, 28], [60, 45], [80, 60], [100, 75], [150, 120]], ""ladder_first_trigger_pct"": 10, ""ladder_first_lock_pct"": 6, ""exit_profile_id"": ""SCENARIO_C_RUNNER_10_v4"", ""peak_never_loser_min_peak"": 40.0, ""peak_never_loser_floor"": 10.0, ""thesis_fast_exit_unreal_pct"": -12.0, ""thesis_mfe_protect_pct"": 2.0, ""thesis_exit_if_above_unreal_pct"": 8.0, ""thesis_min_age_sec"": 300, ""thesis_score_flip_margin"": 1, ""thesis_early_decay_delta"": 2, ""early_fail_pct_threshold"": -32.0, ""type_a_first_candle_enabled"": false, ""type_a_early_fail_enabled"": false, ""scenario_c_exit_profile"": true, ""type_a_stall_enabled"": false, ""type_a_stall_min_age_sec"": 480, ""type_a_stall_min_candles"": 3, ""type_a_stall_max_mfe_pct"": 5.0, ""trend_weakening_enabled"": false, ""spread_penalty_threshold"": 5, ""spread_penalty_margin_mult"": 0.75}",2026-06-26T11:38:02.179977+00:00,2026-06-26 21:38:02 AEST,2026-06-26 21:38:02 AEST
2026-06-26T11:47:47.332715+00:00,cont-ac0cf050e958,SHORT,59539.91,59500.96,2.85209,6.56,15.0,7,0.98,0.98,0.0,0.0,-0.0,-0.0,PROFIT_LOCK_LADDER,100,0.22,72,44.0,True,SIM_LIMIT,AI_DIRECT_LIMIT,,,,,0,BEAR,SR,70+,SPAWN,-9,-9,BEARISH_STRUCTURE,BEAR_ALIGNED,24.13,-10,2,9,0.03028,bitfinex,tBTCF0:USTF0,v11.1-virtual-chase-known-combos-v1,BITFINEX_ZERO,v11.1-virtual-chase-known-combos-v1,CONTINUOUS,Continuous AI Research,APPROVE,59534.0,0.037936,0.023813,FREE_RANGE,-0.003159,0.537553,0.0,2.852091,0.0,17.11625,355.955,355.955,355.955,5-15m,AI_DIRECT,AI_DIRECT_CHASE,5,,5.91,0.0,0.0494,0.0494,False,0.0,0.0,-0.002681,6.7e-05,0.019547,2.774617,2.655921,-0.019547,0.391761,59535.0,59659.996239,59844.215617,60713.759833,-0.003078,FREE_RANGE,SHORT_PREFERRED,0.037936,0.023813,BEAR,3.0,44.0,0.0,100,4.9,True,True,APPROVE,72,"```json
{
  ""direction"": ""SHORT"",
  ""confidence"": 72,
  ""long_score"": 18,
  ""short_score"": 82,
  ""preferred_direction"": ""SHORT"",
  ""entry_zone_low"": 59600,
  ""entry_zone_high"": 59800,
  ""limit_price"": 59700,
  ""expected_mfe"": 350,
  ""expected_mae"": 150,
  ""reversal_probability"": 29,
  ""exit_style"": ""AGGRESSIVE"",
  ""reasons_for_trade"": [
    ""MTF agreement is BEAR_ALIGNED across 15m, 1h, 4h"",
    ""Market structure bias is BEARISH with LH/LL sequence active"",
    ""EMA stack is bearish (price below all EMAs, EMA9 below EMA21, EMA21 below EMA200)"",
    ""Trend health state is BEAR with bear_score 10 vs bull_score 3"",
    ""ADX at 24.13 is near trending threshold, supporting continuation"",
    ""Regime is BEAR and market_structure_shift is BEAR_CONTINUATION"",
    ""Funding rate positive (0.029% per 8h) favors shorts, longs paying"",
    ""Price is in free range with more room to support (2.38%) than resistance (3.79%)"",
    ""Edge score 4.9 above threshold 3.0, indicating statistical edge for direction""
  ],
  ""reasons_against_trade"": [
    ""Volume ratio is very low (0.06), suggesting lack of conviction"",
    ""Reversal risk score is 71, indicating potential for bounce"",
    ""Price is near micro support (59275) with only 0.46% distance"",
    ""Market regime tracker shows recent compression, possible consolidation"",
    ""Candle range is narrow with balanced wick/body, indecision""
  ],
  ""bull_score"": 2,
  ""bear_score"": 9
}
```

Direction: SHORT  
Win probability: 72%  
Long score: 18  
Short score: 82  
Bull score: 2  
Bear score: 9  
Decision: APPROVE  
Reason: Strong bearish alignment across all trend hierarchy layers (MTF, structure, EMA, trend health, ADX near trending). Short is the clear continuation play. The only caution is proximity to micro support, but with no reversal confirmation (no higher low, no structure shift, no momentum expansion upward), continuation is favored. Low volume suggests patience for a pullback entry above current price.",59539.91,59500.96,MAKER,TAKER,0.025196,5.91,355.955,0.98,0.98,0.0,0.0,-0.0,-0.0,6.56,171.125488,PROFIT_LOCK_LADDER,2.655921,2.774617,6.7e-05,0.391761,False,True,"{'velocity': 6.71941406709335e-05, 'volume': 0.01954696, 'volume_ratio': 2.7746173448928664, 'delta': 2.655920930000004, 'imbalance': 0.3917612120252668, 'delta_change': -0.019546960000000002}",3.3,"{'early_fail_enabled': True, 'invert_signal': False, 'ai_enabled': True, 'edge_threshold': 3.0, 'edge_threshold_max': None, 'edge_range_preset': 'min_only', 'ai_threshold': 44.0, 'leverage': 100, 'pullback_threshold': 0.001}","{'ema9': 59659.996238846645, 'ema21': 59844.21561658863, 'ema200': 60713.75983288937, 'ema_spread': -0.003078, 'ema9_slope_pct': -0.2646, 'ema21_slope_pct': -0.1933, 'ema9_above_ema21': False, 'ema21_above_ema200': False}",MOMENTUM_LONG,3.3,3.3,False,True,INV_False_EF_True,SHORT,10,6,SCENARIO_C_RUNNER_10_v4,40.0,10.0,-12.0,2.0,8.0,300,1,2,-32.0,False,False,True,False,480,3,5.0,False,5,0.75,"[[10, 6], [19, 17], [40, 28], [60, 45], [80, 60], [100, 75], [150, 120]]","{""trail_ladder"": [[10, 6], [19, 17], [40, 28], [60, 45], [80, 60], [100, 75], [150, 120]], ""ladder_first_trigger_pct"": 10, ""ladder_first_lock_pct"": 6, ""exit_profile_id"": ""SCENARIO_C_RUNNER_10_v4"", ""peak_never_loser_min_peak"": 40.0, ""peak_never_loser_floor"": 10.0, ""thesis_fast_exit_unreal_pct"": -12.0, ""thesis_mfe_protect_pct"": 2.0, ""thesis_exit_if_above_unreal_pct"": 8.0, ""thesis_min_age_sec"": 300, ""thesis_score_flip_margin"": 1, ""thesis_early_decay_delta"": 2, ""early_fail_pct_threshold"": -32.0, ""type_a_first_candle_enabled"": false, ""type_a_early_fail_enabled"": false, ""scenario_c_exit_profile"": true, ""type_a_stall_enabled"": false, ""type_a_stall_min_age_sec"": 480, ""type_a_stall_min_candles"": 3, ""type_a_stall_max_mfe_pct"": 5.0, ""trend_weakening_enabled"": false, ""spread_penalty_threshold"": 5, ""spread_penalty_margin_mult"": 0.75}",2026-06-26T11:47:47.332715+00:00,2026-06-26 21:47:47 AEST,2026-06-26 21:47:47 AEST
2026-06-26T11:50:58.723277+00:00,vc603-d1adb8a9acc7,SHORT,59496.33,59471.21,28.999599,4.4,15.0,6,0.66,0.63,0.0,0.0,-0.03,-0.03,PROFIT_LOCK_LADDER,100,0.14,72,44.0,True,SIM_MARKET,AI_DIRECT_LIMIT,,,,,0,BEAR,SR,70+,SPAWN,-9,-9,BEARISH_STRUCTURE,BEAR_ALIGNED,23.22,-10,2,8,0.0307,bitfinex,tBTCF0:USTF0,v11.1-virtual-chase-known-combos-v1,BITFINEX_ZERO,v11.1-virtual-chase-known-combos-v1,AI60_SP3_VIRTUAL_CHASE,AI60+ · Spread >=3 · Virtual Chase,APPROVE,59474.0,0.039227,0.022598,FREE_RANGE,-0.003143,0.834543,240.7,28.9996,-13.726897,11.484742,186.324,186.324,186.324,0-5m,AI_DIRECT,AI_DIRECT_CHASE,6,,22.33,0.0,0.0305,0.0305,False,0.0,0.0,-0.026056,0.000104,0.017664,0.074789,0.099975,0.0,0.799953,59474.0,59691.245299,59874.75536,60725.383427,-0.003065,FREE_RANGE,SHORT_PREFERRED,0.039227,0.022598,BEAR,3.0,44.0,0.0,100,3.9,True,True,APPROVE,72,"```json
{
  ""direction"": ""SHORT"",
  ""confidence"": 72,
  ""long_score"": 18,
  ""short_score"": 82,
  ""preferred_direction"": ""SHORT"",
  ""entry_zone_low"": 59550,
  ""entry_zone_high"": 59700,
  ""limit_price"": 59625,
  ""expected_mfe"": 180,
  ""expected_mae"": 120,
  ""reversal_probability"": 29,
  ""exit_style"": ""PATIENT"",
  ""reasons_for_trade"": [
    ""BEAR_ALIGNED multi-timeframe agreement (15m, 1h, 4h all bearish)"",
    ""Bearish market structure with active LH-LL sequence and structure_score -9"",
    ""Bear EMA stack (price below all EMAs, EMA9 below EMA21, EMA21 below EMA200)"",
    ""Trend health state BEAR with bear_score 10 vs bull_score 3"",
    ""ADX 23.22 approaching 25 threshold, trend strength building"",
    ""Liquidity sweep of recent high already occurred (liquidity_sweep_high=true), suggesting exhaustion"",
    ""Price near micro resistance (60821) after rejection, now pulling back into resistance zone"",
    ""Funding positive (0.026% per 8h) favoring shorts, longs paying"",
    ""Volume ratio very low (0.074) suggesting lack of buying conviction on bounce"",
    ""Edge_score 3.9 above threshold 3.0, supporting bearish edge""
  ],
  ""reasons_against_trade"": [
    ""Price is relatively close to micro support (59275) at 0.33% distance, bounce risk"",
    ""Reversal risk score elevated at 71, indicating potential for mean reversion"",
    ""ADX below 25 (23.22) means trend not yet strongly trending, could stall"",
    ""Low volume ratio suggests market may be in compression phase"",
    ""Candle wick ratio ~50% shows indecision at current levels""
  ],
  ""bull_score"": 2,
  ""bear_score"": 8
}
```

Direction: SHORT
Win probability: 72%
Long score: 18
Short score: 82
Bull score: 2
Bear score: 8
Decision: APPROVE
Reason: Strong bearish alignment across all trend hierarchy layers (MTF, structure, EMA stack, trend health) with no valid reversal confirmation. Price rejected from micro resistance (60821) and is pulling back, providing a short entry near the resistance zone. The low volume ratio and positive funding further support short continuation. While reversal risk is elevated (71), this is typical near support and does not constitute a confirmed reversal signal. The short entry near support carries reduced expectancy, but the bearish continuation case is dominant.",59496.33,59471.21,TAKER,TAKER,0.025233,22.33,186.324,0.66,0.63,0.0,0.0,-0.03,-0.03,4.4,1739.976072,PROFIT_LOCK_LADDER,0.099975,0.074789,0.000104,0.799953,False,True,"{'price': 59474.0, 'ret_1m': 0.0, 'ret_5m': 0.0, 'ema9': 59691.2452985583, 'ema21': 59874.755360061754, 'ema200': 60725.38342698343, 'dist_to_support': 0.02259811009853045, 'dist_to_resistance': 0.03922722534216633, 'volume': 0.017663777000000002, 'volume_ratio': 0.07478943302237667, 'delta': 0.09997450100000002, 'velocity': 0.00010431782529818684, 'imbalance': 0.7999525065537083, 'candle_range': 240.7, 'body_ratio': 0.49896688546144086, 'wick_ratio': 0.5010331145385593}",3.9,"{'early_fail_enabled': True, 'invert_signal': False, 'ai_enabled': True, 'edge_threshold': 3.0, 'edge_threshold_max': None, 'edge_range_preset': 'min_only', 'ai_threshold': 44.0, 'leverage': 100, 'pullback_threshold': 0.001}","{'ema9': 59691.2452985583, 'ema21': 59874.755360061754, 'ema200': 60725.38342698343, 'ema_spread': -0.003065, 'ema9_slope_pct': -0.4022, 'ema21_slope_pct': -0.2419, 'ema9_above_ema21': False, 'ema21_above_ema200': False}",MOMENTUM_LONG,3.9,3.9,False,True,INV_False_EF_True,SHORT,10,6,SCENARIO_C_RUNNER_10_v4,40.0,10.0,-12.0,2.0,8.0,300,1,2,-32.0,False,False,True,False,480,3,5.0,False,5,0.75,"[[10, 6], [19, 17], [40, 28], [60, 45], [80, 60], [100, 75], [150, 120]]","{""trail_ladder"": [[10, 6], [19, 17], [40, 28], [60, 45], [80, 60], [100, 75], [150, 120]], ""ladder_first_trigger_pct"": 10, ""ladder_first_lock_pct"": 6, ""exit_profile_id"": ""SCENARIO_C_RUNNER_10_v4"", ""peak_never_loser_min_peak"": 40.0, ""peak_never_loser_floor"": 10.0, ""thesis_fast_exit_unreal_pct"": -12.0, ""thesis_mfe_protect_pct"": 2.0, ""thesis_exit_if_above_unreal_pct"": 8.0, ""thesis_min_age_sec"": 300, ""thesis_score_flip_margin"": 1, ""thesis_early_decay_delta"": 2, ""early_fail_pct_threshold"": -32.0, ""type_a_first_candle_enabled"": false, ""type_a_early_fail_enabled"": false, ""scenario_c_exit_profile"": true, ""type_a_stall_enabled"": false, ""type_a_stall_min_age_sec"": 480, ""type_a_stall_min_candles"": 3, ""type_a_stall_max_mfe_pct"": 5.0, ""trend_weakening_enabled"": false, ""spread_penalty_threshold"": 5, ""spread_penalty_margin_mult"": 0.75}",2026-06-26T11:50:58.723277+00:00,2026-06-26 21:50:58 AEST,2026-06-26 21:50:58 AEST
2026-06-26T11:55:15.650578+00:00,cont-f6d743a1c0ef,SHORT,59485.98,59446.9,2.548811,6.59,15.0,6,0.99,0.99,0.0,0.0,-0.0,-0.0,PROFIT_LOCK_LADDER,100,0.22,68,44.0,True,SIM_LIMIT,AI_DIRECT_LIMIT,,,,,0,BEAR,SR,60-70,SPAWN,-9,-9,BEARISH_STRUCTURE,BEAR_ALIGNED,24.97,-10,2,8,0.03128,bitfinex,tBTCF0:USTF0,v11.1-virtual-chase-known-combos-v1,BITFINEX_ZERO,v11.1-virtual-chase-known-combos-v1,CONTINUOUS,Continuous AI Research,APPROVE,59499.0,0.038965,0.022845,FREE_RANGE,-0.003309,1.0,0.0,2.548812,0.0,24.540236,260.833,260.833,260.833,0-5m,AI_DIRECT,AI_DIRECT_CHASE,5,,13.02,0.0,0.1488,0.1488,False,0.0,0.0,-0.002481,-0.000185,0.02,0.997937,3.488081,-0.02,0.406976,59493.0,59620.236991,59809.187751,60700.72587,-0.003159,FREE_RANGE,SHORT_PREFERRED,0.038965,0.022845,BEAR,3.0,44.0,0.0,100,4.0,True,True,APPROVE,68,"```json
{
  ""direction"": ""SHORT"",
  ""confidence"": 68,
  ""long_score"": 18,
  ""short_score"": 82,
  ""preferred_direction"": ""SHORT"",
  ""entry_zone_low"": 59550,
  ""entry_zone_high"": 59700,
  ""limit_price"": 59625,
  ""expected_mfe"": 180,
  ""expected_mae"": 120,
  ""reversal_probability"": 33,
  ""exit_style"": ""AGGRESSIVE"",
  ""reasons_for_trade"": [
    ""Multi-timeframe agreement is BEAR_ALIGNED across 15m, 1h, 4h"",
    ""Market structure is BEARISH with active LH-LL sequence and structure_score -9"",
    ""EMA stack is bearish (price below all EMAs, ema9 below ema21 below ema200)"",
    ""Trend health state is BEAR with bear_score 10 vs bull_score 3"",
    ""ADX at 24.97 near trending threshold, favoring continuation"",
    ""Funding positive (0.03028% per 8h) with LONGS_PAY_SHORTS, supporting short bias"",
    ""Price near micro resistance (60821) and recent swing high, with distance to support only 2.28%"",
    ""Entry stage is EARLY in bear move, with no higher low detected""
  ],
  ""reasons_against_trade"": [
    ""Price is near micro support (59275) at 0.32% distance, increasing bounce risk"",
    ""Volume ratio is neutral (1.04) and delta positive (3.52), showing some buying pressure"",
    ""Reversal risk score is 33, indicating moderate reversal potential"",
    ""Candle body ratio (0.52) shows balanced buying/selling in current bar"",
    ""Edge score is 4.0, above threshold but not extreme""
  ],
  ""bull_score"": 2,
  ""bear_score"": 8
}
```

**Direction:** SHORT  
**Win probability:** 68%  
**Long score:** 18  
**Short score:** 82  
**Bull score:** 2  
**Bear score:** 8  
**Decision:** APPROVE  
**Reason:** Strong bearish alignment across all trend hierarchy layers (MTF, structure, EMA, trend health, ADX) with no reversal confirmation. Short entry near resistance zone (59550-59700) allows for continuation toward support at 59275 and potentially lower. Positive funding adds tailwind. The proximity to micro support is a risk but does not outweigh the dominant bearish structure.",59485.98,59446.9,MAKER,TAKER,0.025211,13.02,260.833,0.99,0.99,0.0,0.0,-0.0,-0.0,6.59,152.928771,PROFIT_LOCK_LADDER,3.488081,0.997937,-0.000185,0.406976,False,True,"{'velocity': -0.00018486152191449315, 'volume': 0.02, 'volume_ratio': 0.9979371939644718, 'delta': 3.488080920000003, 'imbalance': 0.4069760422565748, 'delta_change': -0.020000000000000018}",4.0,"{'early_fail_enabled': True, 'invert_signal': False, 'ai_enabled': True, 'edge_threshold': 3.0, 'edge_threshold_max': None, 'edge_range_preset': 'min_only', 'ai_threshold': 44.0, 'leverage': 100, 'pullback_threshold': 0.001}","{'ema9': 59620.23699107731, 'ema21': 59809.1877506214, 'ema200': 60700.72587047385, 'ema_spread': -0.003159, 'ema9_slope_pct': -0.2302, 'ema21_slope_pct': -0.1845, 'ema9_above_ema21': False, 'ema21_above_ema200': False}",WEAK_SETUP,4.0,4.0,False,True,INV_False_EF_True,SHORT,10,6,SCENARIO_C_RUNNER_10_v4,40.0,10.0,-12.0,2.0,8.0,300,1,2,-32.0,False,False,True,False,480,3,5.0,False,5,0.75,"[[10, 6], [19, 17], [40, 28], [60, 45], [80, 60], [100, 75], [150, 120]]","{""trail_ladder"": [[10, 6], [19, 17], [40, 28], [60, 45], [80, 60], [100, 75], [150, 120]], ""ladder_first_trigger_pct"": 10, ""ladder_first_lock_pct"": 6, ""exit_profile_id"": ""SCENARIO_C_RUNNER_10_v4"", ""peak_never_loser_min_peak"": 40.0, ""peak_never_loser_floor"": 10.0, ""thesis_fast_exit_unreal_pct"": -12.0, ""thesis_mfe_protect_pct"": 2.0, ""thesis_exit_if_above_unreal_pct"": 8.0, ""thesis_min_age_sec"": 300, ""thesis_score_flip_margin"": 1, ""thesis_early_decay_delta"": 2, ""early_fail_pct_threshold"": -32.0, ""type_a_first_candle_enabled"": false, ""type_a_early_fail_enabled"": false, ""scenario_c_exit_profile"": true, ""type_a_stall_enabled"": false, ""type_a_stall_min_age_sec"": 480, ""type_a_stall_min_candles"": 3, ""type_a_stall_max_mfe_pct"": 5.0, ""trend_weakening_enabled"": false, ""spread_penalty_threshold"": 5, ""spread_penalty_margin_mult"": 0.75}",2026-06-26T11:55:15.650578+00:00,2026-06-26 21:55:15 AEST,2026-06-26 21:55:15 AEST
2026-06-26T12:33:55.915557+00:00,cont-6f886504aa82,SHORT,59890.0,59989.97,0.505444,-16.69,15.0,5,-2.5,-2.5,0.0,0.0,-0.0,-0.0,THESIS_FAST_CUT,100,0.56,62,44.0,True,SIM_LIMIT,AI_DIRECT_LIMIT,,,,,0,BEAR,SR,60-70,SPAWN,-6,-6,BEARISH_STRUCTURE,BEAR_ALIGNED,25.4,-7,3,8,0.03686,bitfinex,tBTCF0:USTF0,v11.1-virtual-chase-known-combos-v1,BITFINEX_ZERO,v11.1-virtual-chase-known-combos-v1,CONTINUOUS,Continuous AI Research,APPROVE,59770.0,0.034635,0.026918,FREE_RANGE,-0.001999,1.0,227.1,0.505445,-16.692269,1.863416,159.501,159.501,159.501,0-5m,AI_DIRECT,AI_DIRECT_CHASE,2,,120.0,0.0,0.0494,0.0494,False,0.0,0.0,-0.000583,2.8e-05,0.03193,0.058403,0.87281,0.0,0.575225,59730.0,59621.847674,59775.913242,60678.852974,-0.002577,FREE_RANGE,SHORT_PREFERRED,0.034635,0.026918,BEAR,3.0,44.0,0.0,100,3.9,True,True,APPROVE,62,"```json
{
  ""direction"": ""SHORT"",
  ""confidence"": 62,
  ""long_score"": 25,
  ""short_score"": 75,
  ""preferred_direction"": ""SHORT"",
  ""entry_zone_low"": 59850,
  ""entry_zone_high"": 60100,
  ""limit_price"": 59975,
  ""expected_mfe"": 180,
  ""expected_mae"": 120,
  ""reversal_probability"": 37,
  ""exit_style"": ""AGGRESSIVE"",
  ""reasons_for_trade"": [
    ""BEAR_ALIGNED multi-timeframe agreement (15m ranging, 1h/4h bearish)"",
    ""Bearish structure with structure_score -6 and BEARISH_STRUCTURE bias"",
    ""EMA stack bearish (price below ema21, ema9 below ema21, ema21 below ema200)"",
    ""ADX 25.4 indicates trending conditions favoring continuation"",
    ""Trend health BEAR with bear_score 11 vs bull_score 3"",
    ""Market structure shift is BEAR_CONTINUATION"",
    ""Funding positive (0.0364% per 8h) favoring shorts"",
    ""Price near micro resistance (60821) with 1.87% distance, room to decline toward micro support (59318)""
  ],
  ""reasons_against_trade"": [
    ""Price is closer to support (2.69%) than resistance (3.46%) - bounce risk increases near support"",
    ""Higher low detected suggests some buying pressure"",
    ""Reversal risk score 63 indicates moderate reversal probability"",
    ""Volume ratio below 1.0 (0.93) shows below-average participation"",
    ""Edge score 3.9 is just above threshold - not a strong edge signal""
  ],
  ""bull_score"": 3,
  ""bear_score"": 8
}
```",59890.0,59989.97,MAKER,TAKER,0.025096,120.0,159.501,-2.5,-2.5,0.0,0.0,-0.0,-0.0,-16.69,30.326745,THESIS_FAST_CUT,0.87281,0.058403,2.8e-05,0.575225,False,True,"{'price': 59753.0, 'ret_1m': 6.694672714187685e-05, 'ret_5m': 0.0005693330430851153, 'ema9': 59621.847674289485, 'ema21': 59775.91324244583, 'ema200': 60678.8529735915, 'dist_to_support': 0.026917539924336268, 'dist_to_resistance': 0.034634570959858044, 'volume': 0.031929845, 'volume_ratio': 0.058403469670704415, 'delta': 0.8728104150000006, 'velocity': 2.8485576425298e-05, 'imbalance': 0.5752250562509558, 'candle_range': 227.1, 'body_ratio': 0.41312510018900905, 'wick_ratio': 0.586874899810991}",3.1,"{'early_fail_enabled': True, 'invert_signal': False, 'ai_enabled': True, 'edge_threshold': 3.0, 'edge_threshold_max': None, 'edge_range_preset': 'min_only', 'ai_threshold': 44.0, 'leverage': 100, 'pullback_threshold': 0.001}","{'ema9': 59621.847674289485, 'ema21': 59775.91324244583, 'ema200': 60678.8529735915, 'ema_spread': -0.002577, 'ema9_slope_pct': -0.0569, 'ema21_slope_pct': -0.1109, 'ema9_above_ema21': False, 'ema21_above_ema200': False}",MOMENTUM_LONG,3.1,3.1,False,True,INV_False_EF_True,SHORT,10,6,SCENARIO_C_RUNNER_10_v4,40.0,10.0,-12.0,2.0,8.0,300,1,2,-32.0,False,False,True,False,480,3,5.0,False,5,0.75,"[[10, 6], [19, 17], [40, 28], [60, 45], [80, 60], [100, 75], [150, 120]]","{""trail_ladder"": [[10, 6], [19, 17], [40, 28], [60, 45], [80, 60], [100, 75], [150, 120]], ""ladder_first_trigger_pct"": 10, ""ladder_first_lock_pct"": 6, ""exit_profile_id"": ""SCENARIO_C_RUNNER_10_v4"", ""peak_never_loser_min_peak"": 40.0, ""peak_never_loser_floor"": 10.0, ""thesis_fast_exit_unreal_pct"": -12.0, ""thesis_mfe_protect_pct"": 2.0, ""thesis_exit_if_above_unreal_pct"": 8.0, ""thesis_min_age_sec"": 300, ""thesis_score_flip_margin"": 1, ""thesis_early_decay_delta"": 2, ""early_fail_pct_threshold"": -32.0, ""type_a_first_candle_enabled"": false, ""type_a_early_fail_enabled"": false, ""scenario_c_exit_profile"": true, ""type_a_stall_enabled"": false, ""type_a_stall_min_age_sec"": 480, ""type_a_stall_min_candles"": 3, ""type_a_stall_max_mfe_pct"": 5.0, ""trend_weakening_enabled"": false, ""spread_penalty_threshold"": 5, ""spread_penalty_margin_mult"": 0.75}",2026-06-26T12:33:55.915557+00:00,2026-06-26 22:33:55 AEST,2026-06-26 22:33:55 AEST
2026-06-26T14:04:27.691412+00:00,cont-bb3a5c5141a4,SHORT,60100.62,60058.23,0.695312,7.06,15.0,5,1.06,1.06,0.0,0.0,-0.0,-0.0,PROFIT_LOCK_LADDER,100,0.24,62,44.0,True,SIM_LIMIT,AI_DIRECT_LIMIT,,,,,0,BEAR,SR,60-70,SPAWN,-6,-6,BEARISH_STRUCTURE,MIXED,26.06,-5,3,8,0.04987,bitfinex,tBTCF0:USTF0,v11.1-virtual-chase-known-combos-v1,BITFINEX_ZERO,v11.1-virtual-chase-known-combos-v1,CONTINUOUS,Continuous AI Research,APPROVE,60075.0,0.012418,0.028598,NEAR_RESISTANCE,-0.000385,1.0,511.7,0.695313,0.0,32.215974,135.632,135.632,135.632,0-5m,AI_DIRECT,AI_DIRECT_CHASE,2,,25.62,0.0,0.0306,0.0306,False,0.0,0.0,-0.001084,-8.2e-05,0.002561,0.038465,0.048942,0.0,0.384066,60075.0,59675.674543,59682.401271,60602.152722,-0.000113,NEAR_RESISTANCE,SHORT_PREFERRED,0.012418,0.028598,BEAR,3.0,44.0,0.0,100,4.8,True,True,APPROVE,62,"```json
{
  ""direction"": ""SHORT"",
  ""confidence"": 62,
  ""long_score"": 25,
  ""short_score"": 72,
  ""preferred_direction"": ""SHORT"",
  ""entry_zone_low"": 60098,
  ""entry_zone_high"": 60250,
  ""limit_price"": 60174,
  ""expected_mfe"": 0.008,
  ""expected_mae"": 0.005,
  ""reversal_probability"": 28,
  ""exit_style"": ""AGGRESSIVE"",
  ""reasons_for_trade"": [
    ""BEAR_ALIGNED multi-timeframe (4h bearish, 15m/1h ranging but not bullish)"",
    ""Bearish EMA stack (price below EMA200, EMA9 below EMA21, stack_bear=true)"",
    ""ADX 26.06 > 25 indicating trending conditions favoring continuation"",
    ""Trend health state BEAR with bear_score 8 vs bull_score 4"",
    ""Market structure shift BEAR_CONTINUATION with LL sequence active"",
    ""Price near micro resistance (60066) with distance 0.053% - short from resistance in bear trend"",
    ""Liquidity sweep low already occurred, suggesting potential retest of resistance before further downside"",
    ""Funding positive (0.049% per 8h) favoring shorts, longs paying""
  ],
  ""reasons_against_trade"": [
    ""Price is very close to micro resistance (60066) - risk of breakout above if momentum shifts"",
    ""Higher low detected (HL) could indicate micro support forming, though structure remains bearish"",
    ""Volume ratio slightly elevated (1.20) but not extreme - could be distribution or accumulation"",
    ""Reversal risk score 28 - non-trivial chance of bounce from this zone"",
    ""Candle wick ratio 0.55 suggests some rejection of lower prices intra-candle""
  ],
  ""bull_score"": 3,
  ""bear_score"": 8
}
```",60100.62,60058.23,MAKER,TAKER,0.024969,25.62,135.632,1.06,1.06,0.0,0.0,-0.0,-0.0,7.06,41.718838,PROFIT_LOCK_LADDER,0.048942,0.038465,-8.2e-05,0.384066,False,True,"{'price': 60075.0, 'ret_1m': 0.0, 'ret_5m': -0.0009479145879066055, 'ema9': 59675.67454330316, 'ema21': 59682.401270765986, 'ema200': 60602.1527215243, 'dist_to_support': 0.02859758635039534, 'dist_to_resistance': 0.012417811069496463, 'volume': 0.0025605280000000003, 'volume_ratio': 0.03846509163293835, 'delta': 0.048941996, 'velocity': -8.151312617751922e-05, 'imbalance': 0.3840657942168672, 'candle_range': 511.7, 'body_ratio': 0.446886589347947, 'wick_ratio': 0.553113410652053}",4.8,"{'early_fail_enabled': True, 'invert_signal': False, 'ai_enabled': True, 'edge_threshold': 3.0, 'edge_threshold_max': None, 'edge_range_preset': 'min_only', 'ai_threshold': 44.0, 'leverage': 100, 'pullback_threshold': 0.001}","{'ema9': 59675.67454330316, 'ema21': 59682.401270765986, 'ema200': 60602.1527215243, 'ema_spread': -0.000113, 'ema9_slope_pct': 0.5987, 'ema21_slope_pct': 0.1875, 'ema9_above_ema21': False, 'ema21_above_ema200': False}",WEAK_SETUP,4.8,4.8,False,True,INV_False_EF_True,SHORT,10,6,SCENARIO_C_RUNNER_10_v4,40.0,10.0,-12.0,2.0,8.0,300,1,2,-32.0,False,False,True,False,480,3,5.0,False,5,0.75,"[[10, 6], [19, 17], [40, 28], [60, 45], [80, 60], [100, 75], [150, 120]]","{""trail_ladder"": [[10, 6], [19, 17], [40, 28], [60, 45], [80, 60], [100, 75], [150, 120]], ""ladder_first_trigger_pct"": 10, ""ladder_first_lock_pct"": 6, ""exit_profile_id"": ""SCENARIO_C_RUNNER_10_v4"", ""peak_never_loser_min_peak"": 40.0, ""peak_never_loser_floor"": 10.0, ""thesis_fast_exit_unreal_pct"": -12.0, ""thesis_mfe_protect_pct"": 2.0, ""thesis_exit_if_above_unreal_pct"": 8.0, ""thesis_min_age_sec"": 300, ""thesis_score_flip_margin"": 1, ""thesis_early_decay_delta"": 2, ""early_fail_pct_threshold"": -32.0, ""type_a_first_candle_enabled"": false, ""type_a_early_fail_enabled"": false, ""scenario_c_exit_profile"": true, ""type_a_stall_enabled"": false, ""type_a_stall_min_age_sec"": 480, ""type_a_stall_min_candles"": 3, ""type_a_stall_max_mfe_pct"": 5.0, ""trend_weakening_enabled"": false, ""spread_penalty_threshold"": 5, ""spread_penalty_margin_mult"": 0.75}",2026-06-26T14:04:27.691412+00:00,2026-06-27 00:04:27 AEST,2026-06-27 00:04:27 AEST
2026-06-26T14:20:02.826351+00:00,cont-05d211a72b59,SHORT,60002.91,59904.0,0.141158,16.49,20.0,4,3.3,3.3,0.0,0.0,-0.0,-0.0,PROFIT_LOCK_LADDER,100,0.55,62,44.0,True,SIM_LIMIT,AI_DIRECT_LIMIT,,,,,0,BEAR,SR,60-70,SPAWN,-6,-6,BEARISH_STRUCTURE,CONFLICTED,24.43,-6,3,7,0.05236,bitfinex,tBTCF0:USTF0,v11.1-virtual-chase-known-combos-v1,BITFINEX_ZERO,v11.1-virtual-chase-known-combos-v1,CONTINUOUS,Continuous AI Research,APPROVE,59997.0,0.013819,0.027254,NEAR_RESISTANCE,8.1e-05,1.0,526.3,0.141159,0.0,22.817227,130.613,130.613,130.613,0-5m,AI_DIRECT,AI_DIRECT_CHASE,3,,5.91,0.0,0.0,0.0,False,0.0,0.0,-0.000308,-4.2e-05,0.00947,0.124459,-0.134766,0.0,1.0,59981.0,59719.619635,59699.513552,60594.825748,0.000337,NEAR_RESISTANCE,SHORT_PREFERRED,0.013819,0.027254,BEAR,3.0,44.0,0.0,100,2.4,True,True,APPROVE,62,"```json
{
  ""direction"": ""SHORT"",
  ""confidence"": 62,
  ""long_score"": 30,
  ""short_score"": 72,
  ""preferred_direction"": ""SHORT"",
  ""entry_zone_low"": 60066,
  ""entry_zone_high"": 60150,
  ""limit_price"": 60108,
  ""expected_mfe"": 0.008,
  ""expected_mae"": 0.005,
  ""reversal_probability"": 35,
  ""exit_style"": ""AGGRESSIVE"",
  ""reasons_for_trade"": [
    ""BEAR regime with intact bearish trend health (bear_score 7 vs bull_score 4)"",
    ""Market structure bias BEARISH_STRUCTURE with structure_score -6 and BULL_TO_BEAR_SHIFT"",
    ""Price near micro resistance (60066) with distance_to_micro_resistance only 0.0866% - rejection zone"",
    ""ADX 24.43 near trending threshold, trend_score -6 favors continuation"",
    ""Volume ratio elevated (2.63) with negative delta (-0.039) supporting bearish orderflow"",
    ""EMA200 above price (-0.87%) acting as overhead resistance, EMA9/21 below 200 - bearish stack"",
    ""Funding positive (0.052% per 8h) with longs paying shorts - adds pressure on longs"",
    ""Liquidity sweep low already occurred - potential for further downside after retest of resistance""
  ],
  ""reasons_against_trade"": [
    ""MTF conflicted (15m BULLISH, 1h RANGING, 4h BEARISH) - reduces conviction"",
    ""Price near micro support (58527) at 2.48% below - bounce risk if shorts pile on"",
    ""Higher low detected (HL) could indicate micro base forming"",
    ""Reversal risk score 35 - non-trivial chance of mean reversion"",
    ""Edge_score 2.4 below threshold 3.0 - signal quality not optimal"",
    ""Entry near resistance but also near recent swing high - potential for breakout above""
  ],
  ""bull_score"": 3,
  ""bear_score"": 7
}
```",60002.91,59904.0,MAKER,TAKER,0.033335,5.91,130.613,3.3,3.3,0.0,0.0,-0.0,-0.0,16.49,8.469604,PROFIT_LOCK_LADDER,-0.134766,0.124459,-4.2e-05,1.0,False,True,"{'price': 59992.0, 'ret_1m': 0.0, 'ret_5m': -0.000849391269590127, 'ema9': 59719.619634642535, 'ema21': 59699.51355193716, 'ema200': 60594.82574783177, 'dist_to_support': 0.02725363381784238, 'dist_to_resistance': 0.013818509134551274, 'volume': 0.009469637, 'volume_ratio': 0.12445865928278334, 'delta': -0.13476583399999997, 'velocity': -4.1658335463387754e-05, 'imbalance': 1.0, 'candle_range': 526.3, 'body_ratio': 0.48108823728323474, 'wick_ratio': 0.5189117627167652}",2.4,"{'early_fail_enabled': True, 'invert_signal': False, 'ai_enabled': True, 'edge_threshold': 3.0, 'edge_threshold_max': None, 'edge_range_preset': 'min_only', 'ai_threshold': 44.0, 'leverage': 100, 'pullback_threshold': 0.001}","{'ema9': 59719.619634642535, 'ema21': 59699.51355193716, 'ema200': 60594.82574783177, 'ema_spread': 0.000337, 'ema9_slope_pct': 0.5977, 'ema21_slope_pct': 0.2206, 'ema9_above_ema21': True, 'ema21_above_ema200': False}",MOMENTUM_SHORT,2.4,2.4,False,True,INV_False_EF_True,SHORT,10,6,SCENARIO_C_RUNNER_10_v4,40.0,10.0,-12.0,2.0,8.0,300,1,2,-32.0,False,False,True,False,480,3,5.0,False,5,0.75,"[[10, 6], [19, 17], [40, 28], [60, 45], [80, 60], [100, 75], [150, 120]]","{""trail_ladder"": [[10, 6], [19, 17], [40, 28], [60, 45], [80, 60], [100, 75], [150, 120]], ""ladder_first_trigger_pct"": 10, ""ladder_first_lock_pct"": 6, ""exit_profile_id"": ""SCENARIO_C_RUNNER_10_v4"", ""peak_never_loser_min_peak"": 40.0, ""peak_never_loser_floor"": 10.0, ""thesis_fast_exit_unreal_pct"": -12.0, ""thesis_mfe_protect_pct"": 2.0, ""thesis_exit_if_above_unreal_pct"": 8.0, ""thesis_min_age_sec"": 300, ""thesis_score_flip_margin"": 1, ""thesis_early_decay_delta"": 2, ""early_fail_pct_threshold"": -32.0, ""type_a_first_candle_enabled"": false, ""type_a_early_fail_enabled"": false, ""scenario_c_exit_profile"": true, ""type_a_stall_enabled"": false, ""type_a_stall_min_age_sec"": 480, ""type_a_stall_min_candles"": 3, ""type_a_stall_max_mfe_pct"": 5.0, ""trend_weakening_enabled"": false, ""spread_penalty_threshold"": 5, ""spread_penalty_margin_mult"": 0.75}",2026-06-26T14:20:02.826351+00:00,2026-06-27 00:20:02 AEST,2026-06-27 00:20:02 AEST
2026-06-26T14:26:13.147017+00:00,cont-f2893c5bf3a9,SHORT,60100.0,60178.0,0.960682,-12.97,20.0,4,-2.59,-2.6,0.0,0.0,-0.0,-0.0,THESIS_FAST_CUT,100,0.43,62,44.0,True,SIM_LIMIT,AI_DIRECT_LIMIT,,,,,0,BEAR,SR,60-70,SPAWN,-6,-6,BEARISH_STRUCTURE,CONFLICTED,24.43,-6,3,7,0.05336,bitfinex,tBTCF0:USTF0,v11.1-virtual-chase-known-combos-v1,BITFINEX_ZERO,v11.1-virtual-chase-known-combos-v1,CONTINUOUS,Continuous AI Research,APPROVE,60086.0,0.012603,0.02842,NEAR_RESISTANCE,0.000421,1.0,545.7,0.960683,-12.978369,1.169717,26.376,26.376,26.376,0-5m,AI_DIRECT,AI_DIRECT,0,,14.0,0.0,0.0,0.0,False,0.0,0.0,-0.002132,4e-05,0.008885,1.11463,-0.189247,0.0,0.248495,60088.0,59723.619635,59701.331734,60595.024753,0.000373,NEAR_RESISTANCE,SHORT_PREFERRED,0.012603,0.02842,BEAR,3.0,44.0,0.0,100,2.1,True,True,APPROVE,62,"```json
{
  ""direction"": ""SHORT"",
  ""confidence"": 62,
  ""long_score"": 25,
  ""short_score"": 70,
  ""preferred_direction"": ""SHORT"",
  ""entry_zone_low"": 60059.0,
  ""entry_zone_high"": 60150.0,
  ""limit_price"": 60105.0,
  ""expected_mfe"": 250,
  ""expected_mae"": 120,
  ""reversal_probability"": 73,
  ""exit_style"": ""AGGRESSIVE"",
  ""reasons_for_trade"": [
    ""BEAR regime with intact bearish trend health (bear_score 7 vs bull_score 4)"",
    ""Price near micro resistance (60066) and macro resistance (60821) with dist_to_resistance only 1.26%"",
    ""Market structure is BEARISH_STRUCTURE with structure_score -6 and last swing labels showing LL sequence"",
    ""Multi-timeframe agreement is CONFLICTED but 4h is BEARISH and 15m BULLISH is short-term only"",
    ""Funding rate positive (0.053% per 8h) favoring shorts, longs paying"",
    ""Liquidity sweep low detected, suggesting potential rejection at resistance before continuation down"",
    ""ADX 24.43 near trending threshold, trend_score -6 supports bearish continuation"",
    ""Edge score 2.1 below threshold 3.0, indicating no strong edge for reversal""
  ],
  ""reasons_against_trade"": [
    ""Reversal risk score 73% indicates high probability of bounce from current levels"",
    ""Price is very close to micro support (58527) after a potential sweep, increasing bounce risk"",
    ""15m timeframe is BULLISH, creating short-term conflict"",
    ""Higher low detected suggests some buying pressure"",
    ""Volume ratio extremely low (0.066), indicating lack of conviction in current move"",
    ""Entry near support historically reduces expectancy for shorts without strong continuation""
  ],
  ""bull_score"": 3,
  ""bear_score"": 7
}
```",60100.0,60178.0,MAKER,TAKER,0.033286,14.0,26.376,-2.59,-2.6,0.0,0.0,-0.0,-0.0,-12.97,57.641045,THESIS_FAST_CUT,-0.189247,1.11463,4e-05,0.248495,False,True,"{'price': 60088.0, 'ret_1m': 0.0, 'ret_5m': 0.0007494628849324651, 'ema9': 59723.619634642535, 'ema21': 59701.331733755345, 'ema200': 60595.024752806894, 'dist_to_support': 0.02841968566862014, 'dist_to_resistance': 0.012603223228556207, 'volume': 0.008884828, 'volume_ratio': 1.114629994939648, 'delta': -0.1892466329999999, 'velocity': 3.9956132581879606e-05, 'imbalance': 0.24849538082263303, 'candle_range': 545.7, 'body_ratio': 0.4734357304275406, 'wick_ratio': 0.5265642695724594}",2.1,"{'early_fail_enabled': True, 'invert_signal': False, 'ai_enabled': True, 'edge_threshold': 3.0, 'edge_threshold_max': None, 'edge_range_preset': 'min_only', 'ai_threshold': 44.0, 'leverage': 100, 'pullback_threshold': 0.001}","{'ema9': 59723.619634642535, 'ema21': 59701.331733755345, 'ema200': 60595.024752806894, 'ema_spread': 0.000373, 'ema9_slope_pct': 0.6044, 'ema21_slope_pct': 0.2237, 'ema9_above_ema21': True, 'ema21_above_ema200': False}",WEAK_SETUP,2.1,2.1,False,True,INV_False_EF_True,SHORT,10,6,SCENARIO_C_RUNNER_10_v4,40.0,10.0,-12.0,2.0,8.0,300,1,2,-32.0,False,False,True,False,480,3,5.0,False,5,0.75,"[[10, 6], [19, 17], [40, 28], [60, 45], [80, 60], [100, 75], [150, 120]]","{""trail_ladder"": [[10, 6], [19, 17], [40, 28], [60, 45], [80, 60], [100, 75], [150, 120]], ""ladder_first_trigger_pct"": 10, ""ladder_first_lock_pct"": 6, ""exit_profile_id"": ""SCENARIO_C_RUNNER_10_v4"", ""peak_never_loser_min_peak"": 40.0, ""peak_never_loser_floor"": 10.0, ""thesis_fast_exit_unreal_pct"": -12.0, ""thesis_mfe_protect_pct"": 2.0, ""thesis_exit_if_above_unreal_pct"": 8.0, ""thesis_min_age_sec"": 300, ""thesis_score_flip_margin"": 1, ""thesis_early_decay_delta"": 2, ""early_fail_pct_threshold"": -32.0, ""type_a_first_candle_enabled"": false, ""type_a_early_fail_enabled"": false, ""scenario_c_exit_profile"": true, ""type_a_stall_enabled"": false, ""type_a_stall_min_age_sec"": 480, ""type_a_stall_min_candles"": 3, ""type_a_stall_max_mfe_pct"": 5.0, ""trend_weakening_enabled"": false, ""spread_penalty_threshold"": 5, ""spread_penalty_margin_mult"": 0.75}",2026-06-26T14:26:13.147017+00:00,2026-06-27 00:26:13 AEST,2026-06-27 00:26:13 AEST
2026-06-26T14:44:06.054048+00:00,cont-15bcd1450a66,SHORT,59747.62,59707.0,1.963753,6.82,15.0,7,1.02,1.02,0.0,0.0,-0.0,-0.0,PROFIT_LOCK_LADDER,100,0.23,62,44.0,True,SIM_LIMIT,AI_DIRECT_LIMIT,,,,,0,BEAR,SR,60-70,SPAWN,-6,-6,BEARISH_STRUCTURE,BEAR_ALIGNED,23.15,-8,3,10,0.05604,bitfinex,tBTCF0:USTF0,v11.1-virtual-chase-known-combos-v1,BITFINEX_ZERO,v11.1-virtual-chase-known-combos-v1,CONTINUOUS,Continuous AI Research,APPROVE,59650.0,0.019477,0.021824,FREE_RANGE,0.000293,0.053752,610.6,1.963754,-2.741532,17.510321,117.382,117.382,117.382,0-5m,AI_DIRECT,AI_DIRECT_CHASE,2,,97.62,0.0,0.0,0.0,False,0.0,0.0,-0.003432,7e-06,0.011396,0.089387,-0.030881,0.0,0.506099,59656.0,59719.415708,59701.516452,60587.94393,0.0003,FREE_RANGE,SHORT_PREFERRED,0.019477,0.021824,BEAR,3.0,44.0,0.0,100,2.7,True,True,APPROVE,62,"```json
{
  ""direction"": ""SHORT"",
  ""confidence"": 62,
  ""long_score"": 25,
  ""short_score"": 75,
  ""preferred_direction"": ""SHORT"",
  ""entry_zone_low"": 59750,
  ""entry_zone_high"": 59900,
  ""limit_price"": 59825,
  ""expected_mfe"": 0.008,
  ""expected_mae"": 0.005,
  ""reversal_probability"": 30,
  ""exit_style"": ""AGGRESSIVE"",
  ""reasons_for_trade"": [
    ""MTF agreement is BEAR_ALIGNED (15m ranging, 1h/4h bearish) - strong bearish hierarchy"",
    ""Market structure bias is BEARISH_STRUCTURE with structure_score -6 and BEAR_CONTINUATION shift"",
    ""Trend health state is BEAR with bear_score 10 vs bull_score 3 - intact bearish momentum"",
    ""ADX 23.15 near trending threshold, trend_score -8 supports continuation"",
    ""EMA stack shows price below all EMAs, ema9/21 above ema200 false - bearish alignment"",
    ""Funding rate positive (0.055% per 8h) favors shorts, longs paying - consistent with bearish sentiment"",
    ""Liquidity sweeps both sides (high and low) suggest potential for further downside after sweep"",
    ""Edge score 2.7 below threshold 3.0 - no strong edge for counter-trend longs"",
    ""Volume ratio very low (0.155) - low participation, continuation likely in low-volume bear trend""
  ],
  ""reasons_against_trade"": [
    ""Price near micro support (58527) at 1.9% distance - bounce risk if support holds"",
    ""Reversal risk score 69 - moderate reversal probability from compressed range"",
    ""Higher low detected (micro structure) - potential for short-term bullish structure forming"",
    ""Candle range moderate with balanced wick/body - no strong directional conviction in current bar"",
    ""Distance to support (2.18%) slightly larger than resistance (1.95%) - asymmetry favors downside but not extreme""
  ],
  ""bull_score"": 3,
  ""bear_score"": 10
}
```

Direction: SHORT
Win probability: 62
Long score: 25
Short score: 75
Bull score: 3
Bear score: 10
Decision: APPROVE
Reason: Strong bearish hierarchy (BEAR_ALIGNED MTF, bearish structure, bear trend health, bearish EMA stack) with ADX near trending threshold. Short score (75) exceeds long score (25) by 50 points, well above the +5 threshold. Counter-trend long would require +15 gap and reversal confirmations, which are absent. Entry near resistance zone (59750-59900) with limit above current price for pullback entry. Low volume and positive funding support continuation. Reversal risk moderate (30%) but not confirmed - no structure shift or momentum expansion in bullish direction.",59747.62,59707.0,MAKER,TAKER,0.025147,97.62,117.382,1.02,1.02,0.0,0.0,-0.0,-0.0,6.82,117.825284,PROFIT_LOCK_LADDER,-0.030881,0.089387,7e-06,0.506099,False,True,"{'price': 59656.0, 'ret_1m': 0.0, 'ret_5m': 0.0, 'ema9': 59719.41570771403, 'ema21': 59701.51645217139, 'ema200': 60587.94392962132, 'dist_to_support': 0.021824033255669725, 'dist_to_resistance': 0.019477363013124593, 'volume': 0.011396098, 'volume_ratio': 0.08938737532296777, 'delta': -0.030880986, 'velocity': 6.718959280850757e-06, 'imbalance': 0.5060994620016382, 'candle_range': 610.6, 'body_ratio': 0.5029861540389766, 'wick_ratio': 0.4970138459610234}",2.7,"{'early_fail_enabled': True, 'invert_signal': False, 'ai_enabled': True, 'edge_threshold': 3.0, 'edge_threshold_max': None, 'edge_range_preset': 'min_only', 'ai_threshold': 44.0, 'leverage': 100, 'pullback_threshold': 0.001}","{'ema9': 59719.41570771403, 'ema21': 59701.51645217139, 'ema200': 60587.94392962132, 'ema_spread': 0.0003, 'ema9_slope_pct': 0.3151, 'ema21_slope_pct': 0.1274, 'ema9_above_ema21': True, 'ema21_above_ema200': False}",WEAK_SETUP,2.7,2.7,False,True,INV_False_EF_True,SHORT,10,6,SCENARIO_C_RUNNER_10_v4,40.0,10.0,-12.0,2.0,8.0,300,1,2,-32.0,False,False,True,False,480,3,5.0,False,5,0.75,"[[10, 6], [19, 17], [40, 28], [60, 45], [80, 60], [100, 75], [150, 120]]","{""trail_ladder"": [[10, 6], [19, 17], [40, 28], [60, 45], [80, 60], [100, 75], [150, 120]], ""ladder_first_trigger_pct"": 10, ""ladder_first_lock_pct"": 6, ""exit_profile_id"": ""SCENARIO_C_RUNNER_10_v4"", ""peak_never_loser_min_peak"": 40.0, ""peak_never_loser_floor"": 10.0, ""thesis_fast_exit_unreal_pct"": -12.0, ""thesis_mfe_protect_pct"": 2.0, ""thesis_exit_if_above_unreal_pct"": 8.0, ""thesis_min_age_sec"": 300, ""thesis_score_flip_margin"": 1, ""thesis_early_decay_delta"": 2, ""early_fail_pct_threshold"": -32.0, ""type_a_first_candle_enabled"": false, ""type_a_early_fail_enabled"": false, ""scenario_c_exit_profile"": true, ""type_a_stall_enabled"": false, ""type_a_stall_min_age_sec"": 480, ""type_a_stall_min_candles"": 3, ""type_a_stall_max_mfe_pct"": 5.0, ""trend_weakening_enabled"": false, ""spread_penalty_threshold"": 5, ""spread_penalty_margin_mult"": 0.75}",2026-06-26T14:44:06.054048+00:00,2026-06-27 00:44:06 AEST,2026-06-27 00:44:06 AEST
2026-06-26T14:48:05.558688+00:00,vc603-ef2d443d1709,SHORT,59716.58,59836.89,0.39929,-20.14,15.0,7,-3.02,-3.02,0.0,0.0,-0.0,-0.0,THESIS_FAST_CUT,100,0.67,62,44.0,True,SIM_LIMIT,AI_DIRECT_LIMIT,,,,,0,BEAR,SR,60-70,SPAWN,-6,-6,BEARISH_STRUCTURE,BEAR_ALIGNED,22.14,-8,3,10,0.05653,bitfinex,tBTCF0:USTF0,v11.1-virtual-chase-known-combos-v1,BITFINEX_ZERO,v11.1-virtual-chase-known-combos-v1,AI60_SP3_VIRTUAL_CHASE,AI60+ · Spread >=3 · Virtual Chase,APPROVE,59603.0,0.019905,0.021414,FREE_RANGE,0.000147,0.972273,464.5,0.399291,-20.146834,0.0,137.477,137.477,137.477,0-5m,AI_DIRECT,AI_DIRECT_CHASE,6,,113.58,0.0,0.1731,0.1731,False,0.0,0.0,-0.000706,-1.8e-05,0.015526,0.042738,0.083309,0.0,0.18804,59617.0,59697.652566,59692.775287,60579.40065,8.2e-05,FREE_RANGE,SHORT_PREFERRED,0.019905,0.021414,BEAR,3.0,44.0,0.0,100,3.8,True,True,APPROVE,62,"```json
{
  ""direction"": ""SHORT"",
  ""confidence"": 62,
  ""long_score"": 25,
  ""short_score"": 72,
  ""preferred_direction"": ""SHORT"",
  ""entry_zone_low"": 59750,
  ""entry_zone_high"": 59900,
  ""limit_price"": 59825,
  ""expected_mfe"": 0.008,
  ""expected_mae"": 0.005,
  ""reversal_probability"": 38,
  ""exit_style"": ""AGGRESSIVE"",
  ""reasons_for_trade"": [
    ""BEAR_ALIGNED multi-timeframe agreement (15m ranging, 1h/4h bearish)"",
    ""Bearish structure score -6 with BEAR_CONTINUATION market structure shift"",
    ""Price below all EMAs (9, 21, 200) with bearish EMA stack (ema21 below ema200)"",
    ""Trend health state BEAR with bear_score 10 vs bull_score 3"",
    ""ADX 22.14 approaching trending threshold, favoring continuation"",
    ""Funding rate positive (0.056% per 8h) favoring shorts, longs paying"",
    ""Liquidity sweeps both sides already occurred, reducing immediate reversal risk"",
    ""Price in FREE_RANGE with no strong SR magnet, allowing bearish drift""
  ],
  ""reasons_against_trade"": [
    ""Price near micro support (58527) at 1.85% distance - bounce risk elevated"",
    ""Reversal risk score 61 indicates moderate reversal probability"",
    ""Volume ratio very low (0.037) suggesting lack of conviction"",
    ""EMA9 still above EMA21 (short-term bullish cross) could slow descent"",
    ""ADX below 25 means trend not fully established - potential mean reversion""
  ],
  ""bull_score"": 3,
  ""bear_score"": 10
}
```",59716.58,59836.89,MAKER,TAKER,0.025131,113.58,137.477,-3.02,-3.02,0.0,0.0,-0.0,-0.0,-20.14,23.957521,THESIS_FAST_CUT,0.083309,0.042738,-1.8e-05,0.18804,False,True,"{'price': 59625.0, 'ret_1m': 0.0, 'ret_5m': -0.0004861367217621618, 'ema9': 59697.65256617124, 'ema21': 59692.77528709537, 'ema200': 60579.40065028688, 'dist_to_support': 0.02141395848006171, 'dist_to_resistance': 0.019904752322500587, 'volume': 0.015526000000000002, 'volume_ratio': 0.04273754073931788, 'delta': 0.08330862199999998, 'velocity': -1.841082458924968e-05, 'imbalance': 0.1880399029934519, 'candle_range': 464.5, 'body_ratio': 0.379460406128182, 'wick_ratio': 0.620539593871818}",3.8,"{'early_fail_enabled': True, 'invert_signal': False, 'ai_enabled': True, 'edge_threshold': 3.0, 'edge_threshold_max': None, 'edge_range_preset': 'min_only', 'ai_threshold': 44.0, 'leverage': 100, 'pullback_threshold': 0.001}","{'ema9': 59697.65256617124, 'ema21': 59692.77528709537, 'ema200': 60579.40065028688, 'ema_spread': 8.2e-05, 'ema9_slope_pct': 0.113, 'ema21_slope_pct': 0.052, 'ema9_above_ema21': True, 'ema21_above_ema200': False}",WEAK_SETUP,3.8,3.8,False,True,INV_False_EF_True,SHORT,10,6,SCENARIO_C_RUNNER_10_v4,40.0,10.0,-12.0,2.0,8.0,300,1,2,-32.0,False,False,True,False,480,3,5.0,False,5,0.75,"[[10, 6], [19, 17], [40, 28], [60, 45], [80, 60], [100, 75], [150, 120]]","{""trail_ladder"": [[10, 6], [19, 17], [40, 28], [60, 45], [80, 60], [100, 75], [150, 120]], ""ladder_first_trigger_pct"": 10, ""ladder_first_lock_pct"": 6, ""exit_profile_id"": ""SCENARIO_C_RUNNER_10_v4"", ""peak_never_loser_min_peak"": 40.0, ""peak_never_loser_floor"": 10.0, ""thesis_fast_exit_unreal_pct"": -12.0, ""thesis_mfe_protect_pct"": 2.0, ""thesis_exit_if_above_unreal_pct"": 8.0, ""thesis_min_age_sec"": 300, ""thesis_score_flip_margin"": 1, ""thesis_early_decay_delta"": 2, ""early_fail_pct_threshold"": -32.0, ""type_a_first_candle_enabled"": false, ""type_a_early_fail_enabled"": false, ""scenario_c_exit_profile"": true, ""type_a_stall_enabled"": false, ""type_a_stall_min_age_sec"": 480, ""type_a_stall_min_candles"": 3, ""type_a_stall_max_mfe_pct"": 5.0, ""trend_weakening_enabled"": false, ""spread_penalty_threshold"": 5, ""spread_penalty_margin_mult"": 0.75}",2026-06-26T14:48:05.558688+00:00,2026-06-27 00:48:05 AEST,2026-06-27 00:48:05 AEST
2026-06-26T14:49:22.352374+00:00,cont-4aaef85280bc,SHORT,59737.21,59929.0,1.753691,-32.08,15.0,7,-4.81,-4.82,0.0,0.0,-0.0,-0.0,EARLY_FAIL,100,1.07,62,44.0,True,SIM_LIMIT,AI_DIRECT_LIMIT,,,,,0,BEAR,SR,60-70,SPAWN,-6,-6,BEARISH_STRUCTURE,BEAR_ALIGNED,22.14,-8,3,10,0.05686,bitfinex,tBTCF0:USTF0,v11.1-virtual-chase-known-combos-v1,BITFINEX_ZERO,v11.1-virtual-chase-known-combos-v1,CONTINUOUS,Continuous AI Research,APPROVE,59625.0,0.019905,0.021414,FREE_RANGE,0.00037,0.603682,464.5,1.753692,-32.105617,8.405146,135.024,135.024,135.024,0-5m,AI_DIRECT,AI_DIRECT_CHASE,3,,112.21,0.0,0.0,0.0,False,0.0,0.0,-0.003113,-3.4e-05,0.01768,0.936092,0.114915,0.0,0.283566,59616.0,59697.652566,59692.775287,60579.40065,8.2e-05,FREE_RANGE,SHORT_PREFERRED,0.019905,0.021414,BEAR,3.0,44.0,0.0,100,3.8,True,True,APPROVE,62,"```json
{
  ""direction"": ""SHORT"",
  ""confidence"": 62,
  ""long_score"": 25,
  ""short_score"": 72,
  ""preferred_direction"": ""SHORT"",
  ""entry_zone_low"": 59750,
  ""entry_zone_high"": 59900,
  ""limit_price"": 59825,
  ""expected_mfe"": 0.008,
  ""expected_mae"": 0.005,
  ""reversal_probability"": 38,
  ""exit_style"": ""AGGRESSIVE"",
  ""reasons_for_trade"": [
    ""BEAR_ALIGNED multi-timeframe agreement (15m ranging, 1h/4h bearish)"",
    ""Bearish structure score -6 with BEAR_CONTINUATION market structure shift"",
    ""Price below all EMAs (9, 21, 200) with bearish EMA stack (ema21 below ema200)"",
    ""Trend health state BEAR with bear_score 10 vs bull_score 3"",
    ""ADX 22.14 approaching trending threshold, favoring continuation"",
    ""Funding rate positive (0.056% per 8h) favoring shorts, longs paying"",
    ""Liquidity sweeps both sides already occurred, reducing immediate reversal risk"",
    ""Price in FREE_RANGE with no strong SR magnet, allowing bearish drift""
  ],
  ""reasons_against_trade"": [
    ""Price near micro support (58527) at 1.85% distance - bounce risk elevated"",
    ""Reversal risk score 61 indicates moderate reversal probability"",
    ""Volume ratio very low (0.037) suggesting lack of conviction"",
    ""EMA9 still above EMA21 (short-term bullish cross) could slow descent"",
    ""ADX below 25 means trend not fully established - potential mean reversion""
  ],
  ""bull_score"": 3,
  ""bear_score"": 10
}
```",59737.21,59929.0,MAKER,TAKER,0.025157,112.21,135.024,-4.81,-4.82,0.0,0.0,-0.0,-0.0,-32.08,105.221557,EARLY_FAIL,0.114915,0.936092,-3.4e-05,0.283566,True,True,"{'price': 59616.0, 'ret_1m': 0.0, 'ret_5m': -0.00030184123151222455, 'ema9': 59697.65256617124, 'ema21': 59692.77528709537, 'ema200': 60579.40065028688, 'dist_to_support': 0.02141395848006171, 'dist_to_resistance': 0.019904752322500587, 'volume': 0.01768, 'volume_ratio': 0.9360923693825949, 'delta': 0.11491462199999995, 'velocity': -3.35074429467376e-05, 'imbalance': 0.28356572936116003, 'candle_range': 464.5, 'body_ratio': 0.379460406128182, 'wick_ratio': 0.620539593871818}",3.8,"{'early_fail_enabled': True, 'invert_signal': False, 'ai_enabled': True, 'edge_threshold': 3.0, 'edge_threshold_max': None, 'edge_range_preset': 'min_only', 'ai_threshold': 44.0, 'leverage': 100, 'pullback_threshold': 0.001}","{'ema9': 59697.65256617124, 'ema21': 59692.77528709537, 'ema200': 60579.40065028688, 'ema_spread': 8.2e-05, 'ema9_slope_pct': 0.113, 'ema21_slope_pct': 0.052, 'ema9_above_ema21': True, 'ema21_above_ema200': False}",WEAK_SETUP,3.8,3.8,False,True,INV_False_EF_True,SHORT,10,6,SCENARIO_C_RUNNER_10_v4,40.0,10.0,-12.0,2.0,8.0,300,1,2,-32.0,False,False,True,False,480,3,5.0,False,5,0.75,"[[10, 6], [19, 17], [40, 28], [60, 45], [80, 60], [100, 75], [150, 120]]","{""trail_ladder"": [[10, 6], [19, 17], [40, 28], [60, 45], [80, 60], [100, 75], [150, 120]], ""ladder_first_trigger_pct"": 10, ""ladder_first_lock_pct"": 6, ""exit_profile_id"": ""SCENARIO_C_RUNNER_10_v4"", ""peak_never_loser_min_peak"": 40.0, ""peak_never_loser_floor"": 10.0, ""thesis_fast_exit_unreal_pct"": -12.0, ""thesis_mfe_protect_pct"": 2.0, ""thesis_exit_if_above_unreal_pct"": 8.0, ""thesis_min_age_sec"": 300, ""thesis_score_flip_margin"": 1, ""thesis_early_decay_delta"": 2, ""early_fail_pct_threshold"": -32.0, ""type_a_first_candle_enabled"": false, ""type_a_early_fail_enabled"": false, ""scenario_c_exit_profile"": true, ""type_a_stall_enabled"": false, ""type_a_stall_min_age_sec"": 480, ""type_a_stall_min_candles"": 3, ""type_a_stall_max_mfe_pct"": 5.0, ""trend_weakening_enabled"": false, ""spread_penalty_threshold"": 5, ""spread_penalty_margin_mult"": 0.75}",2026-06-26T14:49:22.352374+00:00,2026-06-27 00:49:22 AEST,2026-06-27 00:49:22 AEST
2026-06-26T14:53:17.771410+00:00,cont-ba75e86cf7e7,SHORT,59819.77,59728.0,0.077162,15.34,20.0,4,3.07,3.07,0.0,0.0,-0.0,-0.0,PROFIT_LOCK_LADDER,100,0.51,62,44.0,True,SIM_LIMIT,AI_DIRECT_LIMIT,,,,,0,BEAR,SR,60-70,SPAWN,-6,-6,BEARISH_STRUCTURE,CONFLICTED,22.14,-6,3,7,0.05736,bitfinex,tBTCF0:USTF0,v11.1-virtual-chase-known-combos-v1,BITFINEX_ZERO,v11.1-virtual-chase-known-combos-v1,CONTINUOUS,Continuous AI Research,APPROVE,59796.0,0.016088,0.025076,NEAR_RESISTANCE,0.000339,1.0,464.5,0.077163,0.0,19.353134,159.064,159.064,159.064,0-5m,AI_DIRECT,AI_DIRECT_CHASE,3,,23.77,0.0,0.0,0.0,False,0.0,0.0,-0.000184,-1e-05,0.008224,0.562673,2.058958,0.0,0.447995,59824.0,59729.252566,59707.138923,60580.97279,0.00037,NEAR_RESISTANCE,SHORT_PREFERRED,0.016088,0.025076,BEAR,3.0,44.0,0.0,100,2.2,True,True,APPROVE,62,"```json
{
  ""direction"": ""SHORT"",
  ""confidence"": 62,
  ""long_score"": 28,
  ""short_score"": 72,
  ""preferred_direction"": ""SHORT"",
  ""entry_zone_low"": 59850,
  ""entry_zone_high"": 59950,
  ""limit_price"": 59900,
  ""expected_mfe"": 0.008,
  ""expected_mae"": 0.012,
  ""reversal_probability"": 69,
  ""exit_style"": ""AGGRESSIVE"",
  ""reasons_for_trade"": [
    ""BEAR regime with bearish structure score -6 and LH/LL sequence active"",
    ""Multi-timeframe conflict but 1h and 4h both BEARISH, 15m bounce is inside larger bear trend"",
    ""Price near resistance (1.6% away) with SHORT_PREFERRED SR bias"",
    ""Bear score (7) exceeds bull score (4) in trend health"",
    ""EMA200 is above price (-1.23%) confirming longer-term bearish alignment"",
    ""ADX 22.14 near trending threshold, trend_score -6 supports continuation"",
    ""Funding positive (0.0567% per 8h) favors shorts, longs paying""
  ],
  ""reasons_against_trade"": [
    ""Reversal risk score elevated at 69, suggesting potential bounce from micro support"",
    ""Higher low detected on micro structure, indicating some buying pressure"",
    ""15m timeframe shows BULLISH trend, conflicting with HTF bearish view"",
    ""Volume ratio very low (0.128), suggesting lack of conviction in current move"",
    ""Price is near micro resistance but also relatively close to support (2.5%)"",
    ""Edge score (2.2) below threshold (3.0), indicating weak pattern edge""
  ],
  ""bull_score"": 3,
  ""bear_score"": 7
}
```",59819.77,59728.0,MAKER,TAKER,0.033447,23.77,159.064,3.07,3.07,0.0,0.0,-0.0,-0.0,15.34,4.629836,PROFIT_LOCK_LADDER,2.058958,0.562673,-1e-05,0.447995,False,True,"{'price': 59814.0, 'ret_1m': -0.0005845804382683057, 'ret_5m': -0.0004176272092479369, 'ema9': 59729.252566171235, 'ema21': 59707.138923459, 'ema200': 60580.972789590356, 'dist_to_support': 0.02507601323131411, 'dist_to_resistance': 0.01608807511109626, 'volume': 0.00822444, 'volume_ratio': 0.5626732198883955, 'delta': 2.0589576609999973, 'velocity': -9.989500287346224e-06, 'imbalance': 0.4479953236065418, 'candle_range': 464.5, 'body_ratio': 0.379460406128182, 'wick_ratio': 0.620539593871818}",2.2,"{'early_fail_enabled': True, 'invert_signal': False, 'ai_enabled': True, 'edge_threshold': 3.0, 'edge_threshold_max': None, 'edge_range_preset': 'min_only', 'ai_threshold': 44.0, 'leverage': 100, 'pullback_threshold': 0.001}","{'ema9': 59729.252566171235, 'ema21': 59707.138923459, 'ema200': 60580.972789590356, 'ema_spread': 0.00037, 'ema9_slope_pct': 0.166, 'ema21_slope_pct': 0.0761, 'ema9_above_ema21': True, 'ema21_above_ema200': False}",WEAK_SETUP,2.2,2.2,False,True,INV_False_EF_True,SHORT,10,6,SCENARIO_C_RUNNER_10_v4,40.0,10.0,-12.0,2.0,8.0,300,1,2,-32.0,False,False,True,False,480,3,5.0,False,5,0.75,"[[10, 6], [19, 17], [40, 28], [60, 45], [80, 60], [100, 75], [150, 120]]","{""trail_ladder"": [[10, 6], [19, 17], [40, 28], [60, 45], [80, 60], [100, 75], [150, 120]], ""ladder_first_trigger_pct"": 10, ""ladder_first_lock_pct"": 6, ""exit_profile_id"": ""SCENARIO_C_RUNNER_10_v4"", ""peak_never_loser_min_peak"": 40.0, ""peak_never_loser_floor"": 10.0, ""thesis_fast_exit_unreal_pct"": -12.0, ""thesis_mfe_protect_pct"": 2.0, ""thesis_exit_if_above_unreal_pct"": 8.0, ""thesis_min_age_sec"": 300, ""thesis_score_flip_margin"": 1, ""thesis_early_decay_delta"": 2, ""early_fail_pct_threshold"": -32.0, ""type_a_first_candle_enabled"": false, ""type_a_early_fail_enabled"": false, ""scenario_c_exit_profile"": true, ""type_a_stall_enabled"": false, ""type_a_stall_min_age_sec"": 480, ""type_a_stall_min_candles"": 3, ""type_a_stall_max_mfe_pct"": 5.0, ""trend_weakening_enabled"": false, ""spread_penalty_threshold"": 5, ""spread_penalty_margin_mult"": 0.75}",2026-06-26T14:53:17.771410+00:00,2026-06-27 00:53:17 AEST,2026-06-27 00:53:17 AEST
2026-06-26T15:01:09.744682+00:00,cont-a4cd3692b9a5,SHORT,59737.02,59686.0,0.49442,8.55,15.0,7,1.28,1.28,0.0,0.0,-0.0,-0.0,PROFIT_LOCK_LADDER,100,0.28,62,44.0,True,SIM_LIMIT,AI_DIRECT_LIMIT,,,,,0,BEAR,SR,60-70,SPAWN,-6,-6,BEARISH_STRUCTURE,BEAR_ALIGNED,22.51,-8,3,10,0.05844,bitfinex,tBTCF0:USTF0,v11.1-virtual-chase-known-combos-v1,BITFINEX_ZERO,v11.1-virtual-chase-known-combos-v1,CONTINUOUS,Continuous AI Research,APPROVE,59701.0,0.019102,0.022185,FREE_RANGE,2.4e-05,0.844895,562.1,0.494421,0.0,14.567181,126.067,126.067,126.067,0-5m,AI_DIRECT,AI_DIRECT_CHASE,3,,36.02,0.0,0.0,0.0,False,0.0,0.0,-0.000903,0.000106,0.01646,0.077166,0.059268,0.0,0.692217,59694.0,59692.052566,59690.229833,60579.122043,3.1e-05,FREE_RANGE,SHORT_PREFERRED,0.019102,0.022185,BEAR,3.0,44.0,0.0,100,3.3,True,True,APPROVE,62,"```json
{
  ""direction"": ""SHORT"",
  ""confidence"": 62,
  ""long_score"": 25,
  ""short_score"": 72,
  ""preferred_direction"": ""SHORT"",
  ""entry_zone_low"": 59750,
  ""entry_zone_high"": 59900,
  ""limit_price"": 59825,
  ""expected_mfe"": 0.008,
  ""expected_mae"": 0.004,
  ""reversal_probability"": 38,
  ""exit_style"": ""AGGRESSIVE"",
  ""reasons_for_trade"": [
    ""MTF agreement is BEAR_ALIGNED with 1h and 4h bearish trends"",
    ""Market structure bias is BEARISH_STRUCTURE with structure_score -6"",
    ""Trend health state is BEAR with bear_score 10 vs bull_score 3"",
    ""Price below EMA200 by -1.48% indicating macro bearish context"",
    ""ADX at 22.51 approaching trending threshold, trend_score -8"",
    ""Funding rate positive (0.058% per 8h) favoring shorts"",
    ""Market structure shift is BEAR_CONTINUATION"",
    ""Edge score 3.3 above threshold 3.0 supports trade viability""
  ],
  ""reasons_against_trade"": [
    ""Price near micro support at 58527 (1.93% below) increases bounce risk"",
    ""Reversal risk score 61 suggests potential for mean reversion"",
    ""Volume ratio low at 0.318 indicating weak participation"",
    ""EMA9 and EMA21 are nearly flat with minimal slope"",
    ""Liquidity sweeps both high and low suggest potential trap zones""
  ],
  ""bull_score"": 3,
  ""bear_score"": 10
}
```",59737.02,59686.0,MAKER,TAKER,0.025125,36.02,126.067,1.28,1.28,0.0,0.0,-0.0,-0.0,8.55,29.665337,PROFIT_LOCK_LADDER,0.059268,0.077166,0.000106,0.692217,False,True,"{'price': 59694.0, 'ret_1m': -0.00010050251256281407, 'ret_5m': 0.0, 'ema9': 59692.05256617123, 'ema21': 59690.229832549914, 'ema200': 60579.1220433217, 'dist_to_support': 0.022184614869053803, 'dist_to_resistance': 0.019101556609306146, 'volume': 0.016460433, 'volume_ratio': 0.07716633744199985, 'delta': 0.059268439000000006, 'velocity': 0.00010561182753809082, 'imbalance': 0.6922171365537412, 'candle_range': 562.1, 'body_ratio': 0.3833151346431046, 'wick_ratio': 0.6166848653568954}",3.3,"{'early_fail_enabled': True, 'invert_signal': False, 'ai_enabled': True, 'edge_threshold': 3.0, 'edge_threshold_max': None, 'edge_range_preset': 'min_only', 'ai_threshold': 44.0, 'leverage': 100, 'pullback_threshold': 0.001}","{'ema9': 59692.05256617123, 'ema21': 59690.229832549914, 'ema200': 60579.1220433217, 'ema_spread': 3.1e-05, 'ema9_slope_pct': 0.1036, 'ema21_slope_pct': 0.0477, 'ema9_above_ema21': True, 'ema21_above_ema200': False}",MOMENTUM_LONG,3.3,3.3,False,True,INV_False_EF_True,SHORT,10,6,SCENARIO_C_RUNNER_10_v4,40.0,10.0,-12.0,2.0,8.0,300,1,2,-32.0,False,False,True,False,480,3,5.0,False,5,0.75,"[[10, 6], [19, 17], [40, 28], [60, 45], [80, 60], [100, 75], [150, 120]]","{""trail_ladder"": [[10, 6], [19, 17], [40, 28], [60, 45], [80, 60], [100, 75], [150, 120]], ""ladder_first_trigger_pct"": 10, ""ladder_first_lock_pct"": 6, ""exit_profile_id"": ""SCENARIO_C_RUNNER_10_v4"", ""peak_never_loser_min_peak"": 40.0, ""peak_never_loser_floor"": 10.0, ""thesis_fast_exit_unreal_pct"": -12.0, ""thesis_mfe_protect_pct"": 2.0, ""thesis_exit_if_above_unreal_pct"": 8.0, ""thesis_min_age_sec"": 300, ""thesis_score_flip_margin"": 1, ""thesis_early_decay_delta"": 2, ""early_fail_pct_threshold"": -32.0, ""type_a_first_candle_enabled"": false, ""type_a_early_fail_enabled"": false, ""scenario_c_exit_profile"": true, ""type_a_stall_enabled"": false, ""type_a_stall_min_age_sec"": 480, ""type_a_stall_min_candles"": 3, ""type_a_stall_max_mfe_pct"": 5.0, ""trend_weakening_enabled"": false, ""spread_penalty_threshold"": 5, ""spread_penalty_margin_mult"": 0.75}",2026-06-26T15:01:09.744682+00:00,2026-06-27 01:01:09 AEST,2026-06-27 01:01:09 AEST
2026-06-26T15:05:45.875647+00:00,cont-590aeff29e66,SHORT,59811.64,59717.0,0.637601,15.83,15.0,7,2.37,2.37,0.0,0.0,-0.0,-0.0,PROFIT_LOCK_LADDER,100,0.53,62,44.0,True,SIM_LIMIT,AI_DIRECT_LIMIT,,,,,0,BEAR,SR,60-70,SPAWN,-6,-6,BEARISH_STRUCTURE,BEAR_ALIGNED,21.83,-8,3,10,0.05918,bitfinex,tBTCF0:USTF0,v11.1-virtual-chase-known-combos-v1,BITFINEX_ZERO,v11.1-virtual-chase-known-combos-v1,CONTINUOUS,Continuous AI Research,APPROVE,59715.0,0.018658,0.02261,FREE_RANGE,0.000299,1.0,510.7,0.637602,0.0,24.349775,188.628,188.628,188.628,0-5m,AI_DIRECT,AI_DIRECT_CHASE,4,,96.64,0.0,0.0,0.0,False,0.0,0.0,-0.001179,0.000119,0.012127,1.264243,0.235618,0.0,0.092701,59707.0,59696.922053,59692.787451,60571.506832,6.9e-05,FREE_RANGE,SHORT_PREFERRED,0.018658,0.02261,BEAR,3.0,44.0,0.0,100,3.3,True,True,APPROVE,62,"```json
{
  ""direction"": ""SHORT"",
  ""confidence"": 62,
  ""long_score"": 25,
  ""short_score"": 70,
  ""preferred_direction"": ""SHORT"",
  ""entry_zone_low"": 59850,
  ""entry_zone_high"": 60100,
  ""limit_price"": 59975,
  ""expected_mfe"": 180,
  ""expected_mae"": 120,
  ""reversal_probability"": 81,
  ""exit_style"": ""AGGRESSIVE"",
  ""reasons_for_trade"": [
    ""MTF agreement is BEAR_ALIGNED (15m RANGING, 1h BEARISH, 4h BEARISH) - strong bearish confluence"",
    ""Market structure bias is BEARISH_STRUCTURE with structure_score -6 and last swing labels showing LL sequence"",
    ""Trend health state is BEAR with bear_score 10 vs bull_score 3 - bearish intact"",
    ""EMA stack is bearish (price below EMA200, EMA21 below EMA200, no bull stack) - bearish alignment"",
    ""ADX at 21.83 is below 25 but trending score -8 supports bearish continuation"",
    ""Orderflow shows positive delta (0.2286) and imbalance (0.0903) - potential sell-side liquidity grab before continuation"",
    ""Micro structure shows lower_high_detected false but higher_low_detected true - weak bounce, not reversal"",
    ""Liquidity sweeps both high and low - suggests volatility expansion likely to downside"",
    ""Reversal risk score is high (81) but this is a bearish continuation setup, not a reversal - bounce risk is acknowledged but secondary to trend""
  ],
  ""reasons_against_trade"": [
    ""Price is near micro support (58527) with distance_to_micro_support 1.97% - bounce risk elevated"",
    ""Reversal probability is 81% - high reversal risk score warns of potential snap-back"",
    ""Volume ratio is very low (0.047) - lack of conviction in current move"",
    ""EMA9 and EMA21 are nearly flat and close together - no strong momentum"",
    ""Candle wick ratio high (0.58) - indecision at current levels"",
    ""Funding rate positive (0.0586% per 8h) - shorts paying, but still favors short bias per interpretation""
  ],
  ""bull_score"": 3,
  ""bear_score"": 10
}
```

Direction: SHORT  
Win probability: 62%  
Long score: 25  
Short score: 70  
Bull score: 3  
Bear score: 10  
Decision: APPROVE  
Reason: Bearish alignment across MTF, structure, trend health, and EMA stack strongly favors continuation. Short score (70) exceeds long score (25) by more than 5, meeting the threshold. The high reversal risk (81) is noted but does not override the dominant bearish trend hierarchy - this is a continuation setup, not a counter-trend trade. Entry is planned above current price (pullback to resistance zone) to align with bearish bias.",59811.64,59717.0,MAKER,TAKER,0.025119,96.64,188.628,2.37,2.37,0.0,0.0,-0.0,-0.0,15.83,38.256213,PROFIT_LOCK_LADDER,0.235618,1.264243,0.000119,0.092701,False,True,"{'price': 59707.0, 'ret_1m': 8.374928813105088e-05, 'ret_5m': 0.0009555741827326069, 'ema9': 59696.92205293699, 'ema21': 59692.7874510744, 'ema200': 60571.50683226103, 'dist_to_support': 0.022610414189291037, 'dist_to_resistance': 0.018657778819903863, 'volume': 0.012127471999999999, 'volume_ratio': 1.2642429384954696, 'delta': 0.2356184949999991, 'velocity': 0.00011901036964759243, 'imbalance': 0.09270085863084421, 'candle_range': 510.7, 'body_ratio': 0.41728541743588304, 'wick_ratio': 0.5827145825641169}",3.3,"{'early_fail_enabled': True, 'invert_signal': False, 'ai_enabled': True, 'edge_threshold': 3.0, 'edge_threshold_max': None, 'edge_range_preset': 'min_only', 'ai_threshold': 44.0, 'leverage': 100, 'pullback_threshold': 0.001}","{'ema9': 59696.92205293699, 'ema21': 59692.7874510744, 'ema200': 60571.50683226103, 'ema_spread': 6.9e-05, 'ema9_slope_pct': -0.047, 'ema21_slope_pct': -0.0154, 'ema9_above_ema21': True, 'ema21_above_ema200': False}",MOMENTUM_LONG,3.3,3.3,False,True,INV_False_EF_True,SHORT,10,6,SCENARIO_C_RUNNER_10_v4,40.0,10.0,-12.0,2.0,8.0,300,1,2,-32.0,False,False,True,False,480,3,5.0,False,5,0.75,"[[10, 6], [19, 17], [40, 28], [60, 45], [80, 60], [100, 75], [150, 120]]","{""trail_ladder"": [[10, 6], [19, 17], [40, 28], [60, 45], [80, 60], [100, 75], [150, 120]], ""ladder_first_trigger_pct"": 10, ""ladder_first_lock_pct"": 6, ""exit_profile_id"": ""SCENARIO_C_RUNNER_10_v4"", ""peak_never_loser_min_peak"": 40.0, ""peak_never_loser_floor"": 10.0, ""thesis_fast_exit_unreal_pct"": -12.0, ""thesis_mfe_protect_pct"": 2.0, ""thesis_exit_if_above_unreal_pct"": 8.0, ""thesis_min_age_sec"": 300, ""thesis_score_flip_margin"": 1, ""thesis_early_decay_delta"": 2, ""early_fail_pct_threshold"": -32.0, ""type_a_first_candle_enabled"": false, ""type_a_early_fail_enabled"": false, ""scenario_c_exit_profile"": true, ""type_a_stall_enabled"": false, ""type_a_stall_min_age_sec"": 480, ""type_a_stall_min_candles"": 3, ""type_a_stall_max_mfe_pct"": 5.0, ""trend_weakening_enabled"": false, ""spread_penalty_threshold"": 5, ""spread_penalty_margin_mult"": 0.75}",2026-06-26T15:05:45.875647+00:00,2026-06-27 01:05:45 AEST,2026-06-27 01:05:45 AEST
2026-06-26T15:06:22.748689+00:00,vc603-b4a288308fa4,SHORT,59704.0,59683.0,4.608429,3.57,15.0,7,0.54,0.53,0.0,0.0,-0.01,-0.01,PROFIT_LOCK_LADDER,100,0.12,62,44.0,True,SIM_MARKET,AI_DIRECT_LIMIT,,,,,0,BEAR,SR,60-70,SPAWN,-6,-6,BEARISH_STRUCTURE,BEAR_ALIGNED,22.51,-8,3,10,0.05918,bitfinex,tBTCF0:USTF0,v11.1-virtual-chase-known-combos-v1,BITFINEX_ZERO,v11.1-virtual-chase-known-combos-v1,AI60_SP3_VIRTUAL_CHASE,AI60+ · Spread >=3 · Virtual Chase,APPROVE,59695.0,0.019102,0.022185,FREE_RANGE,1.3e-05,1.0,0.0,4.60843,-22.276564,10.384564,185.584,185.584,185.584,0-5m,AI_DIRECT,AI_DIRECT_CHASE,6,,9.0,0.0,0.0,0.0,False,0.0,0.0,-0.008487,-0.000285,0.01,0.659658,0.380014,-0.01,0.928443,59684.0,59692.052566,59690.229833,60579.122043,3.1e-05,FREE_RANGE,SHORT_PREFERRED,0.019102,0.022185,BEAR,3.0,44.0,0.0,100,3.3,True,True,APPROVE,62,"```json
{
  ""direction"": ""SHORT"",
  ""confidence"": 62,
  ""long_score"": 25,
  ""short_score"": 72,
  ""preferred_direction"": ""SHORT"",
  ""entry_zone_low"": 59750,
  ""entry_zone_high"": 59900,
  ""limit_price"": 59825,
  ""expected_mfe"": 0.008,
  ""expected_mae"": 0.004,
  ""reversal_probability"": 38,
  ""exit_style"": ""AGGRESSIVE"",
  ""reasons_for_trade"": [
    ""MTF agreement is BEAR_ALIGNED with 1h and 4h bearish trends"",
    ""Market structure bias is BEARISH_STRUCTURE with structure_score -6"",
    ""Trend health state is BEAR with bear_score 10 vs bull_score 3"",
    ""Price below EMA200 by -1.48% indicating macro bearish context"",
    ""ADX at 22.51 approaching trending threshold, trend_score -8"",
    ""Funding rate positive (0.058% per 8h) favoring shorts"",
    ""Market structure shift is BEAR_CONTINUATION"",
    ""Edge score 3.3 above threshold 3.0 supports trade viability""
  ],
  ""reasons_against_trade"": [
    ""Price near micro support at 58527 (1.93% below) increases bounce risk"",
    ""Reversal risk score 61 suggests potential for mean reversion"",
    ""Volume ratio low at 0.318 indicating weak participation"",
    ""EMA9 and EMA21 are nearly flat with minimal slope"",
    ""Liquidity sweeps both high and low suggest potential trap zones""
  ],
  ""bull_score"": 3,
  ""bear_score"": 10
}
```",59704.0,59683.0,TAKER,TAKER,0.025134,9.0,185.584,0.54,0.53,0.0,0.0,-0.01,-0.01,3.57,276.505855,PROFIT_LOCK_LADDER,0.380014,0.659658,-0.000285,0.928443,False,True,"{'velocity': -0.0002847380410022779, 'volume': 0.01, 'volume_ratio': 0.6596580684390848, 'delta': 0.38001445999999994, 'imbalance': 0.9284429802315624, 'delta_change': -0.010000000000000009}",3.3,"{'early_fail_enabled': True, 'invert_signal': False, 'ai_enabled': True, 'edge_threshold': 3.0, 'edge_threshold_max': None, 'edge_range_preset': 'min_only', 'ai_threshold': 44.0, 'leverage': 100, 'pullback_threshold': 0.001}","{'ema9': 59692.05256617123, 'ema21': 59690.229832549914, 'ema200': 60579.1220433217, 'ema_spread': 3.1e-05, 'ema9_slope_pct': 0.1036, 'ema21_slope_pct': 0.0477, 'ema9_above_ema21': True, 'ema21_above_ema200': False}",WEAK_SETUP,3.3,3.3,False,True,INV_False_EF_True,SHORT,10,6,SCENARIO_C_RUNNER_10_v4,40.0,10.0,-12.0,2.0,8.0,300,1,2,-32.0,False,False,True,False,480,3,5.0,False,5,0.75,"[[10, 6], [19, 17], [40, 28], [60, 45], [80, 60], [100, 75], [150, 120]]","{""trail_ladder"": [[10, 6], [19, 17], [40, 28], [60, 45], [80, 60], [100, 75], [150, 120]], ""ladder_first_trigger_pct"": 10, ""ladder_first_lock_pct"": 6, ""exit_profile_id"": ""SCENARIO_C_RUNNER_10_v4"", ""peak_never_loser_min_peak"": 40.0, ""peak_never_loser_floor"": 10.0, ""thesis_fast_exit_unreal_pct"": -12.0, ""thesis_mfe_protect_pct"": 2.0, ""thesis_exit_if_above_unreal_pct"": 8.0, ""thesis_min_age_sec"": 300, ""thesis_score_flip_margin"": 1, ""thesis_early_decay_delta"": 2, ""early_fail_pct_threshold"": -32.0, ""type_a_first_candle_enabled"": false, ""type_a_early_fail_enabled"": false, ""scenario_c_exit_profile"": true, ""type_a_stall_enabled"": false, ""type_a_stall_min_age_sec"": 480, ""type_a_stall_min_candles"": 3, ""type_a_stall_max_mfe_pct"": 5.0, ""trend_weakening_enabled"": false, ""spread_penalty_threshold"": 5, ""spread_penalty_margin_mult"": 0.75}",2026-06-26T15:06:22.748689+00:00,2026-06-27 01:06:22 AEST,2026-06-27 01:06:22 AEST
2026-06-26T15:23:42.546415+00:00,cont-f668e1122b8c,SHORT,59952.38,60133.84,6.565268,-30.18,20.0,4,-6.04,-6.05,0.0,0.0,-0.02,-0.02,STOP_LOSS,100,1.01,62,44.0,True,SIM_LIMIT,AI_DIRECT_LIMIT,,,,,0,BEAR,SR,60-70,SPAWN,-6,-6,BEARISH_STRUCTURE,CONFLICTED,21.22,-6,3,7,0.06177,bitfinex,tBTCF0:USTF0,v11.1-virtual-chase-known-combos-v1,BITFINEX_ZERO,v11.1-virtual-chase-known-combos-v1,CONTINUOUS,Continuous AI Research,APPROVE,59832.0,0.016343,0.024832,FREE_RANGE,0.001,0.584795,558.7,6.565269,-30.267356,6.234948,122.391,122.391,122.391,0-5m,AI_DIRECT,AI_DIRECT_CHASE,2,,120.38,0.0,0.0615,0.0615,False,0.0,0.0,-0.016789,-2.8e-05,0.003599,0.385833,-0.008916,0.0,0.656539,59843.0,59731.122053,59708.332906,60573.208325,0.000382,FREE_RANGE,SHORT_PREFERRED,0.016343,0.024832,BEAR,3.0,44.0,0.0,100,3.1,True,True,APPROVE,62,"```json
{
  ""direction"": ""SHORT"",
  ""confidence"": 62,
  ""long_score"": 28,
  ""short_score"": 72,
  ""preferred_direction"": ""SHORT"",
  ""entry_zone_low"": 59950,
  ""entry_zone_high"": 60100,
  ""limit_price"": 60025,
  ""expected_mfe"": 0.008,
  ""expected_mae"": 0.004,
  ""reversal_probability"": 43,
  ""exit_style"": ""AGGRESSIVE"",
  ""reasons_for_trade"": [
    ""BEAR regime with intact bearish structure (structure_score -6, last swings LL/HL bearish)"",
    ""Price near micro resistance (60318) and macro resistance (60821) - short from resistance zone"",
    ""Bearish trend health (bear_score 7 vs bull_score 4) with no weakening signals"",
    ""Volume ratio elevated (8.96) suggesting aggressive selling interest"",
    ""Funding positive (0.06% per 8h) favoring shorts, longs paying"",
    ""ADX 21.22 approaching trending threshold, structure supports continuation"",
    ""Liquidity sweeps both sides - likely to retest support after sweep of highs""
  ],
  ""reasons_against_trade"": [
    ""MTF conflicted (15m bullish, 1h ranging, 4h bearish) - reduces conviction"",
    ""Price near micro support (58527) - bounce risk if selling exhausts"",
    ""Reversal risk score 43 - moderate probability of reversal from current levels"",
    ""EMA9/21 slightly bullish slope - short-term momentum not fully bearish"",
    ""Low velocity (-0.0003%) - not showing strong bearish momentum yet""
  ],
  ""bull_score"": 3,
  ""bear_score"": 7
}
```

Direction: SHORT  
Win probability: 62%  
Long score: 28  
Short score: 72  
Bull score: 3  
Bear score: 7  
Decision: APPROVE  
Reason: Bearish structure intact, price near resistance, funding favors shorts, volume confirms selling pressure. MTF conflicted but higher timeframe (4h) bearish dominates. Short from resistance zone with aggressive exit to capture continuation toward support.",59952.38,60133.84,MAKER,TAKER,0.033419,120.38,122.391,-6.04,-6.05,0.0,0.0,-0.02,-0.02,-30.18,393.916216,STOP_LOSS,-0.008916,0.385833,-2.8e-05,0.656539,False,True,"{'price': 59857.0, 'ret_1m': 0.00011695906432748539, 'ret_5m': 0.0, 'ema9': 59731.12205293699, 'ema21': 59708.332905619856, 'ema200': 60573.20832479835, 'dist_to_support': 0.024945697577276525, 'dist_to_resistance': 0.016223893065998328, 'volume': 0.0035990019999999996, 'volume_ratio': 0.3858331705599645, 'delta': -0.008916302999999999, 'velocity': -2.8379040490125007e-05, 'imbalance': 0.6565394198591769, 'candle_range': 558.7, 'body_ratio': 0.4483323640168103, 'wick_ratio': 0.5516676359831897}",3.1,"{'early_fail_enabled': True, 'invert_signal': False, 'ai_enabled': True, 'edge_threshold': 3.0, 'edge_threshold_max': None, 'edge_range_preset': 'min_only', 'ai_threshold': 44.0, 'leverage': 100, 'pullback_threshold': 0.001}","{'ema9': 59731.12205293699, 'ema21': 59708.332905619856, 'ema200': 60573.20832479835, 'ema_spread': 0.000382, 'ema9_slope_pct': 0.0102, 'ema21_slope_pct': 0.0107, 'ema9_above_ema21': True, 'ema21_above_ema200': False}",MOMENTUM_SHORT,3.1,3.1,False,True,INV_False_EF_True,SHORT,10,6,SCENARIO_C_RUNNER_10_v4,40.0,10.0,-12.0,2.0,8.0,300,1,2,-32.0,False,False,True,False,480,3,5.0,False,5,0.75,"[[10, 6], [19, 17], [40, 28], [60, 45], [80, 60], [100, 75], [150, 120]]","{""trail_ladder"": [[10, 6], [19, 17], [40, 28], [60, 45], [80, 60], [100, 75], [150, 120]], ""ladder_first_trigger_pct"": 10, ""ladder_first_lock_pct"": 6, ""exit_profile_id"": ""SCENARIO_C_RUNNER_10_v4"", ""peak_never_loser_min_peak"": 40.0, ""peak_never_loser_floor"": 10.0, ""thesis_fast_exit_unreal_pct"": -12.0, ""thesis_mfe_protect_pct"": 2.0, ""thesis_exit_if_above_unreal_pct"": 8.0, ""thesis_min_age_sec"": 300, ""thesis_score_flip_margin"": 1, ""thesis_early_decay_delta"": 2, ""early_fail_pct_threshold"": -32.0, ""type_a_first_candle_enabled"": false, ""type_a_early_fail_enabled"": false, ""scenario_c_exit_profile"": true, ""type_a_stall_enabled"": false, ""type_a_stall_min_age_sec"": 480, ""type_a_stall_min_candles"": 3, ""type_a_stall_max_mfe_pct"": 5.0, ""trend_weakening_enabled"": false, ""spread_penalty_threshold"": 5, ""spread_penalty_margin_mult"": 0.75}",2026-06-26T15:23:42.546415+00:00,2026-06-27 01:23:42 AEST,2026-06-27 01:23:42 AEST
2026-06-26T15:29:59.607038+00:00,vc603-1d24a5c11da3,SHORT,60249.0,60237.07,0.649806,1.99,20.0,4,0.4,0.4,0.0,0.0,-0.0,-0.0,PROFIT_LOCK_LADDER,100,0.07,62,44.0,True,SIM_LIMIT,AI_DIRECT_LIMIT,,,,,0,BEAR,SR,60-70,SPAWN,-6,-6,BEARISH_STRUCTURE,CONFLICTED,19.83,-6,3,7,0.06273,bitfinex,tBTCF0:USTF0,v11.1-virtual-chase-known-combos-v1,BITFINEX_ZERO,v11.1-virtual-chase-known-combos-v1,AI60_SP3_VIRTUAL_CHASE,AI60+ · Spread >=3 · Virtual Chase,APPROVE,60189.0,0.010064,0.030856,NEAR_RESISTANCE,0.001456,1.0,528.0,0.649807,-2.821624,10.290627,243.716,243.716,243.716,0-5m,AI_DIRECT,AI_DIRECT_CHASE,6,,60.0,0.0,0.1684,0.1684,False,0.0,0.0,-0.0017,8e-06,0.004217,0.013225,0.590519,0.0,0.060195,60235.0,59826.177642,59753.542311,60571.001917,0.001216,NEAR_RESISTANCE,SHORT_PREFERRED,0.010064,0.030856,BEAR,3.0,44.0,0.0,100,1.5,True,True,APPROVE,62,"```json
{
  ""direction"": ""SHORT"",
  ""confidence"": 62,
  ""long_score"": 25,
  ""short_score"": 70,
  ""preferred_direction"": ""SHORT"",
  ""entry_zone_low"": 60350,
  ""entry_zone_high"": 60500,
  ""limit_price"": 60425,
  ""expected_mfe"": 120,
  ""expected_mae"": 80,
  ""reversal_probability"": 81,
  ""exit_style"": ""AGGRESSIVE"",
  ""reasons_for_trade"": [
    ""BEAR regime with intact bearish trend health (bear_score 7 vs bull_score 4)"",
    ""Market structure is BEARISH_STRUCTURE with structure_score -6 and last swing labels showing LL/HL bearish sequence"",
    ""Price near micro resistance (60318) and macro resistance (60821) with dist_to_resistance only 1%"",
    ""Funding positive (0.0619% per 8h) favoring shorts, longs paying"",
    ""ADX below 25 (19.83) but trend health intact, mean reversion risk noted but not confirmed"",
    ""Liquidity sweep high detected (liquidity_sweep_high=true) suggesting potential rejection from highs"",
    ""Entry stage is LATE, reducing probability of further upside without pullback""
  ],
  ""reasons_against_trade"": [
    ""Reversal risk score is high (81/100) indicating potential bounce from micro resistance"",
    ""MTF conflicted (15m BULLISH, 1h RANGING, 4h BEARISH) reduces conviction"",
    ""Volume ratio extremely low (0.0087) suggesting lack of participation in current move"",
    ""Price above both EMA9 and EMA21 (short-term bullish alignment)"",
    ""Higher low detected (higher_low_detected=true) could indicate micro support forming""
  ],
  ""bull_score"": 3,
  ""bear_score"": 7
}
```",60249.0,60237.07,MAKER,TAKER,0.033233,60.0,243.716,0.4,0.4,0.0,0.0,-0.0,-0.0,1.99,38.98846,PROFIT_LOCK_LADDER,0.590519,0.013225,8e-06,0.060195,False,True,"{'price': 60235.0, 'ret_1m': 0.0, 'ret_5m': 0.000531534973340199, 'ema9': 59826.1776423496, 'ema21': 59753.54231089014, 'ema200': 60571.001916735026, 'dist_to_support': 0.0308560989786598, 'dist_to_resistance': 0.010063937557087104, 'volume': 0.0042166999999999994, 'volume_ratio': 0.013224616319331268, 'delta': 0.5905191399999994, 'velocity': 8.316061342301836e-06, 'imbalance': 0.060194878827577084, 'candle_range': 528.0, 'body_ratio': 0.4924966291464933, 'wick_ratio': 0.5075033708535067}",1.5,"{'early_fail_enabled': True, 'invert_signal': False, 'ai_enabled': True, 'edge_threshold': 3.0, 'edge_threshold_max': None, 'edge_range_preset': 'min_only', 'ai_threshold': 44.0, 'leverage': 100, 'pullback_threshold': 0.001}","{'ema9': 59826.1776423496, 'ema21': 59753.54231089014, 'ema200': 60571.001916735026, 'ema_spread': 0.001216, 'ema9_slope_pct': 0.1949, 'ema21_slope_pct': 0.0945, 'ema9_above_ema21': True, 'ema21_above_ema200': False}",MOMENTUM_LONG,1.5,1.5,False,True,INV_False_EF_True,SHORT,10,6,SCENARIO_C_RUNNER_10_v4,40.0,10.0,-12.0,2.0,8.0,300,1,2,-32.0,False,False,True,False,480,3,5.0,False,5,0.75,"[[10, 6], [19, 17], [40, 28], [60, 45], [80, 60], [100, 75], [150, 120]]","{""trail_ladder"": [[10, 6], [19, 17], [40, 28], [60, 45], [80, 60], [100, 75], [150, 120]], ""ladder_first_trigger_pct"": 10, ""ladder_first_lock_pct"": 6, ""exit_profile_id"": ""SCENARIO_C_RUNNER_10_v4"", ""peak_never_loser_min_peak"": 40.0, ""peak_never_loser_floor"": 10.0, ""thesis_fast_exit_unreal_pct"": -12.0, ""thesis_mfe_protect_pct"": 2.0, ""thesis_exit_if_above_unreal_pct"": 8.0, ""thesis_min_age_sec"": 300, ""thesis_score_flip_margin"": 1, ""thesis_early_decay_delta"": 2, ""early_fail_pct_threshold"": -32.0, ""type_a_first_candle_enabled"": false, ""type_a_early_fail_enabled"": false, ""scenario_c_exit_profile"": true, ""type_a_stall_enabled"": false, ""type_a_stall_min_age_sec"": 480, ""type_a_stall_min_candles"": 3, ""type_a_stall_max_mfe_pct"": 5.0, ""trend_weakening_enabled"": false, ""spread_penalty_threshold"": 5, ""spread_penalty_margin_mult"": 0.75}",2026-06-26T15:29:59.607038+00:00,2026-06-27 01:29:59 AEST,2026-06-27 01:29:59 AEST
2026-06-26T15:35:09.693003+00:00,vc603-c2b3f0d94da4,SHORT,60190.0,60262.77,0.515524,-12.08,20.0,4,-2.42,-2.42,0.0,0.0,-0.0,-0.0,THESIS_FAST_CUT,100,0.4,62,44.0,True,SIM_MARKET,AI_DIRECT_LIMIT,,,,,0,BEAR,SR,60-70,SPAWN,-6,-6,BEARISH_STRUCTURE,CONFLICTED,20.09,-6,3,7,0.06356,bitfinex,tBTCF0:USTF0,v11.1-virtual-chase-known-combos-v1,BITFINEX_ZERO,v11.1-virtual-chase-known-combos-v1,AI60_SP3_VIRTUAL_CHASE,AI60+ · Spread >=3 · Virtual Chase,APPROVE,60270.0,0.008674,0.03219,NEAR_RESISTANCE,0.001867,1.0,528.0,0.515525,-12.090048,0.0,226.647,226.647,226.647,0-5m,AI_DIRECT,AI_DIRECT_CHASE,6,,80.0,0.0,0.1583,0.1583,False,0.0,0.0,-0.001363,-4.3e-05,0.009408,1.0064,1.118604,0.0,0.099757,60297.0,59852.577642,59765.542311,60572.31535,0.001456,NEAR_RESISTANCE,SHORT_PREFERRED,0.008674,0.03219,BEAR,3.0,44.0,0.0,100,3.1,True,True,APPROVE,62,"```json
{
  ""direction"": ""SHORT"",
  ""confidence"": 62,
  ""long_score"": 30,
  ""short_score"": 72,
  ""preferred_direction"": ""SHORT"",
  ""entry_zone_low"": 60250,
  ""entry_zone_high"": 60400,
  ""limit_price"": 60325,
  ""expected_mfe"": 0.008,
  ""expected_mae"": 0.004,
  ""reversal_probability"": 43,
  ""exit_style"": ""AGGRESSIVE"",
  ""reasons_for_trade"": [
    ""BEAR regime with intact trend health (bear_score 7 vs bull_score 4)"",
    ""Price near micro resistance (60318) and macro resistance (60821) - location favors short"",
    ""Liquidity sweep high detected - potential stop hunt before continuation lower"",
    ""EMA9 above EMA21 but both below EMA200 - bearish stack, price below 200 EMA"",
    ""ADX 20.09 - not trending strongly but structure bias is BEARISH_STRUCTURE with -6 score"",
    ""Funding positive (0.0625% per 8h) - shorts receive, longs pay, slight tailwind for shorts"",
    ""Volume ratio elevated (1.52) - above average participation on bearish structure"",
    ""Multi-timeframe conflicted but 4h is BEARISH - higher timeframe bearish bias""
  ],
  ""reasons_against_trade"": [
    ""Price near micro support (59443) - short entry near support has reduced expectancy"",
    ""Higher low detected - potential for bounce if support holds"",
    ""Reversal risk score 43 - moderate reversal probability"",
    ""MTF conflicted (15m bullish, 1h ranging, 4h bearish) - no strong alignment"",
    ""ADX below 25 - not a strong trending environment, mean reversion risk"",
    ""Entry stage MID - not ideal for continuation, may be late""
  ],
  ""bull_score"": 3,
  ""bear_score"": 7
}
```

**Direction:** SHORT  
**Win probability:** 62%  
**Long score:** 30  
**Short score:** 72  
**Bull score:** 3/10  
**Bear score:** 7/10  
**Decision:** APPROVE  

**Reason:** The bearish case is significantly stronger: intact BEAR trend health (bear_score 7), bearish structure bias (-6), price below EMA200, positive funding favoring shorts, and liquidity sweep high suggesting a trap before continuation. The short score (72) exceeds the long score (30) by more than the required 5-point gap. While the entry is near micro resistance (60318) and macro resistance (60821), the proximity to support (59443) introduces bounce risk - hence the moderate confidence (62%) and AGGRESSIVE exit style to capture quick downside. The reversal probability (43) is noted but not confirmed by structure shift or momentum expansion in the opposite direction.",60190.0,60262.77,TAKER,TAKER,0.033212,80.0,226.647,-2.42,-2.42,0.0,0.0,-0.0,-0.0,-12.08,30.93156,THESIS_FAST_CUT,1.118604,1.0064,-4.3e-05,0.099757,False,True,"{'price': 60297.0, 'ret_1m': 0.0, 'ret_5m': 0.0005143862210865164, 'ema9': 59852.5776423496, 'ema21': 59765.54231089014, 'ema200': 60572.31534957085, 'dist_to_support': 0.032190122392119144, 'dist_to_resistance': 0.008673587847026435, 'volume': 0.009408010000000001, 'volume_ratio': 1.0064004503791548, 'delta': 1.1186042250000032, 'velocity': -4.3104053500814414e-05, 'imbalance': 0.09975673182140381, 'candle_range': 528.0, 'body_ratio': 0.4924966291464933, 'wick_ratio': 0.5075033708535067}",3.1,"{'early_fail_enabled': True, 'invert_signal': False, 'ai_enabled': True, 'edge_threshold': 3.0, 'edge_threshold_max': None, 'edge_range_preset': 'min_only', 'ai_threshold': 44.0, 'leverage': 100, 'pullback_threshold': 0.001}","{'ema9': 59852.5776423496, 'ema21': 59765.54231089014, 'ema200': 60572.31534957085, 'ema_spread': 0.001456, 'ema9_slope_pct': 0.2391, 'ema21_slope_pct': 0.1146, 'ema9_above_ema21': True, 'ema21_above_ema200': False}",WEAK_SETUP,3.1,3.1,False,True,INV_False_EF_True,SHORT,10,6,SCENARIO_C_RUNNER_10_v4,40.0,10.0,-12.0,2.0,8.0,300,1,2,-32.0,False,False,True,False,480,3,5.0,False,5,0.75,"[[10, 6], [19, 17], [40, 28], [60, 45], [80, 60], [100, 75], [150, 120]]","{""trail_ladder"": [[10, 6], [19, 17], [40, 28], [60, 45], [80, 60], [100, 75], [150, 120]], ""ladder_first_trigger_pct"": 10, ""ladder_first_lock_pct"": 6, ""exit_profile_id"": ""SCENARIO_C_RUNNER_10_v4"", ""peak_never_loser_min_peak"": 40.0, ""peak_never_loser_floor"": 10.0, ""thesis_fast_exit_unreal_pct"": -12.0, ""thesis_mfe_protect_pct"": 2.0, ""thesis_exit_if_above_unreal_pct"": 8.0, ""thesis_min_age_sec"": 300, ""thesis_score_flip_margin"": 1, ""thesis_early_decay_delta"": 2, ""early_fail_pct_threshold"": -32.0, ""type_a_first_candle_enabled"": false, ""type_a_early_fail_enabled"": false, ""scenario_c_exit_profile"": true, ""type_a_stall_enabled"": false, ""type_a_stall_min_age_sec"": 480, ""type_a_stall_min_candles"": 3, ""type_a_stall_max_mfe_pct"": 5.0, ""trend_weakening_enabled"": false, ""spread_penalty_threshold"": 5, ""spread_penalty_margin_mult"": 0.75}",2026-06-26T15:35:09.693003+00:00,2026-06-27 01:35:09 AEST,2026-06-27 01:35:09 AEST
2026-06-26T15:44:44.743823+00:00,cont-99b7a4763aeb,SHORT,60534.39,60499.0,2.076973,5.87,20.0,4,1.17,1.17,0.0,0.0,-0.01,-0.01,PROFIT_LOCK_LADDER,100,0.19,62,44.0,True,SIM_LIMIT,AI_DIRECT_LIMIT,,,,,0,BEAR,SR,60-70,SPAWN,-6,-6,BEARISH_STRUCTURE,CONFLICTED,19.22,-6,3,7,0.06517,bitfinex,tBTCF0:USTF0,v11.1-virtual-chase-known-combos-v1,BITFINEX_ZERO,v11.1-virtual-chase-known-combos-v1,CONTINUOUS,Continuous AI Research,APPROVE,60489.0,0.005339,0.03539,NEAR_RESISTANCE,0.002338,0.925467,0.0,2.076973,-4.395848,10.96732,162.537,162.537,162.537,0-5m,AI_DIRECT,AI_DIRECT_CHASE,3,,45.39,0.0,0.0,0.0,False,0.0,0.0,-0.005633,-0.000116,0.00104,0.085687,2.244882,-0.00104,0.146744,60503.0,59953.862114,59818.451688,60570.377313,0.002264,NEAR_RESISTANCE,SHORT_PREFERRED,0.005339,0.03539,BEAR,3.0,44.0,0.0,100,2.1,True,True,APPROVE,62,"```json
{
  ""direction"": ""SHORT"",
  ""confidence"": 62,
  ""long_score"": 25,
  ""short_score"": 72,
  ""preferred_direction"": ""SHORT"",
  ""entry_zone_low"": 60550,
  ""entry_zone_high"": 60700,
  ""limit_price"": 60625,
  ""expected_mfe"": 180,
  ""expected_mae"": 120,
  ""reversal_probability"": 48,
  ""exit_style"": ""AGGRESSIVE"",
  ""reasons_for_trade"": [
    ""BEAR regime with intact trend health (bear_score 7 vs bull_score 4)"",
    ""Market structure is BEARISH_STRUCTURE with structure_score -6 and recent LL/HL sequence"",
    ""Price near resistance (0.53% away) with SHORT_PREFERRED sr_bias"",
    ""EMA stack not fully bearish but price below EMA200 and EMA9 slope positive but weak"",
    ""ADX 19.22 below 25, but trend strength is still bearish and mean reversion risk noted"",
    ""Funding positive (0.064% per 8h) favoring shorts, longs paying"",
    ""Liquidity sweep high detected, suggesting potential rejection at resistance"",
    ""Multi-timeframe conflicted but 4h bearish dominates, 15m bullish is short-term""
  ],
  ""reasons_against_trade"": [
    ""Price is near micro resistance (60318) and has swept highs, could break higher"",
    ""Reversal risk score 48 indicates moderate bounce potential"",
    ""Volume ratio slightly elevated (1.24) but not extreme, delta positive (2.15) shows some buying"",
    ""EMA9 and EMA21 are above price, short-term momentum slightly bullish"",
    ""MTF conflicted (15m bullish, 1h ranging, 4h bearish) reduces conviction""
  ],
  ""bull_score"": 3,
  ""bear_score"": 7
}
```

**Direction:** SHORT  
**Win probability:** 62%  
**Long score:** 25  
**Short score:** 72  
**Bull score:** 3/10  
**Bear score:** 7/10  
**Decision:** APPROVE  

**Reasoning:**  
- The dominant trend is bearish (BEAR regime, bearish structure, bearish trend health).  
- Price is near resistance (0.53% away) and has swept the recent high (60821), which often leads to rejection in a bearish context.  
- Funding is positive, favoring shorts.  
- The short score (72) comfortably exceeds the long score (25) by more than 5 points, meeting the approval threshold.  
- The reversal probability (48%) is moderate, but the bearish continuation case is stronger given the structure and trend health.  
- Entry is set above current price (pullback to resistance zone) for a short, with aggressive exit to capture quick moves given the short duration.  
- **Context note:** Short entries near support (here, micro support at 59443 is ~3.5% away) have reduced expectancy without strong bearish continuation; however, the bearish structure and resistance proximity provide sufficient conviction for this trade.",60534.39,60499.0,MAKER,TAKER,0.033064,45.39,162.537,1.17,1.17,0.0,0.0,-0.01,-0.01,5.87,124.618441,PROFIT_LOCK_LADDER,2.244882,0.085687,-0.000116,0.146744,False,True,"{'velocity': -0.00011568335812262437, 'volume': 0.00104, 'volume_ratio': 0.08568657364059853, 'delta': 2.24488193, 'imbalance': 0.14674397504893857, 'delta_change': -0.0010399999999997078}",2.1,"{'early_fail_enabled': True, 'invert_signal': False, 'ai_enabled': True, 'edge_threshold': 3.0, 'edge_threshold_max': None, 'edge_range_preset': 'min_only', 'ai_threshold': 44.0, 'leverage': 100, 'pullback_threshold': 0.001}","{'ema9': 59953.86211387968, 'ema21': 59818.45168758208, 'ema200': 60570.3773125901, 'ema_spread': 0.002264, 'ema9_slope_pct': 0.4325, 'ema21_slope_pct': 0.2121, 'ema9_above_ema21': True, 'ema21_above_ema200': False}",WEAK_SETUP,2.1,2.1,False,True,INV_False_EF_True,SHORT,10,6,SCENARIO_C_RUNNER_10_v4,40.0,10.0,-12.0,2.0,8.0,300,1,2,-32.0,False,False,True,False,480,3,5.0,False,5,0.75,"[[10, 6], [19, 17], [40, 28], [60, 45], [80, 60], [100, 75], [150, 120]]","{""trail_ladder"": [[10, 6], [19, 17], [40, 28], [60, 45], [80, 60], [100, 75], [150, 120]], ""ladder_first_trigger_pct"": 10, ""ladder_first_lock_pct"": 6, ""exit_profile_id"": ""SCENARIO_C_RUNNER_10_v4"", ""peak_never_loser_min_peak"": 40.0, ""peak_never_loser_floor"": 10.0, ""thesis_fast_exit_unreal_pct"": -12.0, ""thesis_mfe_protect_pct"": 2.0, ""thesis_exit_if_above_unreal_pct"": 8.0, ""thesis_min_age_sec"": 300, ""thesis_score_flip_margin"": 1, ""thesis_early_decay_delta"": 2, ""early_fail_pct_threshold"": -32.0, ""type_a_first_candle_enabled"": false, ""type_a_early_fail_enabled"": false, ""scenario_c_exit_profile"": true, ""type_a_stall_enabled"": false, ""type_a_stall_min_age_sec"": 480, ""type_a_stall_min_candles"": 3, ""type_a_stall_max_mfe_pct"": 5.0, ""trend_weakening_enabled"": false, ""spread_penalty_threshold"": 5, ""spread_penalty_margin_mult"": 0.75}",2026-06-26T15:44:44.743823+00:00,2026-06-27 01:44:44 AEST,2026-06-27 01:44:44 AEST
2026-06-26T15:48:18.536169+00:00,cont-6a64199814bc,SHORT,60464.07,60362.0,0.322171,16.89,20.0,4,3.38,3.38,0.0,0.0,-0.0,-0.0,PROFIT_LOCK_LADDER,100,0.56,62,44.0,True,SIM_LIMIT,AI_DIRECT_LIMIT,,,,,0,BEAR,SR,60-70,SPAWN,-6,-6,BEARISH_STRUCTURE,MIXED,19.45,-6,3,7,0.06586,bitfinex,tBTCF0:USTF0,v11.1-virtual-chase-known-combos-v1,BITFINEX_ZERO,v11.1-virtual-chase-known-combos-v1,CONTINUOUS,Continuous AI Research,APPROVE,60478.0,0.006171,0.034592,NEAR_RESISTANCE,0.00282,1.0,469.7,0.322172,0.0,20.519624,214.751,214.751,214.751,0-5m,AI_DIRECT,AI_DIRECT_CHASE,4,,13.93,0.0,0.0,0.0,False,0.0,0.0,-0.000884,9.8e-05,0.018957,0.801296,2.134191,0.0,0.121802,60484.0,59962.062114,59822.17896,60570.785273,0.002338,NEAR_RESISTANCE,SHORT_PREFERRED,0.006171,0.034592,BEAR,3.0,44.0,0.0,100,2.3,True,True,APPROVE,62,"```json
{
  ""direction"": ""SHORT"",
  ""confidence"": 62,
  ""long_score"": 28,
  ""short_score"": 72,
  ""preferred_direction"": ""SHORT"",
  ""entry_zone_low"": 60550,
  ""entry_zone_high"": 60700,
  ""limit_price"": 60625,
  ""expected_mfe"": 180,
  ""expected_mae"": 120,
  ""reversal_probability"": 34,
  ""exit_style"": ""AGGRESSIVE"",
  ""reasons_for_trade"": [
    ""BEAR regime with intact trend health (bear_score 7 vs bull_score 4)"",
    ""Price near resistance (0.62% away) with SR state NEAR_RESISTANCE and SHORT_PREFERRED bias"",
    ""Market structure is BEARISH_STRUCTURE with structure_score -6 and BEAR_CONTINUATION shift"",
    ""EMA stack shows price below EMA200 (-0.057%) and EMA9/21 above EMA200 but not fully bullish stacked"",
    ""ADX at 19.45 below 25, but trend strength still favors bear with mean_reversion_risk flagged"",
    ""Funding positive (0.065% per 8h) favoring shorts, longs pay shorts"",
    ""Liquidity sweep high detected (likely stop hunt before continuation lower)"",
    ""Micro resistance at 60318 already tested and price rejected near it, now retesting higher resistance zone"",
    ""Entry stage LATE suggests trend mature but still room for continuation"",
    ""Volume ratio low (0.31) suggests lack of buying conviction on this push up""
  ],
  ""reasons_against_trade"": [
    ""Price is near resistance but SR is context only - not a standalone short signal"",
    ""ADX below 25 indicates non-trending conditions, mean reversion risk elevated"",
    ""Higher low detected (micro support 59443) could indicate bottoming process"",
    ""Reversal risk score 66 suggests potential for bounce from current levels"",
    ""MTF mixed (15m BULLISH, 1h/4h RANGING) reduces conviction for strong continuation"",
    ""Price above both EMA9 and EMA21 (short-term bullish bias)"",
    ""Compression regime may precede expansion in either direction""
  ],
  ""bull_score"": 3,
  ""bear_score"": 7
}
```

Direction: SHORT
Win probability: 62
Long score: 28
Short score: 72
Bull score: 3
Bear score: 7
Decision: APPROVE
Reason: Bearish trend hierarchy intact (BEAR regime, BEARISH_STRUCTURE, BEAR_CONTINUATION, bear_score 7 vs bull_score 4). Price near resistance with positive funding favoring shorts. Short score (72) exceeds long score (28) by 44 points, well above the +5 threshold. Entry near resistance is supported by continuation bias, not just SR location. Limit entry above current price (60625) to allow pullback to resistance zone. Exit aggressive due to ADX <25 and mean reversion risk.",60464.07,60362.0,MAKER,TAKER,0.03307,13.93,214.751,3.38,3.38,0.0,0.0,-0.0,-0.0,16.89,19.330374,PROFIT_LOCK_LADDER,2.134191,0.801296,9.8e-05,0.121802,False,True,"{'price': 60525.0, 'ret_1m': 0.00026437541308658297, 'ret_5m': 0.0013895321908290875, 'ema9': 59962.062113879685, 'ema21': 59822.17896030935, 'ema200': 60570.78527278911, 'dist_to_support': 0.034591715193223925, 'dist_to_resistance': 0.006170592906299629, 'volume': 0.018957202, 'volume_ratio': 0.8012964576035797, 'delta': 2.134190864000008, 'velocity': 9.759165496895659e-05, 'imbalance': 0.12180238680458855, 'candle_range': 469.7, 'body_ratio': 0.48940347048564903, 'wick_ratio': 0.510596529514351}",2.3,"{'early_fail_enabled': True, 'invert_signal': False, 'ai_enabled': True, 'edge_threshold': 3.0, 'edge_threshold_max': None, 'edge_range_preset': 'min_only', 'ai_threshold': 44.0, 'leverage': 100, 'pullback_threshold': 0.001}","{'ema9': 59962.062113879685, 'ema21': 59822.17896030935, 'ema200': 60570.78527278911, 'ema_spread': 0.002338, 'ema9_slope_pct': 0.4463, 'ema21_slope_pct': 0.2183, 'ema9_above_ema21': True, 'ema21_above_ema200': False}",MOMENTUM_LONG,2.3,2.3,False,True,INV_False_EF_True,SHORT,10,6,SCENARIO_C_RUNNER_10_v4,40.0,10.0,-12.0,2.0,8.0,300,1,2,-32.0,False,False,True,False,480,3,5.0,False,5,0.75,"[[10, 6], [19, 17], [40, 28], [60, 45], [80, 60], [100, 75], [150, 120]]","{""trail_ladder"": [[10, 6], [19, 17], [40, 28], [60, 45], [80, 60], [100, 75], [150, 120]], ""ladder_first_trigger_pct"": 10, ""ladder_first_lock_pct"": 6, ""exit_profile_id"": ""SCENARIO_C_RUNNER_10_v4"", ""peak_never_loser_min_peak"": 40.0, ""peak_never_loser_floor"": 10.0, ""thesis_fast_exit_unreal_pct"": -12.0, ""thesis_mfe_protect_pct"": 2.0, ""thesis_exit_if_above_unreal_pct"": 8.0, ""thesis_min_age_sec"": 300, ""thesis_score_flip_margin"": 1, ""thesis_early_decay_delta"": 2, ""early_fail_pct_threshold"": -32.0, ""type_a_first_candle_enabled"": false, ""type_a_early_fail_enabled"": false, ""scenario_c_exit_profile"": true, ""type_a_stall_enabled"": false, ""type_a_stall_min_age_sec"": 480, ""type_a_stall_min_candles"": 3, ""type_a_stall_max_mfe_pct"": 5.0, ""trend_weakening_enabled"": false, ""spread_penalty_threshold"": 5, ""spread_penalty_margin_mult"": 0.75}",2026-06-26T15:48:18.536169+00:00,2026-06-27 01:48:18 AEST,2026-06-27 01:48:18 AEST
2026-06-26T15:48:39.956906+00:00,vc603-6125824f9fa9,SHORT,60430.87,60419.0,0.274034,1.97,20.0,4,0.39,0.39,0.0,0.0,-0.0,-0.0,PROFIT_LOCK_LADDER,100,0.07,62,44.0,True,SIM_MARKET,AI_DIRECT_LIMIT,,,,,0,BEAR,SR,60-70,SPAWN,-6,-6,BEARISH_STRUCTURE,MIXED,19.45,-6,3,7,0.06586,bitfinex,tBTCF0:USTF0,v11.1-virtual-chase-known-combos-v1,BITFINEX_ZERO,v11.1-virtual-chase-known-combos-v1,AI60_SP3_VIRTUAL_CHASE,AI60+ · Spread >=3 · Virtual Chase,APPROVE,60414.0,0.006171,0.034592,NEAR_RESISTANCE,0.002824,0.578656,469.7,0.274035,0.0,13.382233,187.436,187.436,187.436,0-5m,AI_DIRECT,AI_DIRECT_CHASE,6,,16.87,0.0,0.0,0.0,False,0.0,0.0,-0.000753,-6.9e-05,0.020924,4.029013,2.1068,0.0,0.119328,60478.0,59962.062114,59822.17896,60570.785273,0.002338,NEAR_RESISTANCE,SHORT_PREFERRED,0.006171,0.034592,BEAR,3.0,44.0,0.0,100,2.3,True,True,APPROVE,62,"```json
{
  ""direction"": ""SHORT"",
  ""confidence"": 62,
  ""long_score"": 28,
  ""short_score"": 72,
  ""preferred_direction"": ""SHORT"",
  ""entry_zone_low"": 60550,
  ""entry_zone_high"": 60700,
  ""limit_price"": 60625,
  ""expected_mfe"": 180,
  ""expected_mae"": 120,
  ""reversal_probability"": 34,
  ""exit_style"": ""AGGRESSIVE"",
  ""reasons_for_trade"": [
    ""BEAR regime with intact trend health (bear_score 7 vs bull_score 4)"",
    ""Price near resistance (0.62% away) with SR state NEAR_RESISTANCE and SHORT_PREFERRED bias"",
    ""Market structure is BEARISH_STRUCTURE with structure_score -6 and BEAR_CONTINUATION shift"",
    ""EMA stack shows price below EMA200 (-0.057%) and EMA9/21 above EMA200 but not fully bullish stacked"",
    ""ADX at 19.45 below 25, but trend strength still favors bear with mean_reversion_risk flagged"",
    ""Funding positive (0.065% per 8h) favoring shorts, longs pay shorts"",
    ""Liquidity sweep high detected (likely stop hunt before continuation lower)"",
    ""Micro resistance at 60318 already tested and price rejected near it, now retesting higher resistance zone"",
    ""Entry stage LATE suggests trend mature but still room for continuation"",
    ""Volume ratio low (0.31) suggests lack of buying conviction on this push up""
  ],
  ""reasons_against_trade"": [
    ""Price is near resistance but SR is context only - not a standalone short signal"",
    ""ADX below 25 indicates non-trending conditions, mean reversion risk elevated"",
    ""Higher low detected (micro support 59443) could indicate bottoming process"",
    ""Reversal risk score 66 suggests potential for bounce from current levels"",
    ""MTF mixed (15m BULLISH, 1h/4h RANGING) reduces conviction for strong continuation"",
    ""Price above both EMA9 and EMA21 (short-term bullish bias)"",
    ""Compression regime may precede expansion in either direction""
  ],
  ""bull_score"": 3,
  ""bear_score"": 7
}
```

Direction: SHORT
Win probability: 62
Long score: 28
Short score: 72
Bull score: 3
Bear score: 7
Decision: APPROVE
Reason: Bearish trend hierarchy intact (BEAR regime, BEARISH_STRUCTURE, BEAR_CONTINUATION, bear_score 7 vs bull_score 4). Price near resistance with positive funding favoring shorts. Short score (72) exceeds long score (28) by 44 points, well above the +5 threshold. Entry near resistance is supported by continuation bias, not just SR location. Limit entry above current price (60625) to allow pullback to resistance zone. Exit aggressive due to ADX <25 and mean reversion risk.",60430.87,60419.0,TAKER,TAKER,0.033127,16.87,187.436,0.39,0.39,0.0,0.0,-0.0,-0.0,1.97,16.442166,PROFIT_LOCK_LADDER,2.1068,4.029013,-6.9e-05,0.119328,False,True,"{'price': 60478.0, 'ret_1m': -0.00011573117301810366, 'ret_5m': 0.00018191740949608878, 'ema9': 59962.062113879685, 'ema21': 59822.17896030935, 'ema200': 60570.78527278911, 'dist_to_support': 0.034591715193223925, 'dist_to_resistance': 0.006170592906299629, 'volume': 0.020923898000000003, 'volume_ratio': 4.0290126491725005, 'delta': 2.1067996140000083, 'velocity': -6.938461819709878e-05, 'imbalance': 0.11932788979215166, 'candle_range': 469.7, 'body_ratio': 0.48940347048564903, 'wick_ratio': 0.510596529514351}",3.5,"{'early_fail_enabled': True, 'invert_signal': False, 'ai_enabled': True, 'edge_threshold': 3.0, 'edge_threshold_max': None, 'edge_range_preset': 'min_only', 'ai_threshold': 44.0, 'leverage': 100, 'pullback_threshold': 0.001}","{'ema9': 59962.062113879685, 'ema21': 59822.17896030935, 'ema200': 60570.78527278911, 'ema_spread': 0.002338, 'ema9_slope_pct': 0.4463, 'ema21_slope_pct': 0.2183, 'ema9_above_ema21': True, 'ema21_above_ema200': False}",WEAK_SETUP,3.5,3.5,False,True,INV_False_EF_True,SHORT,10,6,SCENARIO_C_RUNNER_10_v4,40.0,10.0,-12.0,2.0,8.0,300,1,2,-32.0,False,False,True,False,480,3,5.0,False,5,0.75,"[[10, 6], [19, 17], [40, 28], [60, 45], [80, 60], [100, 75], [150, 120]]","{""trail_ladder"": [[10, 6], [19, 17], [40, 28], [60, 45], [80, 60], [100, 75], [150, 120]], ""ladder_first_trigger_pct"": 10, ""ladder_first_lock_pct"": 6, ""exit_profile_id"": ""SCENARIO_C_RUNNER_10_v4"", ""peak_never_loser_min_peak"": 40.0, ""peak_never_loser_floor"": 10.0, ""thesis_fast_exit_unreal_pct"": -12.0, ""thesis_mfe_protect_pct"": 2.0, ""thesis_exit_if_above_unreal_pct"": 8.0, ""thesis_min_age_sec"": 300, ""thesis_score_flip_margin"": 1, ""thesis_early_decay_delta"": 2, ""early_fail_pct_threshold"": -32.0, ""type_a_first_candle_enabled"": false, ""type_a_early_fail_enabled"": false, ""scenario_c_exit_profile"": true, ""type_a_stall_enabled"": false, ""type_a_stall_min_age_sec"": 480, ""type_a_stall_min_candles"": 3, ""type_a_stall_max_mfe_pct"": 5.0, ""trend_weakening_enabled"": false, ""spread_penalty_threshold"": 5, ""spread_penalty_margin_mult"": 0.75}",2026-06-26T15:48:39.956906+00:00,2026-06-27 01:48:39 AEST,2026-06-27 01:48:39 AEST
2026-06-26T15:54:11.211641+00:00,vc603-f68ce3e9fde9,SHORT,60316.0,60219.0,0.720057,16.09,20.0,4,3.22,3.22,0.0,0.0,-0.0,-0.0,PROFIT_LOCK_LADDER,100,0.54,62,44.0,True,SIM_LIMIT,AI_DIRECT_LIMIT,,,,,0,BEAR,SR,60-70,SPAWN,-6,-6,BEARISH_STRUCTURE,MIXED,18.85,-6,3,7,0.06681,bitfinex,tBTCF0:USTF0,v11.1-virtual-chase-known-combos-v1,BITFINEX_ZERO,v11.1-virtual-chase-known-combos-v1,AI60_SP3_VIRTUAL_CHASE,AI60+ · Spread >=3 · Virtual Chase,APPROVE,60356.0,0.007004,0.033793,NEAR_RESISTANCE,0.002733,1.0,410.3,0.720058,-1.989522,17.076729,140.029,140.029,140.029,0-5m,AI_DIRECT,AI_DIRECT_CHASE,6,,40.0,0.0,0.0,0.0,False,0.0,0.0,-0.002003,-0.000106,0.330488,1.45522,-0.604126,0.0,0.048057,60367.0,60055.609691,59877.278394,60569.187942,0.002978,NEAR_RESISTANCE,SHORT_PREFERRED,0.007004,0.033793,BEAR,3.0,44.0,0.0,100,2.3,True,True,APPROVE,62,"```json
{
  ""direction"": ""SHORT"",
  ""confidence"": 62,
  ""long_score"": 28,
  ""short_score"": 72,
  ""preferred_direction"": ""SHORT"",
  ""entry_zone_low"": 60400,
  ""entry_zone_high"": 60550,
  ""limit_price"": 60475,
  ""expected_mfe"": 0.008,
  ""expected_mae"": 0.004,
  ""reversal_probability"": 66,
  ""exit_style"": ""AGGRESSIVE"",
  ""reasons_for_trade"": [
    ""BEAR regime with intact trend health (bear_score 7 vs bull_score 4)"",
    ""Price near micro resistance (60318) and macro resistance (60821) with 0.7% distance"",
    ""Market structure is BEARISH_STRUCTURE with LL/HL sequence and negative structure_score (-6)"",
    ""ADX 18.85 below 25 but trend strength still favors bear continuation (no strong reversal evidence)"",
    ""EMA9 above EMA21 but both below EMA200 (bearish stack incomplete but price below long-term EMA)"",
    ""Liquidity sweep high detected (potential stop hunt before continuation lower)"",
    ""Funding positive (0.066% per 8h) favoring shorts, longs paying"",
    ""Compression regime may resolve with expansion in direction of prevailing trend (bear)""
  ],
  ""reasons_against_trade"": [
    ""Price is very close to micro resistance (0.1% away) - risk of rejection and reversal"",
    ""Reversal probability elevated at 66% (higher risk of mean reversion)"",
    ""Volume ratio very low (0.065) - lack of conviction in current move"",
    ""ADX below 25 suggests non-trending/compression environment"",
    ""15m timeframe shows BULLISH (mixed MTF agreement)"",
    ""Entry near support zone historically reduces short expectancy without strong continuation""
  ],
  ""bull_score"": 3,
  ""bear_score"": 7
}
```

Direction: SHORT  
Win probability: 62%  
Long score: 28  
Short score: 72  
Bull score: 3  
Bear score: 7  
Decision: APPROVE  
Reason: Bearish trend hierarchy intact (BEAR regime, bearish structure, bearish trend health, price below EMA200). Short score significantly higher than long score (gap 44). Entry near resistance with liquidity sweep high suggests potential for continuation lower. Reversal risk is noted but insufficient to override strong bearish case.",60316.0,60219.0,MAKER,TAKER,0.033191,40.0,140.029,3.22,3.22,0.0,0.0,-0.0,-0.0,16.09,43.203502,PROFIT_LOCK_LADDER,-0.604126,1.45522,-0.000106,0.048057,False,True,"{'price': 60382.0, 'ret_1m': 0.0, 'ret_5m': -0.0013066274127123269, 'ema9': 60055.609691103746, 'ema21': 59877.27839366748, 'ema200': 60569.18794231634, 'dist_to_support': 0.03379250968575118, 'dist_to_resistance': 0.007003543163680917, 'volume': 0.33048812099999997, 'volume_ratio': 1.4552197232286035, 'delta': -0.6041258109999585, 'velocity': -0.00010574952172321607, 'imbalance': 0.048056685236533746, 'candle_range': 410.3, 'body_ratio': 0.4678145293673907, 'wick_ratio': 0.5321854706326093}",2.3,"{'early_fail_enabled': True, 'invert_signal': False, 'ai_enabled': True, 'edge_threshold': 3.0, 'edge_threshold_max': None, 'edge_range_preset': 'min_only', 'ai_threshold': 44.0, 'leverage': 100, 'pullback_threshold': 0.001}","{'ema9': 60055.609691103746, 'ema21': 59877.27839366748, 'ema200': 60569.18794231634, 'ema_spread': 0.002978, 'ema9_slope_pct': 0.5456, 'ema21_slope_pct': 0.284, 'ema9_above_ema21': True, 'ema21_above_ema200': False}",MOMENTUM_SHORT,2.3,2.3,False,True,INV_False_EF_True,SHORT,10,6,SCENARIO_C_RUNNER_10_v4,40.0,10.0,-12.0,2.0,8.0,300,1,2,-32.0,False,False,True,False,480,3,5.0,False,5,0.75,"[[10, 6], [19, 17], [40, 28], [60, 45], [80, 60], [100, 75], [150, 120]]","{""trail_ladder"": [[10, 6], [19, 17], [40, 28], [60, 45], [80, 60], [100, 75], [150, 120]], ""ladder_first_trigger_pct"": 10, ""ladder_first_lock_pct"": 6, ""exit_profile_id"": ""SCENARIO_C_RUNNER_10_v4"", ""peak_never_loser_min_peak"": 40.0, ""peak_never_loser_floor"": 10.0, ""thesis_fast_exit_unreal_pct"": -12.0, ""thesis_mfe_protect_pct"": 2.0, ""thesis_exit_if_above_unreal_pct"": 8.0, ""thesis_min_age_sec"": 300, ""thesis_score_flip_margin"": 1, ""thesis_early_decay_delta"": 2, ""early_fail_pct_threshold"": -32.0, ""type_a_first_candle_enabled"": false, ""type_a_early_fail_enabled"": false, ""scenario_c_exit_profile"": true, ""type_a_stall_enabled"": false, ""type_a_stall_min_age_sec"": 480, ""type_a_stall_min_candles"": 3, ""type_a_stall_max_mfe_pct"": 5.0, ""trend_weakening_enabled"": false, ""spread_penalty_threshold"": 5, ""spread_penalty_margin_mult"": 0.75}",2026-06-26T15:54:11.211641+00:00,2026-06-27 01:54:11 AEST,2026-06-27 01:54:11 AEST
2026-06-26T16:02:49.907364+00:00,cont-060e8659c805,SHORT,60605.29,60529.76,0.864623,12.47,20.0,4,2.49,2.49,0.0,0.0,-0.0,-0.0,PROFIT_LOCK_LADDER,100,0.42,62,44.0,True,SIM_LIMIT,AI_DIRECT_LIMIT,,,,,0,BEAR,SR,60-70,SPAWN,-6,-6,BEARISH_STRUCTURE,MIXED,18.85,-6,3,7,0.01791,bitfinex,tBTCF0:USTF0,v11.1-virtual-chase-known-combos-v1,BITFINEX_ZERO,v11.1-virtual-chase-known-combos-v1,CONTINUOUS,Continuous AI Research,APPROVE,60608.0,0.006837,0.033952,NEAR_RESISTANCE,0.00322,1.0,0.0,0.864624,0.0,30.408237,64.186,64.186,64.186,0-5m,AI_DIRECT,AI_DIRECT_CHASE,2,,2.71,0.0,0.256,0.256,False,0.0,0.0,-0.000645,0.000809,0.00124,0.087121,3.972546,0.00124,0.069316,60620.0,60041.609691,59870.914757,60568.491425,0.002851,NEAR_RESISTANCE,SHORT_PREFERRED,0.006837,0.033952,BEAR,3.0,44.0,0.0,100,3.0,True,True,APPROVE,62,"```json
{
  ""direction"": ""SHORT"",
  ""confidence"": 62,
  ""long_score"": 25,
  ""short_score"": 70,
  ""preferred_direction"": ""SHORT"",
  ""entry_zone_low"": 60450,
  ""entry_zone_high"": 60600,
  ""limit_price"": 60525,
  ""expected_mfe"": 180,
  ""expected_mae"": 120,
  ""reversal_probability"": 40,
  ""exit_style"": ""AGGRESSIVE"",
  ""reasons_for_trade"": [
    ""BEAR regime with intact trend health (bear_score 7 vs bull_score 4)"",
    ""Price near micro resistance (60318) and macro resistance (60821) - short from resistance zone"",
    ""Negative delta (-5.4) and bearish orderflow imbalance (0.116 favoring shorts)"",
    ""EMA9 above EMA21 but both below EMA200 - bearish stack with price below 200 EMA"",
    ""Market structure shows BEAR_CONTINUATION with LL/HL sequence intact"",
    ""ADX 18.85 below 25 - not strongly trending but structure favors continuation over reversal"",
    ""Funding positive (0.018% per 8h) - shorts receive funding, slight tailwind""
  ],
  ""reasons_against_trade"": [
    ""Price is very close to micro resistance (0.15% away) - risk of breakout above 60318"",
    ""Reversal risk score 40 - non-trivial chance of bounce from resistance zone"",
    ""MTF mixed (15m bullish, 1h/4h ranging) - no strong bear alignment across all timeframes"",
    ""Volume ratio elevated (1.56) - could indicate absorption or distribution"",
    ""Entry stage LATE - may have missed optimal entry after recent move""
  ],
  ""bull_score"": 3,
  ""bear_score"": 7
}
```",60605.29,60529.76,MAKER,TAKER,0.032999,2.71,64.186,2.49,2.49,0.0,0.0,-0.0,-0.0,12.47,51.877454,PROFIT_LOCK_LADDER,3.972546,0.087121,0.000809,0.069316,False,True,"{'velocity': 0.0008089679879810471, 'volume': 0.00124001, 'volume_ratio': 0.08712071302276521, 'delta': 3.9725464999998437, 'imbalance': 0.06931582895343631, 'delta_change': 0.0012400100000000691}",3.4,"{'early_fail_enabled': True, 'invert_signal': False, 'ai_enabled': True, 'edge_threshold': 3.0, 'edge_threshold_max': None, 'edge_range_preset': 'min_only', 'ai_threshold': 44.0, 'leverage': 100, 'pullback_threshold': 0.001}","{'ema9': 60041.609691103746, 'ema21': 59870.91475730384, 'ema200': 60568.491424903405, 'ema_spread': 0.002851, 'ema9_slope_pct': 0.5222, 'ema21_slope_pct': 0.2734, 'ema9_above_ema21': True, 'ema21_above_ema200': False}",MOMENTUM_LONG,3.4,3.4,False,True,INV_False_EF_True,SHORT,10,6,SCENARIO_C_RUNNER_10_v4,40.0,10.0,-12.0,2.0,8.0,300,1,2,-32.0,False,False,True,False,480,3,5.0,False,5,0.75,"[[10, 6], [19, 17], [40, 28], [60, 45], [80, 60], [100, 75], [150, 120]]","{""trail_ladder"": [[10, 6], [19, 17], [40, 28], [60, 45], [80, 60], [100, 75], [150, 120]], ""ladder_first_trigger_pct"": 10, ""ladder_first_lock_pct"": 6, ""exit_profile_id"": ""SCENARIO_C_RUNNER_10_v4"", ""peak_never_loser_min_peak"": 40.0, ""peak_never_loser_floor"": 10.0, ""thesis_fast_exit_unreal_pct"": -12.0, ""thesis_mfe_protect_pct"": 2.0, ""thesis_exit_if_above_unreal_pct"": 8.0, ""thesis_min_age_sec"": 300, ""thesis_score_flip_margin"": 1, ""thesis_early_decay_delta"": 2, ""early_fail_pct_threshold"": -32.0, ""type_a_first_candle_enabled"": false, ""type_a_early_fail_enabled"": false, ""scenario_c_exit_profile"": true, ""type_a_stall_enabled"": false, ""type_a_stall_min_age_sec"": 480, ""type_a_stall_min_candles"": 3, ""type_a_stall_max_mfe_pct"": 5.0, ""trend_weakening_enabled"": false, ""spread_penalty_threshold"": 5, ""spread_penalty_margin_mult"": 0.75}",2026-06-26T16:02:49.907364+00:00,2026-06-27 02:02:49 AEST,2026-06-27 02:02:49 AEST
2026-06-26T16:30:54.367202+00:00,cont-88fd7acdad5f,SHORT,60141.56,60216.0,0.31559,-12.38,20.0,4,-2.48,-2.48,0.0,0.0,-0.0,-0.0,THESIS_FAST_CUT,100,0.41,62,44.0,True,SIM_LIMIT,AI_DIRECT_LIMIT,,,,,0,BEAR,SR,60-70,SPAWN,-6,-6,BEARISH_STRUCTURE,MIXED,17.86,-6,3,7,0.01791,bitfinex,tBTCF0:USTF0,v11.1-virtual-chase-known-combos-v1,BITFINEX_ZERO,v11.1-virtual-chase-known-combos-v1,CONTINUOUS,Continuous AI Research,APPROVE,60091.0,0.012586,0.028436,NEAR_RESISTANCE,0.002698,0.66548,0.0,0.315591,-12.377464,0.0,321.836,321.836,321.836,5-15m,AI_DIRECT,AI_DIRECT_CHASE,2,,50.56,0.0,0.0,0.0,False,0.0,0.0,-0.000236,-8.3e-05,0.05196,2.36334,11.680831,-0.05196,0.131782,60102.0,60075.142202,59917.528349,60555.201622,0.002631,NEAR_RESISTANCE,SHORT_PREFERRED,0.012586,0.028436,BEAR,3.0,44.0,0.0,100,3.7,True,True,APPROVE,62,"```json
{
  ""direction"": ""SHORT"",
  ""confidence"": 62,
  ""long_score"": 30,
  ""short_score"": 72,
  ""preferred_direction"": ""SHORT"",
  ""entry_zone_low"": 60100,
  ""entry_zone_high"": 60300,
  ""limit_price"": 60200,
  ""expected_mfe"": 180,
  ""expected_mae"": 120,
  ""reversal_probability"": 43,
  ""exit_style"": ""AGGRESSIVE"",
  ""reasons_for_trade"": [
    ""BEAR regime with bearish structure (structure_score -6, BEAR_CONTINUATION shift)"",
    ""Price near micro resistance (60318) and macro resistance (60821) - short from resistance zone"",
    ""EMA9 slope positive but price below EMA200, EMA stack not fully bullish - bearish HTF context"",
    ""Volume ratio elevated (2.35) with positive delta - potential distribution near resistance"",
    ""Funding positive (0.018% per 8h) - shorts receive funding, slight tailwind"",
    ""ADX 17.86 below 25 - not strongly trending, but bearish bias intact with no reversal confirmation""
  ],
  ""reasons_against_trade"": [
    ""Price near micro support (59443) - limited downside room before support zone"",
    ""Higher low detected - potential for bounce if support holds"",
    ""Reversal risk score 43 - moderate risk of reversal from current levels"",
    ""MTF mixed (15m ranging, 1h ranging, 4h bearish) - no strong alignment"",
    ""Low ADX suggests mean reversion risk - short may see counter-trend bounce""
  ],
  ""bull_score"": 3,
  ""bear_score"": 7
}
```",60141.56,60216.0,MAKER,TAKER,0.033283,50.56,321.836,-2.48,-2.48,0.0,0.0,-0.0,-0.0,-12.38,18.935505,THESIS_FAST_CUT,11.680831,2.36334,-8.3e-05,0.131782,False,True,"{'velocity': -8.31849867735871e-05, 'volume': 0.05196, 'volume_ratio': 2.3633396354207488, 'delta': 11.680831019999573, 'imbalance': 0.13178191411816204, 'delta_change': -0.051960000000001116}",3.7,"{'early_fail_enabled': True, 'invert_signal': False, 'ai_enabled': True, 'edge_threshold': 3.0, 'edge_threshold_max': None, 'edge_range_preset': 'min_only', 'ai_threshold': 44.0, 'leverage': 100, 'pullback_threshold': 0.001}","{'ema9': 60075.14220230641, 'ema21': 59917.52834938157, 'ema200': 60555.20162207894, 'ema_spread': 0.002631, 'ema9_slope_pct': 0.1933, 'ema21_slope_pct': 0.1615, 'ema9_above_ema21': True, 'ema21_above_ema200': False}",ORDERFLOW_SPIKE,3.7,3.7,False,True,INV_False_EF_True,SHORT,10,6,SCENARIO_C_RUNNER_10_v4,40.0,10.0,-12.0,2.0,8.0,300,1,2,-32.0,False,False,True,False,480,3,5.0,False,5,0.75,"[[10, 6], [19, 17], [40, 28], [60, 45], [80, 60], [100, 75], [150, 120]]","{""trail_ladder"": [[10, 6], [19, 17], [40, 28], [60, 45], [80, 60], [100, 75], [150, 120]], ""ladder_first_trigger_pct"": 10, ""ladder_first_lock_pct"": 6, ""exit_profile_id"": ""SCENARIO_C_RUNNER_10_v4"", ""peak_never_loser_min_peak"": 40.0, ""peak_never_loser_floor"": 10.0, ""thesis_fast_exit_unreal_pct"": -12.0, ""thesis_mfe_protect_pct"": 2.0, ""thesis_exit_if_above_unreal_pct"": 8.0, ""thesis_min_age_sec"": 300, ""thesis_score_flip_margin"": 1, ""thesis_early_decay_delta"": 2, ""early_fail_pct_threshold"": -32.0, ""type_a_first_candle_enabled"": false, ""type_a_early_fail_enabled"": false, ""scenario_c_exit_profile"": true, ""type_a_stall_enabled"": false, ""type_a_stall_min_age_sec"": 480, ""type_a_stall_min_candles"": 3, ""type_a_stall_max_mfe_pct"": 5.0, ""trend_weakening_enabled"": false, ""spread_penalty_threshold"": 5, ""spread_penalty_margin_mult"": 0.75}",2026-06-26T16:30:54.367202+00:00,2026-06-27 02:30:54 AEST,2026-06-27 02:30:54 AEST
2026-06-26T16:34:45.033480+00:00,vc603-8778d1949425,SHORT,60075.24,60227.0,10.534315,-25.22,20.0,4,-5.04,-5.05,0.0,0.0,-0.01,-0.01,STOP_LOSS,100,0.84,62,44.0,True,SIM_LIMIT,AI_DIRECT_LIMIT,,,,,0,BEAR,SR,60-70,SPAWN,-6,-6,BEARISH_STRUCTURE,CONFLICTED,18.15,-6,3,7,0.01791,bitfinex,tBTCF0:USTF0,v11.1-virtual-chase-known-combos-v1,BITFINEX_ZERO,v11.1-virtual-chase-known-combos-v1,AI60_SP3_VIRTUAL_CHASE,AI60+ · Spread >=3 · Virtual Chase,APPROVE,60056.0,0.011576,0.029405,NEAR_RESISTANCE,0.002696,0.093234,313.9,10.534317,-30.255393,3.868482,134.124,134.124,134.124,0-5m,AI_DIRECT,AI_DIRECT_CHASE,6,,19.24,0.0,0.0,0.0,False,0.0,0.0,-0.00787,-1.2e-05,0.04459,0.015363,11.859998,0.0,0.136034,60039.0,60084.142202,59921.619258,60555.649383,0.002712,NEAR_RESISTANCE,SHORT_PREFERRED,0.011576,0.029405,BEAR,3.0,44.0,0.0,100,2.1,True,True,APPROVE,62,"```json
{
  ""direction"": ""SHORT"",
  ""confidence"": 62,
  ""long_score"": 28,
  ""short_score"": 72,
  ""preferred_direction"": ""SHORT"",
  ""entry_zone_low"": 60150,
  ""entry_zone_high"": 60300,
  ""limit_price"": 60225,
  ""expected_mfe"": 180,
  ""expected_mae"": 120,
  ""reversal_probability"": 69,
  ""exit_style"": ""AGGRESSIVE"",
  ""reasons_for_trade"": [
    ""BEAR regime with consistent BEAR trend health and structure bias"",
    ""Price near micro resistance (60318) and macro resistance zone (60821) with short bias from SR state"",
    ""EMA9 above EMA21 but both below EMA200, indicating bearish stack alignment"",
    ""Multi-timeframe agreement is CONFLICTED but 4h is BEARISH and 15m BULLISH is short-term only"",
    ""Liquidity sweep high detected, suggesting potential rejection from resistance"",
    ""Volume ratio very low (0.0035), indicating lack of buying conviction for a breakout"",
    ""Funding positive (0.0179% per 8h), favoring shorts with longs paying""
  ],
  ""reasons_against_trade"": [
    ""Price is very close to micro support (59443) with only 0.97% distance, increasing bounce risk"",
    ""Reversal risk score is high (69), indicating potential for mean reversion"",
    ""ADX below 25 (18.15), market not strongly trending - continuation less certain"",
    ""Higher low detected on micro structure, suggesting some buying interest"",
    ""Entry near support historically reduces short expectancy without strong bearish continuation""
  ],
  ""bull_score"": 3,
  ""bear_score"": 7
}
```

Direction: SHORT
Win probability: 62
Long score: 28
Short score: 72
Bull score: 3
Bear score: 7
Decision: APPROVE
Reason: Bearish regime, structure, and trend health dominate. Price near micro resistance with liquidity sweep high suggests rejection. Low volume and positive funding support short. Reversal risk is elevated but not confirmed by structure shift or momentum - continuation favored. Entry zone set above current price for pullback short.",60075.24,60227.0,MAKER,TAKER,0.033322,19.24,134.124,-5.04,-5.05,0.0,0.0,-0.01,-0.01,-25.22,632.059079,STOP_LOSS,11.859998,0.015363,-1.2e-05,0.136034,False,True,"{'price': 60039.0, 'ret_1m': 0.0, 'ret_5m': 0.0, 'ema9': 60084.14220230641, 'ema21': 59921.61925847248, 'ema200': 60555.64938327296, 'dist_to_support': 0.029405405405405406, 'dist_to_resistance': 0.011575883575883576, 'volume': 0.04458978, 'volume_ratio': 0.015362552962324524, 'delta': 11.859997715999626, 'velocity': -1.1654234728601525e-05, 'imbalance': 0.13603405515312508, 'candle_range': 313.9, 'body_ratio': 0.47698005450771247, 'wick_ratio': 0.5230199454922875}",3.3,"{'early_fail_enabled': True, 'invert_signal': False, 'ai_enabled': True, 'edge_threshold': 3.0, 'edge_threshold_max': None, 'edge_range_preset': 'min_only', 'ai_threshold': 44.0, 'leverage': 100, 'pullback_threshold': 0.001}","{'ema9': 60084.14220230641, 'ema21': 59921.61925847248, 'ema200': 60555.64938327296, 'ema_spread': 0.002712, 'ema9_slope_pct': 0.2083, 'ema21_slope_pct': 0.1684, 'ema9_above_ema21': True, 'ema21_above_ema200': False}",WEAK_SETUP,3.3,3.3,False,True,INV_False_EF_True,SHORT,10,6,SCENARIO_C_RUNNER_10_v4,40.0,10.0,-12.0,2.0,8.0,300,1,2,-32.0,False,False,True,False,480,3,5.0,False,5,0.75,"[[10, 6], [19, 17], [40, 28], [60, 45], [80, 60], [100, 75], [150, 120]]","{""trail_ladder"": [[10, 6], [19, 17], [40, 28], [60, 45], [80, 60], [100, 75], [150, 120]], ""ladder_first_trigger_pct"": 10, ""ladder_first_lock_pct"": 6, ""exit_profile_id"": ""SCENARIO_C_RUNNER_10_v4"", ""peak_never_loser_min_peak"": 40.0, ""peak_never_loser_floor"": 10.0, ""thesis_fast_exit_unreal_pct"": -12.0, ""thesis_mfe_protect_pct"": 2.0, ""thesis_exit_if_above_unreal_pct"": 8.0, ""thesis_min_age_sec"": 300, ""thesis_score_flip_margin"": 1, ""thesis_early_decay_delta"": 2, ""early_fail_pct_threshold"": -32.0, ""type_a_first_candle_enabled"": false, ""type_a_early_fail_enabled"": false, ""scenario_c_exit_profile"": true, ""type_a_stall_enabled"": false, ""type_a_stall_min_age_sec"": 480, ""type_a_stall_min_candles"": 3, ""type_a_stall_max_mfe_pct"": 5.0, ""trend_weakening_enabled"": false, ""spread_penalty_threshold"": 5, ""spread_penalty_margin_mult"": 0.75}",2026-06-26T16:34:45.033480+00:00,2026-06-27 02:34:45 AEST,2026-06-27 02:34:45 AEST
2026-06-26T16:50:29.611909+00:00,vc603-0660a09ab31a,SHORT,60225.0,60205.93,1.217583,3.17,20.0,4,0.63,0.63,0.0,0.0,-0.0,-0.0,PROFIT_LOCK_LADDER,100,0.11,62,44.0,True,SIM_LIMIT,AI_DIRECT_LIMIT,,,,,0,BEAR,SR,60-70,SPAWN,-3,-3,BEARISH_STRUCTURE,CONFLICTED,16.99,-3,3,7,0.01791,bitfinex,tBTCF0:USTF0,v11.1-virtual-chase-known-combos-v1,BITFINEX_ZERO,v11.1-virtual-chase-known-combos-v1,AI60_SP3_VIRTUAL_CHASE,AI60+ · Spread >=3 · Virtual Chase,APPROVE,60219.0,0.011677,0.029309,NEAR_RESISTANCE,0.002384,1.0,236.6,1.217588,-0.498132,11.789124,13.268,13.268,13.268,0-5m,AI_DIRECT,AI_DIRECT,0,,6.0,0.0,0.031,0.031,False,0.0,0.0,-0.000909,3e-06,0.010048,1.212259,-2.553765,0.0,0.020763,60198.0,60092.339009,59953.456187,60541.073682,0.002317,NEAR_RESISTANCE,SHORT_PREFERRED,0.011677,0.029309,BEAR,3.0,44.0,0.0,100,2.4,True,True,APPROVE,62,"```json
{
  ""direction"": ""SHORT"",
  ""confidence"": 62,
  ""long_score"": 30,
  ""short_score"": 68,
  ""preferred_direction"": ""SHORT"",
  ""entry_zone_low"": 60150,
  ""entry_zone_high"": 60300,
  ""limit_price"": 60225,
  ""expected_mfe"": 180,
  ""expected_mae"": 120,
  ""reversal_probability"": 25,
  ""exit_style"": ""AGGRESSIVE"",
  ""reasons_for_trade"": [
    ""BEAR regime with bearish structure (structure_score -3, last swings LL/HL/LL/HL/HL)"",
    ""Price near resistance (dist_to_resistance 1.17%) with SHORT_PREFERRED sr_bias"",
    ""Bearish trend health (bear_score 6 vs bull_score 4, base_state BEAR)"",
    ""EMA200 above price (-0.70%) acting as overhead resistance, no bullish stack"",
    ""Liquidity sweep of recent high (60821) suggests potential rejection from resistance zone"",
    ""Funding positive (0.0179% per 8h) favoring shorts, longs paying"",
    ""Volume ratio elevated (1.76) with negative delta (-2.89) supporting bearish orderflow"",
    ""Market regime just exited compression into expansion - bearish continuation likely""
  ],
  ""reasons_against_trade"": [
    ""Price near micro support (60003) - short entry near support increases bounce risk"",
    ""MTF conflicted (15m bullish, 1h ranging, 4h bearish) - no strong alignment"",
    ""ADX below 25 (16.99) - trend strength weak, mean reversion risk present"",
    ""Higher low detected (HL in swing labels) - potential for micro reversal"",
    ""Edge score (2.4) below threshold (3.0) - signal quality not optimal""
  ],
  ""bull_score"": 3,
  ""bear_score"": 7
}
```

**Direction:** SHORT  
**Win probability:** 62%  
**Long score:** 30  
**Short score:** 68  
**Bull score:** 3/10  
**Bear score:** 7/10  
**Decision:** APPROVE  

**Reason:** The bearish case dominates across trend hierarchy (BEAR regime, bearish structure, bearish trend health, negative delta, positive funding favoring shorts). Price is near resistance (1.17% away) with a liquidity sweep of the recent high, suggesting a potential rejection. The short score (68) exceeds the long score (30) by more than the required 5-point threshold. However, the weak ADX (16.99) and proximity to micro support (60003) introduce bounce risk, capping confidence at 62% and warranting an AGGRESSIVE exit style. Entry is set above current price (pullback to 60225) to avoid chasing into support.",60225.0,60205.93,MAKER,TAKER,0.033212,6.0,13.268,0.63,0.63,0.0,0.0,-0.0,-0.0,3.17,73.055359,PROFIT_LOCK_LADDER,-2.553765,1.212259,3e-06,0.020763,False,True,"{'price': 60198.0, 'ret_1m': 4.9838026414154e-05, 'ret_5m': 0.0007980049875311721, 'ema9': 60092.33900947611, 'ema21': 59953.45618656685, 'ema200': 60541.07368164439, 'dist_to_support': 0.029308538066168767, 'dist_to_resistance': 0.011676840932151234, 'volume': 0.01004793, 'volume_ratio': 1.2122590281078103, 'delta': -2.5537647190004713, 'velocity': 3.331115705274775e-06, 'imbalance': 0.020763357046712307, 'candle_range': 236.6, 'body_ratio': 0.5696266037453132, 'wick_ratio': 0.4303733962546869}",2.4,"{'early_fail_enabled': True, 'invert_signal': False, 'ai_enabled': True, 'edge_threshold': 3.0, 'edge_threshold_max': None, 'edge_range_preset': 'min_only', 'ai_threshold': 44.0, 'leverage': 100, 'pullback_threshold': 0.001}","{'ema9': 60092.33900947611, 'ema21': 59953.45618656685, 'ema200': 60541.07368164439, 'ema_spread': 0.002317, 'ema9_slope_pct': 0.024, 'ema21_slope_pct': 0.0844, 'ema9_above_ema21': True, 'ema21_above_ema200': False}",WEAK_SETUP,2.4,2.4,False,True,INV_False_EF_True,SHORT,10,6,SCENARIO_C_RUNNER_10_v4,40.0,10.0,-12.0,2.0,8.0,300,1,2,-32.0,False,False,True,False,480,3,5.0,False,5,0.75,"[[10, 6], [19, 17], [40, 28], [60, 45], [80, 60], [100, 75], [150, 120]]","{""trail_ladder"": [[10, 6], [19, 17], [40, 28], [60, 45], [80, 60], [100, 75], [150, 120]], ""ladder_first_trigger_pct"": 10, ""ladder_first_lock_pct"": 6, ""exit_profile_id"": ""SCENARIO_C_RUNNER_10_v4"", ""peak_never_loser_min_peak"": 40.0, ""peak_never_loser_floor"": 10.0, ""thesis_fast_exit_unreal_pct"": -12.0, ""thesis_mfe_protect_pct"": 2.0, ""thesis_exit_if_above_unreal_pct"": 8.0, ""thesis_min_age_sec"": 300, ""thesis_score_flip_margin"": 1, ""thesis_early_decay_delta"": 2, ""early_fail_pct_threshold"": -32.0, ""type_a_first_candle_enabled"": false, ""type_a_early_fail_enabled"": false, ""scenario_c_exit_profile"": true, ""type_a_stall_enabled"": false, ""type_a_stall_min_age_sec"": 480, ""type_a_stall_min_candles"": 3, ""type_a_stall_max_mfe_pct"": 5.0, ""trend_weakening_enabled"": false, ""spread_penalty_threshold"": 5, ""spread_penalty_margin_mult"": 0.75}",2026-06-26T16:50:29.611909+00:00,2026-06-27 02:50:29 AEST,2026-06-27 02:50:29 AEST
2026-06-26T16:58:17.229848+00:00,cont-7aeedd352572,SHORT,60149.44,60117.0,3.229252,5.41,20.0,4,1.08,1.08,0.0,0.0,-0.0,-0.0,PROFIT_LOCK_LADDER,100,0.18,62,44.0,True,SIM_LIMIT,AI_DIRECT_LIMIT,,,,,0,BEAR,SR,60-70,SPAWN,-3,-3,BEARISH_STRUCTURE,CONFLICTED,16.99,-3,3,7,0.01791,bitfinex,tBTCF0:USTF0,v11.1-virtual-chase-known-combos-v1,BITFINEX_ZERO,v11.1-virtual-chase-known-combos-v1,CONTINUOUS,Continuous AI Research,APPROVE,60100.0,0.011324,0.029647,NEAR_RESISTANCE,0.002233,0.698382,236.6,3.229253,-5.579437,14.703379,183.141,183.141,183.141,0-5m,AI_DIRECT,AI_DIRECT_CHASE,2,,49.44,0.0,0.0,0.0,False,0.0,0.0,-0.002412,-2e-05,0.021988,0.010692,-1.838311,0.0,0.014687,60107.0,60105.739009,59959.547096,60541.740348,0.002438,NEAR_RESISTANCE,SHORT_PREFERRED,0.011324,0.029647,BEAR,3.0,44.0,0.0,100,2.4,True,True,APPROVE,62,"```json
{
  ""direction"": ""SHORT"",
  ""confidence"": 62,
  ""long_score"": 28,
  ""short_score"": 72,
  ""preferred_direction"": ""SHORT"",
  ""entry_zone_low"": 60150,
  ""entry_zone_high"": 60250,
  ""limit_price"": 60200,
  ""expected_mfe"": 180,
  ""expected_mae"": 80,
  ""reversal_probability"": 25,
  ""exit_style"": ""AGGRESSIVE"",
  ""reasons_for_trade"": [
    ""Bearish trend health intact (bear_score 6 vs bull_score 4)"",
    ""Market structure bearish with LL/HL sequence and structure_score -3"",
    ""Price near resistance (1.13% away) with SHORT_PREFERRED sr_bias"",
    ""Negative velocity and delta (-1.75) support bearish orderflow"",
    ""EMA200 above price (-0.66%) acting as overhead resistance"",
    ""Funding positive (0.018% per 8h) favoring shorts"",
    ""Liquidity sweep of recent high suggests potential rejection""
  ],
  ""reasons_against_trade"": [
    ""MTF conflicted (15m bullish, 1h ranging, 4h bearish) reduces conviction"",
    ""ADX below 25 (16.99) indicates weak trend strength, risk of mean reversion"",
    ""Price near micro support (60003) could cause bounce"",
    ""Volume ratio only slightly above average (1.08)"",
    ""Entry near support zone increases bounce risk for short""
  ],
  ""bull_score"": 3,
  ""bear_score"": 7
}
```",60149.44,60117.0,MAKER,TAKER,0.033278,49.44,183.141,1.08,1.08,0.0,0.0,-0.0,-0.0,5.41,193.755219,PROFIT_LOCK_LADDER,-1.838311,0.010692,-2e-05,0.014687,False,True,"{'price': 60118.0, 'ret_1m': 0.0, 'ret_5m': -0.0003491910407555829, 'ema9': 60105.73900947611, 'ema21': 59959.547095657756, 'ema200': 60541.740348311054, 'dist_to_support': 0.0296474891918856, 'dist_to_resistance': 0.011323578317259728, 'volume': 0.021988387, 'volume_ratio': 0.010691639589451388, 'delta': -1.838311089000483, 'velocity': -1.995640080718161e-05, 'imbalance': 0.014686546837833889, 'candle_range': 236.6, 'body_ratio': 0.5696266037453132, 'wick_ratio': 0.4303733962546869}",2.4,"{'early_fail_enabled': True, 'invert_signal': False, 'ai_enabled': True, 'edge_threshold': 3.0, 'edge_threshold_max': None, 'edge_range_preset': 'min_only', 'ai_threshold': 44.0, 'leverage': 100, 'pullback_threshold': 0.001}","{'ema9': 60105.73900947611, 'ema21': 59959.547095657756, 'ema200': 60541.740348311054, 'ema_spread': 0.002438, 'ema9_slope_pct': 0.0463, 'ema21_slope_pct': 0.0946, 'ema9_above_ema21': True, 'ema21_above_ema200': False}",MOMENTUM_SHORT,2.4,2.4,False,True,INV_False_EF_True,SHORT,10,6,SCENARIO_C_RUNNER_10_v4,40.0,10.0,-12.0,2.0,8.0,300,1,2,-32.0,False,False,True,False,480,3,5.0,False,5,0.75,"[[10, 6], [19, 17], [40, 28], [60, 45], [80, 60], [100, 75], [150, 120]]","{""trail_ladder"": [[10, 6], [19, 17], [40, 28], [60, 45], [80, 60], [100, 75], [150, 120]], ""ladder_first_trigger_pct"": 10, ""ladder_first_lock_pct"": 6, ""exit_profile_id"": ""SCENARIO_C_RUNNER_10_v4"", ""peak_never_loser_min_peak"": 40.0, ""peak_never_loser_floor"": 10.0, ""thesis_fast_exit_unreal_pct"": -12.0, ""thesis_mfe_protect_pct"": 2.0, ""thesis_exit_if_above_unreal_pct"": 8.0, ""thesis_min_age_sec"": 300, ""thesis_score_flip_margin"": 1, ""thesis_early_decay_delta"": 2, ""early_fail_pct_threshold"": -32.0, ""type_a_first_candle_enabled"": false, ""type_a_early_fail_enabled"": false, ""scenario_c_exit_profile"": true, ""type_a_stall_enabled"": false, ""type_a_stall_min_age_sec"": 480, ""type_a_stall_min_candles"": 3, ""type_a_stall_max_mfe_pct"": 5.0, ""trend_weakening_enabled"": false, ""spread_penalty_threshold"": 5, ""spread_penalty_margin_mult"": 0.75}",2026-06-26T16:58:17.229848+00:00,2026-06-27 02:58:17 AEST,2026-06-27 02:58:17 AEST
2026-06-26T17:03:07.698116+00:00,vc603-1a94e238c49d,SHORT,60099.93,60157.0,2.011537,-9.49,20.0,4,-1.9,-1.9,0.0,0.0,-0.0,-0.0,THESIS_FAST_CUT,100,0.32,62,44.0,True,SIM_LIMIT,AI_DIRECT_LIMIT,,,,,0,BEAR,SR,60-70,SPAWN,-3,-3,BEARISH_STRUCTURE,MIXED,16.88,-3,3,7,0.01791,bitfinex,tBTCF0:USTF0,v11.1-virtual-chase-known-combos-v1,BITFINEX_ZERO,v11.1-virtual-chase-known-combos-v1,AI60_SP3_VIRTUAL_CHASE,AI60+ · Spread >=3 · Virtual Chase,APPROVE,60111.0,0.011997,0.029002,NEAR_RESISTANCE,0.002092,1.0,236.6,2.011538,-12.823642,0.0,147.887,147.887,147.887,0-5m,AI_DIRECT,AI_DIRECT_CHASE,6,,11.07,0.0,0.0,0.0,False,0.0,0.0,-0.001503,4.2e-05,0.059711,1.10128,-8.476724,0.0,0.062273,60111.0,60083.139009,59949.274368,60540.61597,0.002233,NEAR_RESISTANCE,SHORT_PREFERRED,0.011997,0.029002,BEAR,3.0,44.0,0.0,100,2.2,True,True,APPROVE,62,"```json
{
  ""direction"": ""SHORT"",
  ""confidence"": 62,
  ""long_score"": 30,
  ""short_score"": 70,
  ""preferred_direction"": ""SHORT"",
  ""entry_zone_low"": 60150,
  ""entry_zone_high"": 60300,
  ""limit_price"": 60225,
  ""expected_mfe"": 180,
  ""expected_mae"": 120,
  ""reversal_probability"": 63,
  ""exit_style"": ""AGGRESSIVE"",
  ""reasons_for_trade"": [
    ""BEAR regime with intact trend health (bear_score 6 vs bull_score 4)"",
    ""Price near resistance (1.2% away) with SHORT_PREFERRED SR bias"",
    ""Market structure shows BEAR_CONTINUATION with lower highs sequence"",
    ""Multi-timeframe agreement: 4h BEARISH, 15m/1h RANGING - no bullish alignment"",
    ""EMA stack not fully bearish but price below EMA200 (-0.73%) and EMA9 slope positive but weak"",
    ""Liquidity sweep high occurred (bearish trap), no sweep low yet - potential for move down"",
    ""Funding positive (0.0179% per 8h) - shorts pay, but rate is moderate, not extreme"",
    ""Volume ratio low (0.37) - lack of buying conviction on recent bounce"",
    ""Delta negative (-8.66) - selling pressure present"",
    ""Edge score (2.2) below threshold (3.0) - no strong edge, but bearish context favors short""
  ],
  ""reasons_against_trade"": [
    ""Price near micro support (60003) - short entry near support has reduced expectancy"",
    ""Reversal risk score elevated (63) - higher chance of bounce from current levels"",
    ""ADX low (16.88) - not trending strongly, mean reversion risk"",
    ""Higher low detected - micro structure shows some buying interest"",
    ""Compression regime - could break either direction, not purely bearish"",
    ""EMA9 above EMA21 - short-term momentum slightly bullish"",
    ""Volume ratio low - lack of conviction in either direction""
  ],
  ""bull_score"": 3,
  ""bear_score"": 7
}
```

**Direction:** SHORT  
**Win probability:** 62%  
**Long score:** 30  
**Short score:** 70  
**Bull score:** 3/10  
**Bear score:** 7/10  
**Decision:** APPROVE  

**Reasoning:**  
The bearish case is stronger across multiple dimensions: trend health (bear_score 6 vs 4), market structure (BEAR_CONTINUATION), multi-timeframe alignment (4h bearish, no bullish agreement), and orderflow (negative delta, low volume ratio). Price is near resistance (1.2% away) with a SHORT_PREFERRED SR bias. The liquidity sweep high suggests a bearish trap, and no sweep low yet leaves room for downside. However, the short entry near support (60003) and elevated reversal risk (63) temper confidence. The ADX is low (16.88), indicating a ranging environment, so this is not a strong trend continuation trade - more of a mean-reversion short from resistance. The score gap (70 vs 30) exceeds the 5-point threshold, supporting an APPROVE decision. Entry is set above current price (pullback to 60225) to avoid chasing. Exit style is AGGRESSIVE due to proximity to support and compression regime.",60099.93,60157.0,MAKER,TAKER,0.033306,11.07,147.887,-1.9,-1.9,0.0,0.0,-0.0,-0.0,-9.49,120.692304,THESIS_FAST_CUT,-8.476724,1.10128,4.2e-05,0.062273,False,True,"{'price': 60111.0, 'ret_1m': 0.0, 'ret_5m': 0.0005326320344879242, 'ema9': 60083.13900947611, 'ema21': 59949.27436838503, 'ema200': 60540.6159702016, 'dist_to_support': 0.029001663893510814, 'dist_to_resistance': 0.01199667221297837, 'volume': 0.059710666999999995, 'volume_ratio': 1.1012801702580841, 'delta': -8.476724165000594, 'velocity': 4.160561727587439e-05, 'imbalance': 0.06227264802473167, 'candle_range': 236.6, 'body_ratio': 0.5696266037453132, 'wick_ratio': 0.4303733962546869}",2.2,"{'early_fail_enabled': True, 'invert_signal': False, 'ai_enabled': True, 'edge_threshold': 3.0, 'edge_threshold_max': None, 'edge_range_preset': 'min_only', 'ai_threshold': 44.0, 'leverage': 100, 'pullback_threshold': 0.001}","{'ema9': 60083.13900947611, 'ema21': 59949.27436838503, 'ema200': 60540.6159702016, 'ema_spread': 0.002233, 'ema9_slope_pct': 0.0087, 'ema21_slope_pct': 0.0774, 'ema9_above_ema21': True, 'ema21_above_ema200': False}",WEAK_SETUP,2.2,2.2,False,True,INV_False_EF_True,SHORT,10,6,SCENARIO_C_RUNNER_10_v4,40.0,10.0,-12.0,2.0,8.0,300,1,2,-32.0,False,False,True,False,480,3,5.0,False,5,0.75,"[[10, 6], [19, 17], [40, 28], [60, 45], [80, 60], [100, 75], [150, 120]]","{""trail_ladder"": [[10, 6], [19, 17], [40, 28], [60, 45], [80, 60], [100, 75], [150, 120]], ""ladder_first_trigger_pct"": 10, ""ladder_first_lock_pct"": 6, ""exit_profile_id"": ""SCENARIO_C_RUNNER_10_v4"", ""peak_never_loser_min_peak"": 40.0, ""peak_never_loser_floor"": 10.0, ""thesis_fast_exit_unreal_pct"": -12.0, ""thesis_mfe_protect_pct"": 2.0, ""thesis_exit_if_above_unreal_pct"": 8.0, ""thesis_min_age_sec"": 300, ""thesis_score_flip_margin"": 1, ""thesis_early_decay_delta"": 2, ""early_fail_pct_threshold"": -32.0, ""type_a_first_candle_enabled"": false, ""type_a_early_fail_enabled"": false, ""scenario_c_exit_profile"": true, ""type_a_stall_enabled"": false, ""type_a_stall_min_age_sec"": 480, ""type_a_stall_min_candles"": 3, ""type_a_stall_max_mfe_pct"": 5.0, ""trend_weakening_enabled"": false, ""spread_penalty_threshold"": 5, ""spread_penalty_margin_mult"": 0.75}",2026-06-26T17:03:07.698116+00:00,2026-06-27 03:03:07 AEST,2026-06-27 03:03:07 AEST
2026-06-26T17:08:05.325105+00:00,cont-9026d93c2cb3,SHORT,60175.75,60195.0,5.002289,-3.18,20.0,4,-0.64,-0.64,0.0,0.0,-0.0,-0.0,THESIS_INVALIDATED,100,0.11,62,44.0,True,SIM_LIMIT,AI_DIRECT_LIMIT,,,,,0,BEAR,SR,60-70,SPAWN,-3,-3,BEARISH_STRUCTURE,CONFLICTED,16.37,-3,3,7,0.01791,bitfinex,tBTCF0:USTF0,v11.1-virtual-chase-known-combos-v1,BITFINEX_ZERO,v11.1-virtual-chase-known-combos-v1,CONTINUOUS,Continuous AI Research,APPROVE,60118.0,0.011694,0.029292,NEAR_RESISTANCE,0.002193,1.0,186.1,5.00229,-9.347619,8.10127,65.194,65.194,65.194,0-5m,AI_DIRECT,AI_DIRECT_CHASE,1,,57.75,0.0,0.0,0.0,False,0.0,0.0,-0.003737,2.5e-05,0.007969,0.055394,-8.198124,0.0,0.059886,60118.0,60091.951208,59965.439508,60533.688596,0.00211,NEAR_RESISTANCE,SHORT_PREFERRED,0.011694,0.029292,BEAR,3.0,44.0,0.0,100,0.7,True,True,APPROVE,62,"```json
{
  ""direction"": ""SHORT"",
  ""confidence"": 62,
  ""long_score"": 28,
  ""short_score"": 72,
  ""preferred_direction"": ""SHORT"",
  ""entry_zone_low"": 60150,
  ""entry_zone_high"": 60250,
  ""limit_price"": 60200,
  ""expected_mfe"": 0.0045,
  ""expected_mae"": 0.0035,
  ""reversal_probability"": 63,
  ""exit_style"": ""AGGRESSIVE"",
  ""reasons_for_trade"": [
    ""Trend hierarchy strongly bearish: BEAR regime, BEARISH_STRUCTURE, bearish EMA stack (price below EMA200, EMA21 below EMA200), and trend_health_state BEAR with bear_score 6 vs bull_score 4."",
    ""Multi-timeframe agreement is CONFLICTED but 4h is BEARISH and 1h is RANGING, no bullish alignment to override bearish HTF."",
    ""Market structure shows LH/LL sequence active, last swing high at 60650, structure_score -3, and BULL_TO_BEAR_SHIFT detected - bearish momentum intact."",
    ""Price is near resistance (dist_to_resistance 1.17%) and micro_resistance at 60650, with liquidity sweep high already occurred - potential for rejection from resistance zone."",
    ""Orderflow shows negative delta (-8.2) and imbalance slightly positive (0.059) but volume_ratio very low (0.055) suggesting low participation - bearish pressure may resume on volume pickup."",
    ""Funding rate positive (0.0179% per 8h) favoring shorts, consistent with bearish bias."",
    ""ADX at 16.37 (<25) indicates weak trend, but bearish structure and EMA alignment still favor continuation over reversal.""
  ],
  ""reasons_against_trade"": [
    ""Price is near micro_support at 60003 (distance 0.19%) - short entry near support carries bounce risk, especially with reversal_probability at 63."",
    ""Market regime is COMPRESSION (duration 419s) - low volatility environment may lead to false breakouts or range-bound behavior."",
    ""Multi-timeframe is CONFLICTED (15m BULLISH, 1h RANGING, 4h BEARISH) - short-term bullish bias could cause a squeeze."",
    ""Volume_ratio extremely low (0.055) - lack of conviction in current move, potential for fakeout."",
    ""Reversal risk score elevated (63) - higher chance of mean reversion from current levels.""
  ],
  ""bull_score"": 3,
  ""bear_score"": 7
}
```",60175.75,60195.0,MAKER,TAKER,0.033268,57.75,65.194,-0.64,-0.64,0.0,0.0,-0.0,-0.0,-3.18,300.137465,THESIS_INVALIDATED,-8.198124,0.055394,2.5e-05,0.059886,False,True,"{'price': 60118.0, 'ret_1m': 0.0001663672056964131, 'ret_5m': 0.0006491452920321576, 'ema9': 60091.95120758089, 'ema21': 59965.43950845105, 'ema200': 60533.688595835876, 'dist_to_support': 0.029292391629794738, 'dist_to_resistance': 0.011693669117402442, 'volume': 0.007969267, 'volume_ratio': 0.055393736644583316, 'delta': -8.198124157000617, 'velocity': 2.4964986215181826e-05, 'imbalance': 0.059885994843737834, 'candle_range': 186.1, 'body_ratio': 0.627490681415216, 'wick_ratio': 0.37250931858478403}",0.7,"{'early_fail_enabled': True, 'invert_signal': False, 'ai_enabled': True, 'edge_threshold': 3.0, 'edge_threshold_max': None, 'edge_range_preset': 'min_only', 'ai_threshold': 44.0, 'leverage': 100, 'pullback_threshold': 0.001}","{'ema9': 60091.95120758089, 'ema21': 59965.43950845105, 'ema200': 60533.688595835876, 'ema_spread': 0.00211, 'ema9_slope_pct': 0.0193, 'ema21_slope_pct': 0.076, 'ema9_above_ema21': True, 'ema21_above_ema200': False}",WEAK_SETUP,0.7,0.7,False,True,INV_False_EF_True,SHORT,10,6,SCENARIO_C_RUNNER_10_v4,40.0,10.0,-12.0,2.0,8.0,300,1,2,-32.0,False,False,True,False,480,3,5.0,False,5,0.75,"[[10, 6], [19, 17], [40, 28], [60, 45], [80, 60], [100, 75], [150, 120]]","{""trail_ladder"": [[10, 6], [19, 17], [40, 28], [60, 45], [80, 60], [100, 75], [150, 120]], ""ladder_first_trigger_pct"": 10, ""ladder_first_lock_pct"": 6, ""exit_profile_id"": ""SCENARIO_C_RUNNER_10_v4"", ""peak_never_loser_min_peak"": 40.0, ""peak_never_loser_floor"": 10.0, ""thesis_fast_exit_unreal_pct"": -12.0, ""thesis_mfe_protect_pct"": 2.0, ""thesis_exit_if_above_unreal_pct"": 8.0, ""thesis_min_age_sec"": 300, ""thesis_score_flip_margin"": 1, ""thesis_early_decay_delta"": 2, ""early_fail_pct_threshold"": -32.0, ""type_a_first_candle_enabled"": false, ""type_a_early_fail_enabled"": false, ""scenario_c_exit_profile"": true, ""type_a_stall_enabled"": false, ""type_a_stall_min_age_sec"": 480, ""type_a_stall_min_candles"": 3, ""type_a_stall_max_mfe_pct"": 5.0, ""trend_weakening_enabled"": false, ""spread_penalty_threshold"": 5, ""spread_penalty_margin_mult"": 0.75}",2026-06-26T17:08:05.325105+00:00,2026-06-27 03:08:05 AEST,2026-06-27 03:08:05 AEST
2026-06-26T17:13:23.261741+00:00,vc603-905865ba8e24,SHORT,60215.36,60244.0,5.001114,-4.74,20.0,4,-0.95,-0.95,0.0,0.0,-0.0,-0.0,THESIS_INVALIDATED,100,0.16,62,44.0,True,SIM_MARKET,AI_DIRECT_LIMIT,,,,,0,BEAR,SR,60-70,SPAWN,-3,-3,BEARISH_STRUCTURE,CONFLICTED,16.37,-3,3,7,0.01791,bitfinex,tBTCF0:USTF0,v11.1-virtual-chase-known-combos-v1,BITFINEX_ZERO,v11.1-virtual-chase-known-combos-v1,AI60_SP3_VIRTUAL_CHASE,AI60+ · Spread >=3 · Virtual Chase,APPROVE,60216.0,0.010299,0.030631,NEAR_RESISTANCE,0.002402,1.0,186.1,5.001115,-20.532967,7.366891,190.064,190.064,190.064,0-5m,AI_DIRECT,AI_DIRECT_CHASE,6,,0.64,0.0,0.0,0.0,False,0.0,0.0,-0.003735,0.000116,0.014651,0.037958,-8.537185,0.0,0.062176,60201.0,60112.751208,59974.894054,60534.723422,0.002299,NEAR_RESISTANCE,SHORT_PREFERRED,0.010299,0.030631,BEAR,3.0,44.0,0.0,100,2.3,True,True,APPROVE,62,"```json
{
  ""direction"": ""SHORT"",
  ""confidence"": 62,
  ""long_score"": 30,
  ""short_score"": 70,
  ""preferred_direction"": ""SHORT"",
  ""entry_zone_low"": 60250,
  ""entry_zone_high"": 60400,
  ""limit_price"": 60325,
  ""expected_mfe"": 180,
  ""expected_mae"": 120,
  ""reversal_probability"": 63,
  ""exit_style"": ""AGGRESSIVE"",
  ""reasons_for_trade"": [
    ""Trend health state is BEAR with bear_score 6 vs bull_score 4"",
    ""Market structure bias is BEARISH_STRUCTURE with structure_score -3"",
    ""Price is near resistance (1.03% away) in a bear regime, favoring short continuation"",
    ""EMA200 is above price (-0.55%), confirming longer-term bearish alignment"",
    ""Multi-timeframe trends are conflicted but 4h is BEARISH, and 15m BULLISH may be a pullback within downtrend"",
    ""Liquidity sweep high detected, suggesting potential rejection at resistance"",
    ""Funding rate positive (0.0179% per 8h), favoring shorts as longs pay"",
    ""ADX at 16.37 is below 25, but trend strength is still bearish with no strong reversal signals""
  ],
  ""reasons_against_trade"": [
    ""Price is near micro support (0.33% away) and has formed a higher low, increasing bounce risk"",
    ""Reversal probability is 63, indicating moderate reversal risk from current levels"",
    ""EMA9 and EMA21 are above price, suggesting short-term bullish momentum"",
    ""Volume ratio is very low (0.038), indicating lack of conviction in current move"",
    ""Market regime is COMPRESSION, which can lead to sudden expansions in either direction"",
    ""Edge score (2.3) is below threshold (3.0), suggesting weak edge for this setup""
  ],
  ""bull_score"": 3,
  ""bear_score"": 7
}
```",60215.36,60244.0,TAKER,TAKER,0.033237,0.64,190.064,-0.95,-0.95,0.0,0.0,-0.0,-0.0,-4.74,300.066942,THESIS_INVALIDATED,-8.537185,0.037958,0.000116,0.062176,False,True,"{'price': 60201.0, 'ret_1m': -0.0005146765838756807, 'ret_5m': 0.0011641249937636162, 'ema9': 60112.75120758089, 'ema21': 59974.89405390559, 'ema200': 60534.72342170653, 'dist_to_support': 0.03063072041992658, 'dist_to_resistance': 0.01029883224531154, 'volume': 0.014651419999999998, 'volume_ratio': 0.037958008383288895, 'delta': -8.537185498000575, 'velocity': 0.00011642194184747858, 'imbalance': 0.062175539260960956, 'candle_range': 186.1, 'body_ratio': 0.627490681415216, 'wick_ratio': 0.37250931858478403}",2.3,"{'early_fail_enabled': True, 'invert_signal': False, 'ai_enabled': True, 'edge_threshold': 3.0, 'edge_threshold_max': None, 'edge_range_preset': 'min_only', 'ai_threshold': 44.0, 'leverage': 100, 'pullback_threshold': 0.001}","{'ema9': 60112.75120758089, 'ema21': 59974.89405390559, 'ema200': 60534.72342170653, 'ema_spread': 0.002299, 'ema9_slope_pct': 0.0539, 'ema21_slope_pct': 0.0918, 'ema9_above_ema21': True, 'ema21_above_ema200': False}",WEAK_SETUP,2.3,2.3,False,True,INV_False_EF_True,SHORT,10,6,SCENARIO_C_RUNNER_10_v4,40.0,10.0,-12.0,2.0,8.0,300,1,2,-32.0,False,False,True,False,480,3,5.0,False,5,0.75,"[[10, 6], [19, 17], [40, 28], [60, 45], [80, 60], [100, 75], [150, 120]]","{""trail_ladder"": [[10, 6], [19, 17], [40, 28], [60, 45], [80, 60], [100, 75], [150, 120]], ""ladder_first_trigger_pct"": 10, ""ladder_first_lock_pct"": 6, ""exit_profile_id"": ""SCENARIO_C_RUNNER_10_v4"", ""peak_never_loser_min_peak"": 40.0, ""peak_never_loser_floor"": 10.0, ""thesis_fast_exit_unreal_pct"": -12.0, ""thesis_mfe_protect_pct"": 2.0, ""thesis_exit_if_above_unreal_pct"": 8.0, ""thesis_min_age_sec"": 300, ""thesis_score_flip_margin"": 1, ""thesis_early_decay_delta"": 2, ""early_fail_pct_threshold"": -32.0, ""type_a_first_candle_enabled"": false, ""type_a_early_fail_enabled"": false, ""scenario_c_exit_profile"": true, ""type_a_stall_enabled"": false, ""type_a_stall_min_age_sec"": 480, ""type_a_stall_min_candles"": 3, ""type_a_stall_max_mfe_pct"": 5.0, ""trend_weakening_enabled"": false, ""spread_penalty_threshold"": 5, ""spread_penalty_margin_mult"": 0.75}",2026-06-26T17:13:23.261741+00:00,2026-06-27 03:13:23 AEST,2026-06-27 03:13:23 AEST
2026-06-26T17:16:10.110164+00:00,vc603-7004293fe8ef,SHORT,60306.07,60211.0,0.319571,15.77,20.0,4,3.15,3.15,0.0,0.0,-0.0,-0.0,PROFIT_LOCK_LADDER,100,0.53,62,44.0,True,SIM_MARKET,AI_DIRECT_LIMIT,,,,,0,BEAR,SR,60-70,SPAWN,-3,-3,BEARISH_STRUCTURE,CONFLICTED,16.6,-3,3,7,0.01791,bitfinex,tBTCF0:USTF0,v11.1-virtual-chase-known-combos-v1,BITFINEX_ZERO,v11.1-virtual-chase-known-combos-v1,AI60_SP3_VIRTUAL_CHASE,AI60+ · Spread >=3 · Virtual Chase,APPROVE,60289.0,0.008841,0.03203,NEAR_RESISTANCE,0.002301,0.43107,186.1,0.319573,0.0,20.739206,192.54,192.54,192.54,0-5m,AI_DIRECT,AI_DIRECT_CHASE,6,,17.07,0.0,0.0,0.0,False,0.0,0.0,-0.000239,2.3e-05,0.001314,0.018248,-5.656793,0.0,0.039833,60302.0,60124.351208,59980.166781,60535.300536,0.002404,NEAR_RESISTANCE,SHORT_PREFERRED,0.008841,0.03203,BEAR,3.0,44.0,0.0,100,1.8,True,True,APPROVE,62,"```json
{
  ""direction"": ""SHORT"",
  ""confidence"": 62,
  ""long_score"": 30,
  ""short_score"": 70,
  ""preferred_direction"": ""SHORT"",
  ""entry_zone_low"": 60350,
  ""entry_zone_high"": 60500,
  ""limit_price"": 60425,
  ""expected_mfe"": 180,
  ""expected_mae"": 120,
  ""reversal_probability"": 43,
  ""exit_style"": ""AGGRESSIVE"",
  ""reasons_for_trade"": [
    ""BEAR regime with bearish structure score (-3) and bearish trend health"",
    ""Price near resistance (0.88% away) with SHORT_PREFERRED SR bias"",
    ""EMA9 above EMA21 but both below EMA200, bearish stack alignment"",
    ""ADX 16.6 below 25, but trend health intact with bear_score 6 vs bull_score 4"",
    ""Liquidity sweep of recent high (60821) suggests potential rejection"",
    ""Funding positive (0.0179% per 8h) favoring shorts, longs paying"",
    ""Volume ratio very low (0.055) indicating lack of buying conviction near resistance"",
    ""Delta negative (-5.75) showing selling pressure""
  ],
  ""reasons_against_trade"": [
    ""MTF conflicted (15m/1h bullish, 4h bearish) reduces conviction"",
    ""ADX below 25 suggests non-trending/compression regime, risk of false breakout"",
    ""Price near micro support (60003) if rejection fails, limited downside room"",
    ""Reversal risk score 43 indicates moderate bounce potential"",
    ""Higher low detected on micro structure could indicate support forming""
  ],
  ""bull_score"": 3,
  ""bear_score"": 7
}
```

**Direction:** SHORT  
**Win probability:** 62%  
**Long score:** 30  
**Short score:** 70  
**Bull score:** 3/10  
**Bear score:** 7/10  
**Decision:** APPROVE  

**Reason:** The bearish case dominates across trend hierarchy (BEAR regime, bearish structure, bearish EMA alignment relative to EMA200, negative delta, positive funding). Price is near resistance (0.88% away) after a liquidity sweep of the recent high, which often precedes rejection. The low volume ratio and compression regime suggest the move up may lack follow-through. However, the conflicted MTF (15m/1h bullish) and ADX below 25 warrant caution - this is not a strong trending environment, so we use an aggressive exit style and a limit entry above current price (pullback to resistance zone). The short entry near support (micro support at 60003) has reduced expectancy, but the bearish continuation bias and resistance proximity justify the trade.",60306.07,60211.0,TAKER,TAKER,0.033183,17.07,192.54,3.15,3.15,0.0,0.0,-0.0,-0.0,15.77,19.174396,PROFIT_LOCK_LADDER,-5.656793,0.018248,2.3e-05,0.039833,False,True,"{'price': 60302.0, 'ret_1m': 0.0, 'ret_5m': -0.0002155351073530631, 'ema9': 60124.35120758089, 'ema21': 59980.16678117832, 'ema200': 60535.30053613439, 'dist_to_support': 0.032029591295116774, 'dist_to_resistance': 0.008840897027600849, 'volume': 0.0013138240000000003, 'volume_ratio': 0.01824790779069424, 'delta': -5.656792918000524, 'velocity': 2.3259165885367158e-05, 'imbalance': 0.039832924205175285, 'candle_range': 186.1, 'body_ratio': 0.627490681415216, 'wick_ratio': 0.37250931858478403}",1.8,"{'early_fail_enabled': True, 'invert_signal': False, 'ai_enabled': True, 'edge_threshold': 3.0, 'edge_threshold_max': None, 'edge_range_preset': 'min_only', 'ai_threshold': 44.0, 'leverage': 100, 'pullback_threshold': 0.001}","{'ema9': 60124.35120758089, 'ema21': 59980.16678117832, 'ema200': 60535.30053613439, 'ema_spread': 0.002404, 'ema9_slope_pct': 0.0733, 'ema21_slope_pct': 0.1006, 'ema9_above_ema21': True, 'ema21_above_ema200': False}",WEAK_SETUP,1.8,1.8,False,True,INV_False_EF_True,SHORT,10,6,SCENARIO_C_RUNNER_10_v4,40.0,10.0,-12.0,2.0,8.0,300,1,2,-32.0,False,False,True,False,480,3,5.0,False,5,0.75,"[[10, 6], [19, 17], [40, 28], [60, 45], [80, 60], [100, 75], [150, 120]]","{""trail_ladder"": [[10, 6], [19, 17], [40, 28], [60, 45], [80, 60], [100, 75], [150, 120]], ""ladder_first_trigger_pct"": 10, ""ladder_first_lock_pct"": 6, ""exit_profile_id"": ""SCENARIO_C_RUNNER_10_v4"", ""peak_never_loser_min_peak"": 40.0, ""peak_never_loser_floor"": 10.0, ""thesis_fast_exit_unreal_pct"": -12.0, ""thesis_mfe_protect_pct"": 2.0, ""thesis_exit_if_above_unreal_pct"": 8.0, ""thesis_min_age_sec"": 300, ""thesis_score_flip_margin"": 1, ""thesis_early_decay_delta"": 2, ""early_fail_pct_threshold"": -32.0, ""type_a_first_candle_enabled"": false, ""type_a_early_fail_enabled"": false, ""scenario_c_exit_profile"": true, ""type_a_stall_enabled"": false, ""type_a_stall_min_age_sec"": 480, ""type_a_stall_min_candles"": 3, ""type_a_stall_max_mfe_pct"": 5.0, ""trend_weakening_enabled"": false, ""spread_penalty_threshold"": 5, ""spread_penalty_margin_mult"": 0.75}",2026-06-26T17:16:10.110164+00:00,2026-06-27 03:16:10 AEST,2026-06-27 03:16:10 AEST
2026-06-26T17:27:02.746257+00:00,cont-c4d17327ef1c,SHORT,60193.5,60189.0,5.009598,0.77,20.0,4,0.15,0.15,0.0,0.0,-0.0,-0.0,THESIS_INVALIDATED,100,0.02,62,44.0,True,SIM_LIMIT,AI_DIRECT_LIMIT,,,,,0,BEAR,SR,60-70,SPAWN,-3,-3,BEARISH_STRUCTURE,CONFLICTED,16.54,-3,3,7,0.01791,bitfinex,tBTCF0:USTF0,v11.1-virtual-chase-known-combos-v1,BITFINEX_ZERO,v11.1-virtual-chase-known-combos-v1,CONTINUOUS,Continuous AI Research,APPROVE,60114.0,0.011492,0.029486,NEAR_RESISTANCE,0.002239,0.665292,321.2,5.009599,-9.386396,8.721872,50.816,50.816,50.816,0-5m,AI_DIRECT,AI_DIRECT_CHASE,1,,79.5,0.0,0.0,0.0,False,0.0,0.0,-0.003744,-2.5e-05,0.001741,0.169782,0.409507,0.0,0.813067,60104.0,60124.200966,59993.027652,60528.762179,0.002186,NEAR_RESISTANCE,SHORT_PREFERRED,0.011492,0.029486,BEAR,3.0,44.0,0.0,100,1.4,True,True,APPROVE,62,"```json
{
  ""direction"": ""SHORT"",
  ""confidence"": 62,
  ""long_score"": 30,
  ""short_score"": 70,
  ""preferred_direction"": ""SHORT"",
  ""entry_zone_low"": 60150,
  ""entry_zone_high"": 60300,
  ""limit_price"": 60225,
  ""expected_mfe"": 180,
  ""expected_mae"": 120,
  ""reversal_probability"": 33,
  ""exit_style"": ""AGGRESSIVE"",
  ""reasons_for_trade"": [
    ""BEAR regime with intact trend health (bear_score 6 vs bull_score 4)"",
    ""Market structure is BEARISH with recent LL/HL sequence and structure_score -3"",
    ""Price near resistance (1.15% away) with SHORT_PREFERRED SR bias"",
    ""EMA9 above EMA21 but both below EMA200 - bearish stack incomplete but price rejected at EMA200"",
    ""ADX 16.54 below 25 - not strongly trending, but bearish bias intact with no reversal confirmation"",
    ""Volume ratio elevated (7.12) suggesting active selling pressure"",
    ""Liquidity sweep high occurred - potential for rejection from resistance zone"",
    ""Funding positive (0.0179% per 8h) - shorts receive payment, favoring short positioning""
  ],
  ""reasons_against_trade"": [
    ""Price is very close to micro support (60003) - limited downside room before potential bounce"",
    ""MTF conflicted (15m bullish, 1h ranging, 4h bearish) - reduces conviction"",
    ""Higher low detected - could indicate micro support forming"",
    ""ADX below 25 suggests range-bound conditions, not strong trend continuation"",
    ""Entry near support zone historically reduces short expectancy without strong bearish momentum""
  ],
  ""bull_score"": 3,
  ""bear_score"": 7
}
```",60193.5,60189.0,MAKER,TAKER,0.03327,79.5,50.816,0.15,0.15,0.0,0.0,-0.0,-0.0,0.77,300.576009,THESIS_INVALIDATED,0.409507,0.169782,-2.5e-05,0.813067,False,True,"{'price': 60104.0, 'ret_1m': 0.0, 'ret_5m': -0.0003326458652118954, 'ema9': 60124.200966064716, 'ema21': 59993.027652313955, 'ema200': 60528.76217864158, 'dist_to_support': 0.029486113420921337, 'dist_to_resistance': 0.011491767836354565, 'volume': 0.001740935, 'volume_ratio': 0.16978223905655404, 'delta': 0.409507465, 'velocity': -2.4950514812288963e-05, 'imbalance': 0.8130673430943348, 'candle_range': 321.2, 'body_ratio': 0.45911932020414337, 'wick_ratio': 0.5408806797958565}",1.4,"{'early_fail_enabled': True, 'invert_signal': False, 'ai_enabled': True, 'edge_threshold': 3.0, 'edge_threshold_max': None, 'edge_range_preset': 'min_only', 'ai_threshold': 44.0, 'leverage': 100, 'pullback_threshold': 0.001}","{'ema9': 60124.200966064716, 'ema21': 59993.027652313955, 'ema200': 60528.76217864158, 'ema_spread': 0.002186, 'ema9_slope_pct': 0.0641, 'ema21_slope_pct': 0.0936, 'ema9_above_ema21': True, 'ema21_above_ema200': False}",WEAK_SETUP,1.4,1.4,False,True,INV_False_EF_True,SHORT,10,6,SCENARIO_C_RUNNER_10_v4,40.0,10.0,-12.0,2.0,8.0,300,1,2,-32.0,False,False,True,False,480,3,5.0,False,5,0.75,"[[10, 6], [19, 17], [40, 28], [60, 45], [80, 60], [100, 75], [150, 120]]","{""trail_ladder"": [[10, 6], [19, 17], [40, 28], [60, 45], [80, 60], [100, 75], [150, 120]], ""ladder_first_trigger_pct"": 10, ""ladder_first_lock_pct"": 6, ""exit_profile_id"": ""SCENARIO_C_RUNNER_10_v4"", ""peak_never_loser_min_peak"": 40.0, ""peak_never_loser_floor"": 10.0, ""thesis_fast_exit_unreal_pct"": -12.0, ""thesis_mfe_protect_pct"": 2.0, ""thesis_exit_if_above_unreal_pct"": 8.0, ""thesis_min_age_sec"": 300, ""thesis_score_flip_margin"": 1, ""thesis_early_decay_delta"": 2, ""early_fail_pct_threshold"": -32.0, ""type_a_first_candle_enabled"": false, ""type_a_early_fail_enabled"": false, ""scenario_c_exit_profile"": true, ""type_a_stall_enabled"": false, ""type_a_stall_min_age_sec"": 480, ""type_a_stall_min_candles"": 3, ""type_a_stall_max_mfe_pct"": 5.0, ""trend_weakening_enabled"": false, ""spread_penalty_threshold"": 5, ""spread_penalty_margin_mult"": 0.75}",2026-06-26T17:27:02.746257+00:00,2026-06-27 03:27:02 AEST,2026-06-27 03:27:02 AEST
2026-06-26T17:35:32.690364+00:00,vc603-a4957b8ec79f,SHORT,60186.0,60104.93,3.735056,13.48,20.0,4,2.7,2.69,0.0,0.0,-0.0,-0.0,PROFIT_LOCK_LADDER,100,0.45,62,44.0,True,SIM_MARKET,AI_DIRECT_LIMIT,,,,,0,BEAR,SR,60-70,SPAWN,-3,-3,BEARISH_STRUCTURE,CONFLICTED,16.54,-3,3,7,0.01791,bitfinex,tBTCF0:USTF0,v11.1-virtual-chase-known-combos-v1,BITFINEX_ZERO,v11.1-virtual-chase-known-combos-v1,AI60_SP3_VIRTUAL_CHASE,AI60+ · Spread >=3 · Virtual Chase,APPROVE,60294.0,0.008741,0.032126,NEAR_RESISTANCE,0.0021,1.0,321.2,3.735057,-10.799854,20.104343,193.07,193.07,193.07,0-5m,AI_DIRECT,AI_DIRECT_CHASE,6,,108.0,0.0,0.1637,0.1637,False,0.0,0.0,-0.002786,0.000116,0.099101,7.714702,2.454675,0.0,0.595033,60294.0,60141.400966,60000.845834,60529.6179,0.002343,NEAR_RESISTANCE,SHORT_PREFERRED,0.008741,0.032126,BEAR,3.0,44.0,0.0,100,0.9,True,True,APPROVE,62,"```json
{
  ""direction"": ""SHORT"",
  ""confidence"": 62,
  ""long_score"": 30,
  ""short_score"": 70,
  ""preferred_direction"": ""SHORT"",
  ""entry_zone_low"": 60350,
  ""entry_zone_high"": 60500,
  ""limit_price"": 60425,
  ""expected_mfe"": 180,
  ""expected_mae"": 120,
  ""reversal_probability"": 53,
  ""exit_style"": ""AGGRESSIVE"",
  ""reasons_for_trade"": [
    ""Regime is BEAR with bearish structure score -3 and BEARISH_STRUCTURE bias"",
    ""Price near resistance (0.87% away) with SHORT_PREFERRED SR bias"",
    ""EMA stack is not fully bearish but price below EMA200 and EMA21 below EMA200"",
    ""Trend health bear_score (6) > bull_score (4), bearish intact"",
    ""Market structure shift BULL_TO_BEAR_SHIFT indicates potential downside continuation"",
    ""Liquidity sweep high occurred, suggesting a trap for longs before reversal"",
    ""Funding positive (0.0179% per 8h) favors shorts as longs pay"",
    ""Volume ratio elevated (7.7x) with positive delta, but price near resistance - possible distribution""
  ],
  ""reasons_against_trade"": [
    ""Multi-timeframe conflicted (15m and 1h bullish, 4h bearish) - reduces conviction"",
    ""ADX low (16.54) - not trending strongly, mean reversion risk"",
    ""Price above EMA9 and EMA21, short-term momentum still up"",
    ""Higher low detected on micro structure - potential for bounce"",
    ""Reversal risk score 53 - moderate risk of continuation upward"",
    ""Entry near micro support (60003) - short near support has lower expectancy without strong bear continuation""
  ],
  ""bull_score"": 3,
  ""bear_score"": 7
}
```",60186.0,60104.93,TAKER,TAKER,0.033213,108.0,193.07,2.7,2.69,0.0,0.0,-0.0,-0.0,13.48,224.103446,PROFIT_LOCK_LADDER,2.454675,7.714702,0.000116,0.595033,False,True,"{'price': 60294.0, 'ret_1m': 0.00023224950232249503, 'ret_5m': 0.001861021567910671, 'ema9': 60141.40096606472, 'ema21': 60000.84583413213, 'ema200': 60529.61790003461, 'dist_to_support': 0.032125916343251404, 'dist_to_resistance': 0.008740504859521677, 'volume': 0.09910083900000001, 'volume_ratio': 7.714701681184392, 'delta': 2.454675211999997, 'velocity': 0.0001161852826833643, 'imbalance': 0.595033391443698, 'candle_range': 321.2, 'body_ratio': 0.45911932020414337, 'wick_ratio': 0.5408806797958565}",0.9,"{'early_fail_enabled': True, 'invert_signal': False, 'ai_enabled': True, 'edge_threshold': 3.0, 'edge_threshold_max': None, 'edge_range_preset': 'min_only', 'ai_threshold': 44.0, 'leverage': 100, 'pullback_threshold': 0.001}","{'ema9': 60141.40096606472, 'ema21': 60000.84583413213, 'ema200': 60529.61790003461, 'ema_spread': 0.002343, 'ema9_slope_pct': 0.0927, 'ema21_slope_pct': 0.1067, 'ema9_above_ema21': True, 'ema21_above_ema200': False}",MOMENTUM_LONG,0.9,0.9,False,True,INV_False_EF_True,SHORT,10,6,SCENARIO_C_RUNNER_10_v4,40.0,10.0,-12.0,2.0,8.0,300,1,2,-32.0,False,False,True,False,480,3,5.0,False,5,0.75,"[[10, 6], [19, 17], [40, 28], [60, 45], [80, 60], [100, 75], [150, 120]]","{""trail_ladder"": [[10, 6], [19, 17], [40, 28], [60, 45], [80, 60], [100, 75], [150, 120]], ""ladder_first_trigger_pct"": 10, ""ladder_first_lock_pct"": 6, ""exit_profile_id"": ""SCENARIO_C_RUNNER_10_v4"", ""peak_never_loser_min_peak"": 40.0, ""peak_never_loser_floor"": 10.0, ""thesis_fast_exit_unreal_pct"": -12.0, ""thesis_mfe_protect_pct"": 2.0, ""thesis_exit_if_above_unreal_pct"": 8.0, ""thesis_min_age_sec"": 300, ""thesis_score_flip_margin"": 1, ""thesis_early_decay_delta"": 2, ""early_fail_pct_threshold"": -32.0, ""type_a_first_candle_enabled"": false, ""type_a_early_fail_enabled"": false, ""scenario_c_exit_profile"": true, ""type_a_stall_enabled"": false, ""type_a_stall_min_age_sec"": 480, ""type_a_stall_min_candles"": 3, ""type_a_stall_max_mfe_pct"": 5.0, ""trend_weakening_enabled"": false, ""spread_penalty_threshold"": 5, ""spread_penalty_margin_mult"": 0.75}",2026-06-26T17:35:32.690364+00:00,2026-06-27 03:35:32 AEST,2026-06-27 03:35:32 AEST
2026-06-26T17:37:20.548279+00:00,vc603-db473309f7ab,SHORT,60133.19,60036.0,0.244311,16.16,20.0,4,3.23,3.23,0.0,0.0,-0.0,-0.0,PROFIT_LOCK_LADDER,100,0.54,62,44.0,True,SIM_MARKET,AI_DIRECT_LIMIT,,,,,0,BEAR,SR,60-70,SPAWN,-3,-3,BEARISH_STRUCTURE,CONFLICTED,16.54,-3,3,7,0.01791,bitfinex,tBTCF0:USTF0,v11.1-virtual-chase-known-combos-v1,BITFINEX_ZERO,v11.1-virtual-chase-known-combos-v1,AI60_SP3_VIRTUAL_CHASE,AI60+ · Spread >=3 · Virtual Chase,APPROVE,60167.0,0.010752,0.030196,NEAR_RESISTANCE,0.001935,0.186233,321.2,0.244312,0.0,19.155811,651.215,651.215,651.215,5-15m,AI_DIRECT,AI_DIRECT_CHASE,6,,33.81,0.0,0.0,0.0,False,0.0,0.0,-0.000182,2.3e-05,0.017873,0.005856,2.107025,0.0,0.690256,60167.0,60135.000966,59997.936743,60529.299492,0.002284,NEAR_RESISTANCE,SHORT_PREFERRED,0.010752,0.030196,BEAR,3.0,44.0,0.0,100,2.3,True,True,APPROVE,62,"```json
{
  ""direction"": ""SHORT"",
  ""confidence"": 62,
  ""long_score"": 30,
  ""short_score"": 68,
  ""preferred_direction"": ""SHORT"",
  ""entry_zone_low"": 60155,
  ""entry_zone_high"": 60300,
  ""limit_price"": 60227,
  ""expected_mfe"": 180,
  ""expected_mae"": 120,
  ""reversal_probability"": 51,
  ""exit_style"": ""AGGRESSIVE"",
  ""reasons_for_trade"": [
    ""BEAR regime with bearish structure (structure_score -3, LL sequence active)"",
    ""Price near resistance (1.08% away) with SHORT_PREFERRED sr_bias"",
    ""EMA stack not fully bearish but price below EMA200 and trend health BEAR"",
    ""ADX 16.54 below 25 but trend strength negative, favoring continuation over reversal"",
    ""Liquidity sweep high occurred, suggesting potential rejection from resistance zone"",
    ""Funding positive (0.0179% per 8h) favors shorts, longs paying""
  ],
  ""reasons_against_trade"": [
    ""MTF conflicted (15m BULLISH, 1h RANGING, 4h BEARISH) reduces conviction"",
    ""Price above EMA9 and EMA21, short-term momentum slightly bullish"",
    ""Reversal risk score 51 indicates moderate bounce potential near support"",
    ""Volume ratio very low (0.012), suggesting lack of aggressive selling"",
    ""Delta positive (2.1) shows some buying pressure at current levels""
  ],
  ""bull_score"": 3,
  ""bear_score"": 7
}
```",60133.19,60036.0,TAKER,TAKER,0.033285,33.81,651.215,3.23,3.23,0.0,0.0,-0.0,-0.0,16.16,14.658756,PROFIT_LOCK_LADDER,2.107025,0.005856,2.3e-05,0.690256,False,True,"{'price': 60167.0, 'ret_1m': 0.0, 'ret_5m': -6.64772066277775e-05, 'ema9': 60135.00096606472, 'ema21': 59997.93674322304, 'ema200': 60529.29949207441, 'dist_to_support': 0.030195765613055474, 'dist_to_resistance': 0.010752152092265762, 'volume': 0.017872760999999997, 'volume_ratio': 0.005856439311866962, 'delta': 2.107024908999998, 'velocity': 2.3279181520774213e-05, 'imbalance': 0.6902560030566766, 'candle_range': 321.2, 'body_ratio': 0.45911932020414337, 'wick_ratio': 0.5408806797958565}",2.1,"{'early_fail_enabled': True, 'invert_signal': False, 'ai_enabled': True, 'edge_threshold': 3.0, 'edge_threshold_max': None, 'edge_range_preset': 'min_only', 'ai_threshold': 44.0, 'leverage': 100, 'pullback_threshold': 0.001}","{'ema9': 60135.00096606472, 'ema21': 59997.93674322304, 'ema200': 60529.29949207441, 'ema_spread': 0.002284, 'ema9_slope_pct': 0.0821, 'ema21_slope_pct': 0.1018, 'ema9_above_ema21': True, 'ema21_above_ema200': False}",MOMENTUM_LONG,2.1,2.1,False,True,INV_False_EF_True,SHORT,10,6,SCENARIO_C_RUNNER_10_v4,40.0,10.0,-12.0,2.0,8.0,300,1,2,-32.0,False,False,True,False,480,3,5.0,False,5,0.75,"[[10, 6], [19, 17], [40, 28], [60, 45], [80, 60], [100, 75], [150, 120]]","{""trail_ladder"": [[10, 6], [19, 17], [40, 28], [60, 45], [80, 60], [100, 75], [150, 120]], ""ladder_first_trigger_pct"": 10, ""ladder_first_lock_pct"": 6, ""exit_profile_id"": ""SCENARIO_C_RUNNER_10_v4"", ""peak_never_loser_min_peak"": 40.0, ""peak_never_loser_floor"": 10.0, ""thesis_fast_exit_unreal_pct"": -12.0, ""thesis_mfe_protect_pct"": 2.0, ""thesis_exit_if_above_unreal_pct"": 8.0, ""thesis_min_age_sec"": 300, ""thesis_score_flip_margin"": 1, ""thesis_early_decay_delta"": 2, ""early_fail_pct_threshold"": -32.0, ""type_a_first_candle_enabled"": false, ""type_a_early_fail_enabled"": false, ""scenario_c_exit_profile"": true, ""type_a_stall_enabled"": false, ""type_a_stall_min_age_sec"": 480, ""type_a_stall_min_candles"": 3, ""type_a_stall_max_mfe_pct"": 5.0, ""trend_weakening_enabled"": false, ""spread_penalty_threshold"": 5, ""spread_penalty_margin_mult"": 0.75}",2026-06-26T17:37:20.548279+00:00,2026-06-27 03:37:20 AEST,2026-06-27 03:37:20 AEST
2026-06-26T17:43:47.888766+00:00,cont-dd1a3b402bd1,SHORT,60291.98,60151.0,11.642169,23.43,20.0,4,4.69,4.68,0.0,0.0,-0.01,-0.01,PROFIT_LOCK_LADDER,100,0.78,62,44.0,True,SIM_LIMIT,AI_DIRECT_LIMIT,,,,,0,BEAR,SR,60-70,SPAWN,-3,-3,BEARISH_STRUCTURE,CONFLICTED,16.54,-3,3,7,0.01791,bitfinex,tBTCF0:USTF0,v11.1-virtual-chase-known-combos-v1,BITFINEX_ZERO,v11.1-virtual-chase-known-combos-v1,CONTINUOUS,Continuous AI Research,APPROVE,60294.0,0.008741,0.032126,NEAR_RESISTANCE,0.002011,1.0,321.2,11.64217,0.0,50.749702,217.97,217.97,217.97,0-5m,AI_DIRECT,AI_DIRECT_CHASE,4,,2.02,0.0,0.0,0.0,False,0.0,0.0,-0.008689,0.000116,0.099101,7.714702,2.454675,0.0,0.595033,60294.0,60141.400966,60000.845834,60529.6179,0.002343,NEAR_RESISTANCE,SHORT_PREFERRED,0.008741,0.032126,BEAR,3.0,44.0,0.0,100,0.9,True,True,APPROVE,62,"```json
{
  ""direction"": ""SHORT"",
  ""confidence"": 62,
  ""long_score"": 30,
  ""short_score"": 70,
  ""preferred_direction"": ""SHORT"",
  ""entry_zone_low"": 60350,
  ""entry_zone_high"": 60500,
  ""limit_price"": 60425,
  ""expected_mfe"": 180,
  ""expected_mae"": 120,
  ""reversal_probability"": 53,
  ""exit_style"": ""AGGRESSIVE"",
  ""reasons_for_trade"": [
    ""Regime is BEAR with bearish structure score -3 and BEARISH_STRUCTURE bias"",
    ""Price near resistance (0.87% away) with SHORT_PREFERRED SR bias"",
    ""EMA stack is not fully bearish but price below EMA200 and EMA21 below EMA200"",
    ""Trend health bear_score (6) > bull_score (4), bearish intact"",
    ""Market structure shift BULL_TO_BEAR_SHIFT indicates potential downside continuation"",
    ""Liquidity sweep high occurred, suggesting a trap for longs before reversal"",
    ""Funding positive (0.0179% per 8h) favors shorts as longs pay"",
    ""Volume ratio elevated (7.7x) with positive delta, but price near resistance - possible distribution""
  ],
  ""reasons_against_trade"": [
    ""Multi-timeframe conflicted (15m and 1h bullish, 4h bearish) - reduces conviction"",
    ""ADX low (16.54) - not trending strongly, mean reversion risk"",
    ""Price above EMA9 and EMA21, short-term momentum still up"",
    ""Higher low detected on micro structure - potential for bounce"",
    ""Reversal risk score 53 - moderate risk of continuation upward"",
    ""Entry near micro support (60003) - short near support has lower expectancy without strong bear continuation""
  ],
  ""bull_score"": 3,
  ""bear_score"": 7
}
```",60291.98,60151.0,MAKER,TAKER,0.033171,2.02,217.97,4.69,4.68,0.0,0.0,-0.01,-0.01,23.43,698.53026,PROFIT_LOCK_LADDER,2.454675,7.714702,0.000116,0.595033,False,True,"{'price': 60294.0, 'ret_1m': 0.00023224950232249503, 'ret_5m': 0.001861021567910671, 'ema9': 60141.40096606472, 'ema21': 60000.84583413213, 'ema200': 60529.61790003461, 'dist_to_support': 0.032125916343251404, 'dist_to_resistance': 0.008740504859521677, 'volume': 0.09910083900000001, 'volume_ratio': 7.714701681184392, 'delta': 2.454675211999997, 'velocity': 0.0001161852826833643, 'imbalance': 0.595033391443698, 'candle_range': 321.2, 'body_ratio': 0.45911932020414337, 'wick_ratio': 0.5408806797958565}",0.9,"{'early_fail_enabled': True, 'invert_signal': False, 'ai_enabled': True, 'edge_threshold': 3.0, 'edge_threshold_max': None, 'edge_range_preset': 'min_only', 'ai_threshold': 44.0, 'leverage': 100, 'pullback_threshold': 0.001}","{'ema9': 60141.40096606472, 'ema21': 60000.84583413213, 'ema200': 60529.61790003461, 'ema_spread': 0.002343, 'ema9_slope_pct': 0.0927, 'ema21_slope_pct': 0.1067, 'ema9_above_ema21': True, 'ema21_above_ema200': False}",MOMENTUM_LONG,0.9,0.9,False,True,INV_False_EF_True,SHORT,10,6,SCENARIO_C_RUNNER_10_v4,40.0,10.0,-12.0,2.0,8.0,300,1,2,-32.0,False,False,True,False,480,3,5.0,False,5,0.75,"[[10, 6], [19, 17], [40, 28], [60, 45], [80, 60], [100, 75], [150, 120]]","{""trail_ladder"": [[10, 6], [19, 17], [40, 28], [60, 45], [80, 60], [100, 75], [150, 120]], ""ladder_first_trigger_pct"": 10, ""ladder_first_lock_pct"": 6, ""exit_profile_id"": ""SCENARIO_C_RUNNER_10_v4"", ""peak_never_loser_min_peak"": 40.0, ""peak_never_loser_floor"": 10.0, ""thesis_fast_exit_unreal_pct"": -12.0, ""thesis_mfe_protect_pct"": 2.0, ""thesis_exit_if_above_unreal_pct"": 8.0, ""thesis_min_age_sec"": 300, ""thesis_score_flip_margin"": 1, ""thesis_early_decay_delta"": 2, ""early_fail_pct_threshold"": -32.0, ""type_a_first_candle_enabled"": false, ""type_a_early_fail_enabled"": false, ""scenario_c_exit_profile"": true, ""type_a_stall_enabled"": false, ""type_a_stall_min_age_sec"": 480, ""type_a_stall_min_candles"": 3, ""type_a_stall_max_mfe_pct"": 5.0, ""trend_weakening_enabled"": false, ""spread_penalty_threshold"": 5, ""spread_penalty_margin_mult"": 0.75}",2026-06-26T17:43:47.888766+00:00,2026-06-27 03:43:47 AEST,2026-06-27 03:43:47 AEST
2026-06-26T17:52:01.257661+00:00,vc603-8fdc36f9bce9,SHORT,60130.56,60043.0,3.823004,14.58,20.0,4,2.92,2.91,0.0,0.0,-0.0,-0.0,PROFIT_LOCK_LADDER,100,0.49,62,44.0,True,SIM_LIMIT,AI_DIRECT_LIMIT,,,,,0,BEAR,SR,60-70,SPAWN,-3,-3,BEARISH_STRUCTURE,MIXED,16.01,-3,3,7,0.01791,bitfinex,tBTCF0:USTF0,v11.1-virtual-chase-known-combos-v1,BITFINEX_ZERO,v11.1-virtual-chase-known-combos-v1,AI60_SP3_VIRTUAL_CHASE,AI60+ · Spread >=3 · Virtual Chase,APPROVE,60140.0,0.011525,0.029454,NEAR_RESISTANCE,0.001744,1.0,231.2,3.823005,-2.235136,19.051876,169.725,169.725,169.725,0-5m,AI_DIRECT,AI_DIRECT_CHASE,6,,9.44,0.0,0.0,0.0,False,0.0,0.0,-0.002855,8e-06,0.006354,0.034057,1.883637,0.0,0.174425,60128.0,60136.224618,60022.696031,60516.39105,0.001891,NEAR_RESISTANCE,SHORT_PREFERRED,0.011525,0.029454,BEAR,3.0,44.0,0.0,100,1.5,True,True,APPROVE,62,"```json
{
  ""direction"": ""SHORT"",
  ""confidence"": 62,
  ""long_score"": 28,
  ""short_score"": 72,
  ""preferred_direction"": ""SHORT"",
  ""entry_zone_low"": 60150,
  ""entry_zone_high"": 60300,
  ""limit_price"": 60225,
  ""expected_mfe"": 180,
  ""expected_mae"": 120,
  ""reversal_probability"": 71,
  ""exit_style"": ""AGGRESSIVE"",
  ""reasons_for_trade"": [
    ""BEAR regime with BEARISH_STRUCTURE and BEAR_CONTINUATION market structure shift"",
    ""Price near resistance (1.17% away) in a bear trend - location context supports short"",
    ""EMA9 slope positive but price below EMA200, EMA stack not bullish - bearish alignment intact"",
    ""ADX 16.01 below 25 but trend health bear_score 6 vs bull_score 4, bearish intact"",
    ""Funding positive (0.0179% per 8h) favors shorts, longs paying"",
    ""Volume ratio very low (0.034) - low participation, potential for continuation breakdown"",
    ""Higher low detected but no lower high - micro structure still bearish, not reversal"",
    ""Reversal risk score 71 is high but reflects bounce risk near support, not a confirmed reversal""
  ],
  ""reasons_against_trade"": [
    ""Price near micro support (60003) - bounce risk elevated, reversal probability 71%"",
    ""ADX below 25 - trend strength weak, market in compression regime"",
    ""EMA9 above EMA21 - short-term momentum slightly bullish"",
    ""Delta positive (1.88) - aggressive buying pressure on this candle"",
    ""Higher low detected - potential for micro structure shift if price holds support""
  ],
  ""bull_score"": 3,
  ""bear_score"": 7
}
```

Direction: SHORT
Win probability: 62
Long score: 28
Short score: 72
Bull score: 3
Bear score: 7
Decision: APPROVE
Reason: Bearish trend hierarchy (BEAR regime, BEARISH_STRUCTURE, BEAR_CONTINUATION) combined with near-resistance location and positive funding favoring shorts. Short score (72) exceeds long score (28) by 44 points, well above the +5 threshold. Reversal risk is high (71) but reflects bounce risk near support, not confirmed reversal - no structure shift, no momentum expansion in bullish direction. Entry zone set above current price (pullback to resistance) for short limit. Exit style AGGRESSIVE due to compression regime and weak ADX - take profits quickly on any bearish impulse.",60130.56,60043.0,MAKER,TAKER,0.03328,9.44,169.725,2.92,2.91,0.0,0.0,-0.0,-0.0,14.58,229.380331,PROFIT_LOCK_LADDER,1.883637,0.034057,8e-06,0.174425,False,True,"{'price': 60128.0, 'ret_1m': 0.00021625218331531231, 'ret_5m': 0.0014990506012858523, 'ema9': 60136.22461828143, 'ema21': 60022.696031216976, 'ema200': 60516.39105026821, 'dist_to_support': 0.029453831825439064, 'dist_to_resistance': 0.011525412453432677, 'volume': 0.006354058, 'volume_ratio': 0.03405705506233637, 'delta': 1.8836367900000126, 'velocity': 8.324003715760367e-06, 'imbalance': 0.17442465209873323, 'candle_range': 231.2, 'body_ratio': 0.4746400728819083, 'wick_ratio': 0.5253599271180918}",1.5,"{'early_fail_enabled': True, 'invert_signal': False, 'ai_enabled': True, 'edge_threshold': 3.0, 'edge_threshold_max': None, 'edge_range_preset': 'min_only', 'ai_threshold': 44.0, 'leverage': 100, 'pullback_threshold': 0.001}","{'ema9': 60136.22461828143, 'ema21': 60022.696031216976, 'ema200': 60516.39105026821, 'ema_spread': 0.001891, 'ema9_slope_pct': 0.0257, 'ema21_slope_pct': 0.0736, 'ema9_above_ema21': True, 'ema21_above_ema200': False}",MOMENTUM_LONG,1.5,1.5,False,True,INV_False_EF_True,SHORT,10,6,SCENARIO_C_RUNNER_10_v4,40.0,10.0,-12.0,2.0,8.0,300,1,2,-32.0,False,False,True,False,480,3,5.0,False,5,0.75,"[[10, 6], [19, 17], [40, 28], [60, 45], [80, 60], [100, 75], [150, 120]]","{""trail_ladder"": [[10, 6], [19, 17], [40, 28], [60, 45], [80, 60], [100, 75], [150, 120]], ""ladder_first_trigger_pct"": 10, ""ladder_first_lock_pct"": 6, ""exit_profile_id"": ""SCENARIO_C_RUNNER_10_v4"", ""peak_never_loser_min_peak"": 40.0, ""peak_never_loser_floor"": 10.0, ""thesis_fast_exit_unreal_pct"": -12.0, ""thesis_mfe_protect_pct"": 2.0, ""thesis_exit_if_above_unreal_pct"": 8.0, ""thesis_min_age_sec"": 300, ""thesis_score_flip_margin"": 1, ""thesis_early_decay_delta"": 2, ""early_fail_pct_threshold"": -32.0, ""type_a_first_candle_enabled"": false, ""type_a_early_fail_enabled"": false, ""scenario_c_exit_profile"": true, ""type_a_stall_enabled"": false, ""type_a_stall_min_age_sec"": 480, ""type_a_stall_min_candles"": 3, ""type_a_stall_max_mfe_pct"": 5.0, ""trend_weakening_enabled"": false, ""spread_penalty_threshold"": 5, ""spread_penalty_margin_mult"": 0.75}",2026-06-26T17:52:01.257661+00:00,2026-06-27 03:52:01 AEST,2026-06-27 03:52:01 AEST
2026-06-26T17:52:09.696481+00:00,cont-76d89d3a2e21,SHORT,60126.33,60018.99,2.131658,17.86,20.0,4,3.57,3.57,0.0,0.0,-0.0,-0.0,PROFIT_LOCK_LADDER,100,0.6,62,44.0,True,SIM_LIMIT,AI_DIRECT_LIMIT,,,,,0,BEAR,SR,60-70,SPAWN,-3,-3,BEARISH_STRUCTURE,MIXED,16.01,-3,3,7,0.01791,bitfinex,tBTCF0:USTF0,v11.1-virtual-chase-known-combos-v1,BITFINEX_ZERO,v11.1-virtual-chase-known-combos-v1,CONTINUOUS,Continuous AI Research,APPROVE,60128.0,0.011525,0.029454,NEAR_RESISTANCE,0.001744,1.0,231.2,2.131659,0.0,19.18128,284.172,284.172,284.172,0-5m,AI_DIRECT,AI_DIRECT_CHASE,5,,1.67,0.0,0.0662,0.0662,False,0.0,0.0,-0.001591,8e-06,0.006354,0.034057,1.883637,0.0,0.174425,60128.0,60136.224618,60022.696031,60516.39105,0.001891,NEAR_RESISTANCE,SHORT_PREFERRED,0.011525,0.029454,BEAR,3.0,44.0,0.0,100,1.5,True,True,APPROVE,62,"```json
{
  ""direction"": ""SHORT"",
  ""confidence"": 62,
  ""long_score"": 28,
  ""short_score"": 72,
  ""preferred_direction"": ""SHORT"",
  ""entry_zone_low"": 60150,
  ""entry_zone_high"": 60300,
  ""limit_price"": 60225,
  ""expected_mfe"": 180,
  ""expected_mae"": 120,
  ""reversal_probability"": 71,
  ""exit_style"": ""AGGRESSIVE"",
  ""reasons_for_trade"": [
    ""BEAR regime with BEARISH_STRUCTURE and BEAR_CONTINUATION market structure shift"",
    ""Price near resistance (1.17% away) in a bear trend - location context supports short"",
    ""EMA9 slope positive but price below EMA200, EMA stack not bullish - bearish alignment intact"",
    ""ADX 16.01 below 25 but trend health bear_score 6 vs bull_score 4, bearish intact"",
    ""Funding positive (0.0179% per 8h) favors shorts, longs paying"",
    ""Volume ratio very low (0.034) - low participation, potential for continuation breakdown"",
    ""Higher low detected but no lower high - micro structure still bearish, not reversal"",
    ""Reversal risk score 71 is high but reflects bounce risk near support, not a confirmed reversal""
  ],
  ""reasons_against_trade"": [
    ""Price near micro support (60003) - bounce risk elevated, reversal probability 71%"",
    ""ADX below 25 - trend strength weak, market in compression regime"",
    ""EMA9 above EMA21 - short-term momentum slightly bullish"",
    ""Delta positive (1.88) - aggressive buying pressure on this candle"",
    ""Higher low detected - potential for micro structure shift if price holds support""
  ],
  ""bull_score"": 3,
  ""bear_score"": 7
}
```

Direction: SHORT
Win probability: 62
Long score: 28
Short score: 72
Bull score: 3
Bear score: 7
Decision: APPROVE
Reason: Bearish trend hierarchy (BEAR regime, BEARISH_STRUCTURE, BEAR_CONTINUATION) combined with near-resistance location and positive funding favoring shorts. Short score (72) exceeds long score (28) by 44 points, well above the +5 threshold. Reversal risk is high (71) but reflects bounce risk near support, not confirmed reversal - no structure shift, no momentum expansion in bullish direction. Entry zone set above current price (pullback to resistance) for short limit. Exit style AGGRESSIVE due to compression regime and weak ADX - take profits quickly on any bearish impulse.",60126.33,60018.99,MAKER,TAKER,0.033262,1.67,284.172,3.57,3.57,0.0,0.0,-0.0,-0.0,17.86,127.899584,PROFIT_LOCK_LADDER,1.883637,0.034057,8e-06,0.174425,False,True,"{'price': 60128.0, 'ret_1m': 0.00021625218331531231, 'ret_5m': 0.0014990506012858523, 'ema9': 60136.22461828143, 'ema21': 60022.696031216976, 'ema200': 60516.39105026821, 'dist_to_support': 0.029453831825439064, 'dist_to_resistance': 0.011525412453432677, 'volume': 0.006354058, 'volume_ratio': 0.03405705506233637, 'delta': 1.8836367900000126, 'velocity': 8.324003715760367e-06, 'imbalance': 0.17442465209873323, 'candle_range': 231.2, 'body_ratio': 0.4746400728819083, 'wick_ratio': 0.5253599271180918}",1.5,"{'early_fail_enabled': True, 'invert_signal': False, 'ai_enabled': True, 'edge_threshold': 3.0, 'edge_threshold_max': None, 'edge_range_preset': 'min_only', 'ai_threshold': 44.0, 'leverage': 100, 'pullback_threshold': 0.001}","{'ema9': 60136.22461828143, 'ema21': 60022.696031216976, 'ema200': 60516.39105026821, 'ema_spread': 0.001891, 'ema9_slope_pct': 0.0257, 'ema21_slope_pct': 0.0736, 'ema9_above_ema21': True, 'ema21_above_ema200': False}",MOMENTUM_LONG,1.5,1.5,False,True,INV_False_EF_True,SHORT,10,6,SCENARIO_C_RUNNER_10_v4,40.0,10.0,-12.0,2.0,8.0,300,1,2,-32.0,False,False,True,False,480,3,5.0,False,5,0.75,"[[10, 6], [19, 17], [40, 28], [60, 45], [80, 60], [100, 75], [150, 120]]","{""trail_ladder"": [[10, 6], [19, 17], [40, 28], [60, 45], [80, 60], [100, 75], [150, 120]], ""ladder_first_trigger_pct"": 10, ""ladder_first_lock_pct"": 6, ""exit_profile_id"": ""SCENARIO_C_RUNNER_10_v4"", ""peak_never_loser_min_peak"": 40.0, ""peak_never_loser_floor"": 10.0, ""thesis_fast_exit_unreal_pct"": -12.0, ""thesis_mfe_protect_pct"": 2.0, ""thesis_exit_if_above_unreal_pct"": 8.0, ""thesis_min_age_sec"": 300, ""thesis_score_flip_margin"": 1, ""thesis_early_decay_delta"": 2, ""early_fail_pct_threshold"": -32.0, ""type_a_first_candle_enabled"": false, ""type_a_early_fail_enabled"": false, ""scenario_c_exit_profile"": true, ""type_a_stall_enabled"": false, ""type_a_stall_min_age_sec"": 480, ""type_a_stall_min_candles"": 3, ""type_a_stall_max_mfe_pct"": 5.0, ""trend_weakening_enabled"": false, ""spread_penalty_threshold"": 5, ""spread_penalty_margin_mult"": 0.75}",2026-06-26T17:52:09.696481+00:00,2026-06-27 03:52:09 AEST,2026-06-27 03:52:09 AEST
2026-06-26T18:03:04.079503+00:00,vc603-898b6bb597aa,SHORT,60072.17,60072.99,5.012034,-0.12,20.0,4,-0.02,-0.03,0.0,0.0,-0.0,-0.0,THESIS_INVALIDATED,100,0.0,62,44.0,True,SIM_LIMIT,AI_DIRECT_LIMIT,,,,,0,BEAR,SR,60-70,SPAWN,-3,-3,BEARISH_STRUCTURE,MIXED,15.53,-3,3,7,0.01791,bitfinex,tBTCF0:USTF0,v11.1-virtual-chase-known-combos-v1,BITFINEX_ZERO,v11.1-virtual-chase-known-combos-v1,AI60_SP3_VIRTUAL_CHASE,AI60+ · Spread >=3 · Virtual Chase,APPROVE,60012.0,0.012637,0.028387,NEAR_RESISTANCE,0.001519,0.5332,0.0,5.012034,-10.665505,7.685755,124.928,124.928,124.928,0-5m,AI_DIRECT,AI_DIRECT_CHASE,6,,60.17,0.0,0.0996,0.0996,False,0.0,0.0,-0.003744,6.7e-05,0.050058,5.855928,1.154397,0.050058,0.090466,60019.0,60122.424618,60016.423304,60515.704483,0.001766,NEAR_RESISTANCE,SHORT_PREFERRED,0.012637,0.028387,BEAR,3.0,44.0,0.0,100,2.9,True,True,APPROVE,62,"```json
{
  ""direction"": ""SHORT"",
  ""confidence"": 62,
  ""long_score"": 28,
  ""short_score"": 72,
  ""preferred_direction"": ""SHORT"",
  ""entry_zone_low"": 60150,
  ""entry_zone_high"": 60300,
  ""limit_price"": 60225,
  ""expected_mfe"": 180,
  ""expected_mae"": 120,
  ""reversal_probability"": 35,
  ""exit_style"": ""AGGRESSIVE"",
  ""reasons_for_trade"": [
    ""BEAR regime with consistent BEAR trend health and intact bearish structure"",
    ""Price near resistance (1.26% away) with SHORT_PREFERRED SR bias"",
    ""EMA9 above EMA21 but both below EMA200 - bearish stack forming"",
    ""Market structure shows BEAR_CONTINUATION with no lower high yet"",
    ""Multi-timeframe agreement is MIXED but 4h is BEARISH and no bull TF count"",
    ""Liquidity sweep high occurred - potential for rejection from resistance zone"",
    ""Funding positive (0.018% per 8h) - shorts receive payment, slight tailwind"",
    ""ADX below 25 (15.53) - not strongly trending but bearish structure intact""
  ],
  ""reasons_against_trade"": [
    ""Price is very close to micro support at 60003 - bounce risk is elevated"",
    ""Volume ratio is low (0.32) - lack of conviction in current move"",
    ""Reversal risk score is 51 - moderate chance of mean reversion"",
    ""Higher low detected on micro structure - some bullish resilience"",
    ""Edge score (2.9) just below threshold (3.0) - marginal setup quality""
  ],
  ""bull_score"": 3,
  ""bear_score"": 7
}
```",60072.17,60072.99,MAKER,TAKER,0.033318,60.17,124.928,-0.02,-0.03,0.0,0.0,-0.0,-0.0,-0.12,300.722103,THESIS_INVALIDATED,1.154397,5.855928,6.7e-05,0.090466,False,True,"{'velocity': 6.665000416562526e-05, 'volume': 0.05005799, 'volume_ratio': 5.855927542117986, 'delta': 1.1543968400000306, 'imbalance': 0.09046642218503888, 'delta_change': 0.05005799}",3.1,"{'early_fail_enabled': True, 'invert_signal': False, 'ai_enabled': True, 'edge_threshold': 3.0, 'edge_threshold_max': None, 'edge_range_preset': 'min_only', 'ai_threshold': 44.0, 'leverage': 100, 'pullback_threshold': 0.001}","{'ema9': 60122.42461828143, 'ema21': 60016.42330394425, 'ema200': 60515.70448310403, 'ema_spread': 0.001766, 'ema9_slope_pct': 0.0028, 'ema21_slope_pct': 0.0632, 'ema9_above_ema21': True, 'ema21_above_ema200': False}",MOMENTUM_LONG,3.1,3.1,False,True,INV_False_EF_True,SHORT,10,6,SCENARIO_C_RUNNER_10_v4,40.0,10.0,-12.0,2.0,8.0,300,1,2,-32.0,False,False,True,False,480,3,5.0,False,5,0.75,"[[10, 6], [19, 17], [40, 28], [60, 45], [80, 60], [100, 75], [150, 120]]","{""trail_ladder"": [[10, 6], [19, 17], [40, 28], [60, 45], [80, 60], [100, 75], [150, 120]], ""ladder_first_trigger_pct"": 10, ""ladder_first_lock_pct"": 6, ""exit_profile_id"": ""SCENARIO_C_RUNNER_10_v4"", ""peak_never_loser_min_peak"": 40.0, ""peak_never_loser_floor"": 10.0, ""thesis_fast_exit_unreal_pct"": -12.0, ""thesis_mfe_protect_pct"": 2.0, ""thesis_exit_if_above_unreal_pct"": 8.0, ""thesis_min_age_sec"": 300, ""thesis_score_flip_margin"": 1, ""thesis_early_decay_delta"": 2, ""early_fail_pct_threshold"": -32.0, ""type_a_first_candle_enabled"": false, ""type_a_early_fail_enabled"": false, ""scenario_c_exit_profile"": true, ""type_a_stall_enabled"": false, ""type_a_stall_min_age_sec"": 480, ""type_a_stall_min_candles"": 3, ""type_a_stall_max_mfe_pct"": 5.0, ""trend_weakening_enabled"": false, ""spread_penalty_threshold"": 5, ""spread_penalty_margin_mult"": 0.75}",2026-06-26T18:03:04.079503+00:00,2026-06-27 04:03:04 AEST,2026-06-27 04:03:04 AEST
2026-06-26T18:06:51.253393+00:00,cont-9a3a90aee192,SHORT,60101.78,60165.0,5.004312,-10.5,20.0,4,-2.1,-2.1,0.0,0.0,-0.0,-0.0,THESIS_INVALIDATED,100,0.35,62,44.0,True,SIM_LIMIT,AI_DIRECT_LIMIT,,,,,0,BEAR,SR,60-70,SPAWN,-3,-3,BEARISH_STRUCTURE,MIXED,15.53,-3,3,7,0.01791,bitfinex,tBTCF0:USTF0,v11.1-virtual-chase-known-combos-v1,BITFINEX_ZERO,v11.1-virtual-chase-known-combos-v1,CONTINUOUS,Continuous AI Research,APPROVE,60045.0,0.012637,0.028387,NEAR_RESISTANCE,0.001635,0.665956,231.2,5.004313,-16.342278,7.949848,402.188,402.188,402.188,5-15m,AI_DIRECT,AI_DIRECT_CHASE,3,,56.78,0.0073,0.0,0.0073,False,0.0,0.0,-0.003739,-1.8e-05,0.00301,1.651177,1.180027,0.0,0.093824,60045.0,60122.424618,60016.423304,60515.704483,0.001766,NEAR_RESISTANCE,SHORT_PREFERRED,0.012637,0.028387,BEAR,3.0,44.0,0.0,100,2.9,True,True,APPROVE,62,"```json
{
  ""direction"": ""SHORT"",
  ""confidence"": 62,
  ""long_score"": 28,
  ""short_score"": 72,
  ""preferred_direction"": ""SHORT"",
  ""entry_zone_low"": 60150,
  ""entry_zone_high"": 60300,
  ""limit_price"": 60225,
  ""expected_mfe"": 180,
  ""expected_mae"": 120,
  ""reversal_probability"": 35,
  ""exit_style"": ""AGGRESSIVE"",
  ""reasons_for_trade"": [
    ""BEAR regime with consistent BEAR trend health and intact bearish structure"",
    ""Price near resistance (1.26% away) with SHORT_PREFERRED SR bias"",
    ""EMA9 above EMA21 but both below EMA200 - bearish stack forming"",
    ""Market structure shows BEAR_CONTINUATION with no lower high yet"",
    ""Multi-timeframe agreement is MIXED but 4h is BEARISH and no bull TF count"",
    ""Liquidity sweep high occurred - potential for rejection from resistance zone"",
    ""Funding positive (0.018% per 8h) - shorts receive payment, slight tailwind"",
    ""ADX below 25 (15.53) - not strongly trending but bearish structure intact""
  ],
  ""reasons_against_trade"": [
    ""Price is very close to micro support at 60003 - bounce risk is elevated"",
    ""Volume ratio is low (0.32) - lack of conviction in current move"",
    ""Reversal risk score is 51 - moderate chance of mean reversion"",
    ""Higher low detected on micro structure - some bullish resilience"",
    ""Edge score (2.9) just below threshold (3.0) - marginal setup quality""
  ],
  ""bull_score"": 3,
  ""bear_score"": 7
}
```",60101.78,60165.0,MAKER,TAKER,0.033308,56.78,402.188,-2.1,-2.1,0.0,0.0,-0.0,-0.0,-10.5,300.258843,THESIS_INVALIDATED,1.180027,1.651177,-1.8e-05,0.093824,False,True,"{'price': 60044.0, 'ret_1m': 0.0, 'ret_5m': -0.0003329781566329249, 'ema9': 60122.42461828143, 'ema21': 60016.42330394425, 'ema200': 60515.70448310403, 'dist_to_support': 0.02838733308914122, 'dist_to_resistance': 0.012636941826778995, 'volume': 0.0030099620000000006, 'volume_ratio': 1.6511765248523433, 'delta': 1.180026691000029, 'velocity': -1.831731957428504e-05, 'imbalance': 0.09382445448044494, 'candle_range': 231.2, 'body_ratio': 0.4746400728819083, 'wick_ratio': 0.5253599271180918}",2.9,"{'early_fail_enabled': True, 'invert_signal': False, 'ai_enabled': True, 'edge_threshold': 3.0, 'edge_threshold_max': None, 'edge_range_preset': 'min_only', 'ai_threshold': 44.0, 'leverage': 100, 'pullback_threshold': 0.001}","{'ema9': 60122.42461828143, 'ema21': 60016.42330394425, 'ema200': 60515.70448310403, 'ema_spread': 0.001766, 'ema9_slope_pct': 0.0028, 'ema21_slope_pct': 0.0632, 'ema9_above_ema21': True, 'ema21_above_ema200': False}",WEAK_SETUP,2.9,2.9,False,True,INV_False_EF_True,SHORT,10,6,SCENARIO_C_RUNNER_10_v4,40.0,10.0,-12.0,2.0,8.0,300,1,2,-32.0,False,False,True,False,480,3,5.0,False,5,0.75,"[[10, 6], [19, 17], [40, 28], [60, 45], [80, 60], [100, 75], [150, 120]]","{""trail_ladder"": [[10, 6], [19, 17], [40, 28], [60, 45], [80, 60], [100, 75], [150, 120]], ""ladder_first_trigger_pct"": 10, ""ladder_first_lock_pct"": 6, ""exit_profile_id"": ""SCENARIO_C_RUNNER_10_v4"", ""peak_never_loser_min_peak"": 40.0, ""peak_never_loser_floor"": 10.0, ""thesis_fast_exit_unreal_pct"": -12.0, ""thesis_mfe_protect_pct"": 2.0, ""thesis_exit_if_above_unreal_pct"": 8.0, ""thesis_min_age_sec"": 300, ""thesis_score_flip_margin"": 1, ""thesis_early_decay_delta"": 2, ""early_fail_pct_threshold"": -32.0, ""type_a_first_candle_enabled"": false, ""type_a_early_fail_enabled"": false, ""scenario_c_exit_profile"": true, ""type_a_stall_enabled"": false, ""type_a_stall_min_age_sec"": 480, ""type_a_stall_min_candles"": 3, ""type_a_stall_max_mfe_pct"": 5.0, ""trend_weakening_enabled"": false, ""spread_penalty_threshold"": 5, ""spread_penalty_margin_mult"": 0.75}",2026-06-26T18:06:51.253393+00:00,2026-06-27 04:06:51 AEST,2026-06-27 04:06:51 AEST
2026-06-26T18:15:55.958742+00:00,cont-b016c961d4cf,SHORT,60156.67,60121.0,4.9124,5.95,20.0,4,1.19,1.19,0.0,0.0,-0.0,-0.0,PROFIT_LOCK_LADDER,100,0.2,62,44.0,True,SIM_LIMIT,AI_DIRECT_LIMIT,,,,,0,BEAR,SR,60-70,SPAWN,-3,-3,BEARISH_STRUCTURE,CONFLICTED,15.3,-3,3,7,0.01791,bitfinex,tBTCF0:USTF0,v11.1-virtual-chase-known-combos-v1,BITFINEX_ZERO,v11.1-virtual-chase-known-combos-v1,CONTINUOUS,Continuous AI Research,APPROVE,60111.0,0.011374,0.029599,NEAR_RESISTANCE,0.0014,1.0,199.1,4.9124,-5.193107,10.417797,159.146,159.146,159.146,0-5m,AI_DIRECT,AI_DIRECT_CHASE,3,,45.67,0.0,0.0,0.0,False,0.0,0.0,-0.003669,4.5e-05,0.019085,0.027912,-22.725123,0.0,0.553902,60137.0,60121.619695,60025.674078,60508.714631,0.001598,NEAR_RESISTANCE,SHORT_PREFERRED,0.011374,0.029599,BEAR,3.0,44.0,0.0,100,2.1,True,True,APPROVE,62,"```json
{
  ""direction"": ""SHORT"",
  ""confidence"": 62,
  ""long_score"": 30,
  ""short_score"": 70,
  ""preferred_direction"": ""SHORT"",
  ""entry_zone_low"": 60150,
  ""entry_zone_high"": 60300,
  ""limit_price"": 60225,
  ""expected_mfe"": 150,
  ""expected_mae"": 80,
  ""reversal_probability"": 43,
  ""exit_style"": ""AGGRESSIVE"",
  ""reasons_for_trade"": [
    ""Trend health state is BEAR with bear_score 6 vs bull_score 4, indicating intact bearish momentum"",
    ""Market structure bias is BEARISH_STRUCTURE with structure_score -3 and last swing high at 60650"",
    ""Price is near resistance (dist_to_resistance 1.2%) and SR state is NEAR_RESISTANCE, favoring short entry location"",
    ""Multi-timeframe agreement is CONFLICTED but 4h trend is BEARISH, and 15m is RANGING (not bullish)"",
    ""EMA alignment shows price below EMA200 (-0.68%) and EMA21 below EMA200, bearish stack despite EMA9 above EMA21"",
    ""ADX at 15.3 is below 25, but trend score -3 and bearish structure still favor continuation over reversal"",
    ""Liquidity sweep high detected (liquidity_sweep_high: true), suggesting potential rejection at resistance"",
    ""Funding rate positive (0.0179% per 8h) with longs paying shorts, adding bearish pressure"",
    ""Delta is negative (-22.78) and velocity is negative, confirming selling pressure"",
    ""Regime is COMPRESSION with recent EXPANSION cycles, suggesting potential breakout continuation downward""
  ],
  ""reasons_against_trade"": [
    ""Price is very close to micro support at 59986 (distance 0.188%), increasing bounce risk if short entry is too low"",
    ""Higher low detected (higher_low_detected: true) could indicate micro bullish structure forming"",
    ""Reversal risk score is 43, indicating moderate reversal probability from current levels"",
    ""Volume ratio is very low (0.07), suggesting lack of conviction in current move"",
    ""ADX below 25 means trend strength is weak, increasing risk of range-bound behavior"",
    ""Entry near support historically reduces expectancy for shorts unless strong continuation is present""
  ],
  ""bull_score"": 3,
  ""bear_score"": 7
}
```",60156.67,60121.0,MAKER,TAKER,0.033272,45.67,159.146,1.19,1.19,0.0,0.0,-0.0,-0.0,5.95,294.744068,PROFIT_LOCK_LADDER,-22.725123,0.027912,4.5e-05,0.553902,False,True,"{'price': 60137.0, 'ret_1m': 0.00014968068121341138, 'ret_5m': 0.0006156405990016639, 'ema9': 60121.619694625144, 'ema21': 60025.674077964686, 'ema200': 60508.71463104062, 'dist_to_support': 0.029453831825439064, 'dist_to_resistance': 0.011525412453432677, 'volume': 0.019085009000000003, 'volume_ratio': 0.027912094186481304, 'delta': -22.725122800000022, 'velocity': 4.4910927333119774e-05, 'imbalance': 0.553902146500627, 'candle_range': 199.1, 'body_ratio': 0.43787994827131643, 'wick_ratio': 0.46212005172868353}",2.1,"{'early_fail_enabled': True, 'invert_signal': False, 'ai_enabled': True, 'edge_threshold': 3.0, 'edge_threshold_max': None, 'edge_range_preset': 'min_only', 'ai_threshold': 44.0, 'leverage': 100, 'pullback_threshold': 0.001}","{'ema9': 60121.619694625144, 'ema21': 60025.674077964686, 'ema200': 60508.71463104062, 'ema_spread': 0.001598, 'ema9_slope_pct': -0.0316, 'ema21_slope_pct': 0.042, 'ema9_above_ema21': True, 'ema21_above_ema200': False}",WEAK_SETUP,2.1,2.1,False,True,INV_False_EF_True,SHORT,10,6,SCENARIO_C_RUNNER_10_v4,40.0,10.0,-12.0,2.0,8.0,300,1,2,-32.0,False,False,True,False,480,3,5.0,False,5,0.75,"[[10, 6], [19, 17], [40, 28], [60, 45], [80, 60], [100, 75], [150, 120]]","{""trail_ladder"": [[10, 6], [19, 17], [40, 28], [60, 45], [80, 60], [100, 75], [150, 120]], ""ladder_first_trigger_pct"": 10, ""ladder_first_lock_pct"": 6, ""exit_profile_id"": ""SCENARIO_C_RUNNER_10_v4"", ""peak_never_loser_min_peak"": 40.0, ""peak_never_loser_floor"": 10.0, ""thesis_fast_exit_unreal_pct"": -12.0, ""thesis_mfe_protect_pct"": 2.0, ""thesis_exit_if_above_unreal_pct"": 8.0, ""thesis_min_age_sec"": 300, ""thesis_score_flip_margin"": 1, ""thesis_early_decay_delta"": 2, ""early_fail_pct_threshold"": -32.0, ""type_a_first_candle_enabled"": false, ""type_a_early_fail_enabled"": false, ""scenario_c_exit_profile"": true, ""type_a_stall_enabled"": false, ""type_a_stall_min_age_sec"": 480, ""type_a_stall_min_candles"": 3, ""type_a_stall_max_mfe_pct"": 5.0, ""trend_weakening_enabled"": false, ""spread_penalty_threshold"": 5, ""spread_penalty_margin_mult"": 0.75}",2026-06-26T18:15:55.958742+00:00,2026-06-27 04:15:55 AEST,2026-06-27 04:15:55 AEST
2026-06-26T18:16:08.536933+00:00,vc603-23765e9e74bd,SHORT,60122.69,60097.0,5.012682,4.29,20.0,4,0.86,0.85,0.0,0.0,-0.0,-0.0,THESIS_INVALIDATED,100,0.14,62,44.0,True,SIM_LIMIT,AI_DIRECT_LIMIT,,,,,0,BEAR,SR,60-70,SPAWN,-3,-3,BEARISH_STRUCTURE,CONFLICTED,15.08,-3,3,7,0.01791,bitfinex,tBTCF0:USTF0,v11.1-virtual-chase-known-combos-v1,BITFINEX_ZERO,v11.1-virtual-chase-known-combos-v1,AI60_SP3_VIRTUAL_CHASE,AI60+ · Spread >=3 · Virtual Chase,APPROVE,60117.0,0.01171,0.029276,NEAR_RESISTANCE,0.0014,1.0,199.1,5.012683,-10.847818,4.771909,542.396,542.396,542.396,5-15m,AI_DIRECT,AI_DIRECT_CHASE,6,,5.69,0.0,0.0,0.0,False,0.0,0.0,-0.003743,8.2e-05,0.001,0.362747,0.905348,0.0,0.062595,60117.0,60121.019695,60025.401351,60508.68478,0.001593,NEAR_RESISTANCE,SHORT_PREFERRED,0.01171,0.029276,BEAR,3.0,44.0,0.0,100,2.1,True,True,APPROVE,62,"```json
{
  ""direction"": ""SHORT"",
  ""confidence"": 62,
  ""long_score"": 28,
  ""short_score"": 72,
  ""preferred_direction"": ""SHORT"",
  ""entry_zone_low"": 60150,
  ""entry_zone_high"": 60300,
  ""limit_price"": 60225,
  ""expected_mfe"": 180,
  ""expected_mae"": 120,
  ""reversal_probability"": 71,
  ""exit_style"": ""AGGRESSIVE"",
  ""reasons_for_trade"": [
    ""BEAR regime with intact trend health (bear_score 6 vs bull_score 4)"",
    ""Price near resistance (1.21% away) with SHORT_PREFERRED SR bias"",
    ""Market structure bearish (structure_score -3, last swing high at 60650)"",
    ""EMA stack not fully bearish but price below EMA200 (-0.65%) and EMA9 slope negative"",
    ""Funding positive (0.0179% per 8h) favoring shorts"",
    ""Liquidity sweeps both sides suggest potential rejection at resistance"",
    ""ADX low (15.08) but trend strength score -3 supports bearish bias""
  ],
  ""reasons_against_trade"": [
    ""Reversal risk score high (71) - price near micro support (59986) could bounce"",
    ""MTF conflicted (15m ranging, 1h bullish, 4h bearish) reduces conviction"",
    ""Volume ratio low (0.36) - lack of aggressive selling"",
    ""Higher low detected (59986) could indicate micro support holding"",
    ""Edge score (2.1) below threshold (3.0) - weak edge telemetry""
  ],
  ""bull_score"": 3,
  ""bear_score"": 7
}
```",60122.69,60097.0,MAKER,TAKER,0.03328,5.69,542.396,0.86,0.85,0.0,0.0,-0.0,-0.0,4.29,300.76105,THESIS_INVALIDATED,0.905348,0.362747,8.2e-05,0.062595,False,True,"{'price': 60117.0, 'ret_1m': 0.00039938095951275523, 'ret_5m': 0.0010990657940750362, 'ema9': 60121.019694625145, 'ema21': 60025.40135069196, 'ema200': 60508.684780294345, 'dist_to_support': 0.029276244656253638, 'dist_to_resistance': 0.011710497862501456, 'volume': 0.0010000000000000002, 'volume_ratio': 0.36274667136399424, 'delta': 0.9053484400000645, 'velocity': 8.155230151996048e-05, 'imbalance': 0.06259536803735137, 'candle_range': 199.1, 'body_ratio': 0.43787994827131643, 'wick_ratio': 0.46212005172868353}",1.3,"{'early_fail_enabled': True, 'invert_signal': False, 'ai_enabled': True, 'edge_threshold': 3.0, 'edge_threshold_max': None, 'edge_range_preset': 'min_only', 'ai_threshold': 44.0, 'leverage': 100, 'pullback_threshold': 0.001}","{'ema9': 60121.019694625145, 'ema21': 60025.40135069196, 'ema200': 60508.684780294345, 'ema_spread': 0.001593, 'ema9_slope_pct': -0.0326, 'ema21_slope_pct': 0.0415, 'ema9_above_ema21': True, 'ema21_above_ema200': False}",MOMENTUM_LONG,1.3,1.3,False,True,INV_False_EF_True,SHORT,10,6,SCENARIO_C_RUNNER_10_v4,40.0,10.0,-12.0,2.0,8.0,300,1,2,-32.0,False,False,True,False,480,3,5.0,False,5,0.75,"[[10, 6], [19, 17], [40, 28], [60, 45], [80, 60], [100, 75], [150, 120]]","{""trail_ladder"": [[10, 6], [19, 17], [40, 28], [60, 45], [80, 60], [100, 75], [150, 120]], ""ladder_first_trigger_pct"": 10, ""ladder_first_lock_pct"": 6, ""exit_profile_id"": ""SCENARIO_C_RUNNER_10_v4"", ""peak_never_loser_min_peak"": 40.0, ""peak_never_loser_floor"": 10.0, ""thesis_fast_exit_unreal_pct"": -12.0, ""thesis_mfe_protect_pct"": 2.0, ""thesis_exit_if_above_unreal_pct"": 8.0, ""thesis_min_age_sec"": 300, ""thesis_score_flip_margin"": 1, ""thesis_early_decay_delta"": 2, ""early_fail_pct_threshold"": -32.0, ""type_a_first_candle_enabled"": false, ""type_a_early_fail_enabled"": false, ""scenario_c_exit_profile"": true, ""type_a_stall_enabled"": false, ""type_a_stall_min_age_sec"": 480, ""type_a_stall_min_candles"": 3, ""type_a_stall_max_mfe_pct"": 5.0, ""trend_weakening_enabled"": false, ""spread_penalty_threshold"": 5, ""spread_penalty_margin_mult"": 0.75}",2026-06-26T18:16:08.536933+00:00,2026-06-27 04:16:08 AEST,2026-06-27 04:16:08 AEST
2026-06-26T18:25:25.346205+00:00,cont-4ffddbb64c2d,SHORT,60059.38,60074.0,5.372279,-2.41,20.0,4,-0.48,-0.49,0.0,0.0,-0.0,-0.0,THESIS_INVALIDATED,100,0.08,62,44.0,True,SIM_LIMIT,AI_DIRECT_LIMIT,,,,,0,BEAR,SR,60-70,SPAWN,-3,-3,BEARISH_STRUCTURE,CONFLICTED,15.02,-3,3,7,0.01791,bitfinex,tBTCF0:USTF0,v11.1-virtual-chase-known-combos-v1,BITFINEX_ZERO,v11.1-virtual-chase-known-combos-v1,CONTINUOUS,Continuous AI Research,APPROVE,60021.0,0.012839,0.028193,NEAR_RESISTANCE,0.001346,0.865844,156.9,5.37228,-9.760341,4.891825,120.985,120.985,120.985,0-5m,AI_DIRECT,AI_DIRECT_CHASE,2,,38.38,0.0,0.0,0.0,False,0.0,0.0,-0.004012,-1.7e-05,0.140154,5.716484,-36.329726,0.0,0.606454,60031.0,60108.535756,60028.389658,60501.121103,0.001335,NEAR_RESISTANCE,SHORT_PREFERRED,0.012839,0.028193,BEAR,3.0,44.0,0.0,100,2.1,True,True,APPROVE,62,"```json
{
  ""direction"": ""SHORT"",
  ""confidence"": 62,
  ""long_score"": 25,
  ""short_score"": 70,
  ""preferred_direction"": ""SHORT"",
  ""entry_zone_low"": 60050.0,
  ""entry_zone_high"": 60150.0,
  ""limit_price"": 60100.0,
  ""expected_mfe"": 120,
  ""expected_mae"": 80,
  ""reversal_probability"": 25,
  ""exit_style"": ""AGGRESSIVE"",
  ""reasons_for_trade"": [
    ""BEAR regime with intact trend health (bear_score 6 vs bull_score 4)"",
    ""Market structure bearish (structure_score -3, last swing high/lower highs pattern)"",
    ""Price near resistance (1.28% away) with SR state NEAR_RESISTANCE and SHORT_PREFERRED bias"",
    ""Negative delta (-34.5) and high volume ratio (11.9) suggesting aggressive selling"",
    ""EMA9 slope negative, price below EMA200, EMA stack not bullish"",
    ""ADX 15.02 below 25 but trend strength still bearish; no strong reversal signals"",
    ""Funding positive (0.0179% per 8h) favoring shorts, longs paying"",
    ""Micro structure shows higher low detected but no lower high, structure bias bearish"",
    ""Market regime tracker just exited compression into expansion, favoring directional move""
  ],
  ""reasons_against_trade"": [
    ""Price near micro support (59986) with only 0.1% distance - bounce risk if support holds"",
    ""MTF conflicted (15m ranging, 1h bullish, 4h bearish) reduces conviction"",
    ""ADX below 25 suggests no strong trending momentum yet"",
    ""Volume ratio extremely high (11.9) could indicate exhaustion or climax"",
    ""Reversal risk score 25 - not negligible, but not high enough to override bearish case""
  ],
  ""bull_score"": 3,
  ""bear_score"": 7
}
```",60059.38,60074.0,MAKER,TAKER,0.033322,38.38,120.985,-0.48,-0.49,0.0,0.0,-0.0,-0.0,-2.41,322.336874,THESIS_INVALIDATED,-36.329726,5.716484,-1.7e-05,0.606454,False,True,"{'price': 60031.0, 'ret_1m': 0.0, 'ret_5m': -0.00043292205737882345, 'ema9': 60108.535755700126, 'ema21': 60028.389657653686, 'ema200': 60501.12110312, 'dist_to_support': 0.028193172356369693, 'dist_to_resistance': 0.012839300582847627, 'volume': 0.140153865, 'volume_ratio': 5.716484139579025, 'delta': -36.32972641700009, 'velocity': -1.665586812090677e-05, 'imbalance': 0.6064541539881895, 'candle_range': 156.9, 'body_ratio': 0.43617315798527106, 'wick_ratio': 0.46382684201472896}",2.1,"{'early_fail_enabled': True, 'invert_signal': False, 'ai_enabled': True, 'edge_threshold': 3.0, 'edge_threshold_max': None, 'edge_range_preset': 'min_only', 'ai_threshold': 44.0, 'leverage': 100, 'pullback_threshold': 0.001}","{'ema9': 60108.535755700126, 'ema21': 60028.389657653686, 'ema200': 60501.12110312, 'ema_spread': 0.001335, 'ema9_slope_pct': -0.0495, 'ema21_slope_pct': 0.027, 'ema9_above_ema21': True, 'ema21_above_ema200': False}",MOMENTUM_SHORT,2.1,2.1,False,True,INV_False_EF_True,SHORT,10,6,SCENARIO_C_RUNNER_10_v4,40.0,10.0,-12.0,2.0,8.0,300,1,2,-32.0,False,False,True,False,480,3,5.0,False,5,0.75,"[[10, 6], [19, 17], [40, 28], [60, 45], [80, 60], [100, 75], [150, 120]]","{""trail_ladder"": [[10, 6], [19, 17], [40, 28], [60, 45], [80, 60], [100, 75], [150, 120]], ""ladder_first_trigger_pct"": 10, ""ladder_first_lock_pct"": 6, ""exit_profile_id"": ""SCENARIO_C_RUNNER_10_v4"", ""peak_never_loser_min_peak"": 40.0, ""peak_never_loser_floor"": 10.0, ""thesis_fast_exit_unreal_pct"": -12.0, ""thesis_mfe_protect_pct"": 2.0, ""thesis_exit_if_above_unreal_pct"": 8.0, ""thesis_min_age_sec"": 300, ""thesis_score_flip_margin"": 1, ""thesis_early_decay_delta"": 2, ""early_fail_pct_threshold"": -32.0, ""type_a_first_candle_enabled"": false, ""type_a_early_fail_enabled"": false, ""scenario_c_exit_profile"": true, ""type_a_stall_enabled"": false, ""type_a_stall_min_age_sec"": 480, ""type_a_stall_min_candles"": 3, ""type_a_stall_max_mfe_pct"": 5.0, ""trend_weakening_enabled"": false, ""spread_penalty_threshold"": 5, ""spread_penalty_margin_mult"": 0.75}",2026-06-26T18:25:25.346205+00:00,2026-06-27 04:25:25 AEST,2026-06-27 04:25:25 AEST
2026-06-26T18:27:55.331293+00:00,cont-da0d250714b4,SHORT,60041.62,59940.74,0.324766,16.8,20.0,4,3.36,3.36,0.0,0.0,-0.0,-0.0,PROFIT_LOCK_LADDER,100,0.56,62,44.0,True,SIM_LIMIT,AI_DIRECT_LIMIT,,,,,0,BEAR,SR,60-70,SPAWN,-3,-3,BEARISH_STRUCTURE,CONFLICTED,14.85,-3,3,7,0.01791,bitfinex,tBTCF0:USTF0,v11.1-virtual-chase-known-combos-v1,BITFINEX_ZERO,v11.1-virtual-chase-known-combos-v1,CONTINUOUS,Continuous AI Research,APPROVE,60048.0,0.013143,0.027902,NEAR_RESISTANCE,0.001177,0.166564,156.9,0.324767,0.0,19.090091,177.344,177.344,177.344,0-5m,AI_DIRECT,AI_DIRECT_CHASE,2,,6.38,0.0,0.1579,0.1579,False,0.0,0.0,-0.000242,-8e-06,0.013042,1.364616,-44.119504,0.0,0.619831,60032.0,60108.735756,60028.480567,60501.131053,0.001337,NEAR_RESISTANCE,SHORT_PREFERRED,0.013143,0.027902,BEAR,3.0,44.0,0.0,100,1.9,True,True,APPROVE,62,"```json
{
  ""direction"": ""SHORT"",
  ""confidence"": 62,
  ""long_score"": 30,
  ""short_score"": 70,
  ""preferred_direction"": ""SHORT"",
  ""entry_zone_low"": 60050,
  ""entry_zone_high"": 60150,
  ""limit_price"": 60100,
  ""expected_mfe"": 120,
  ""expected_mae"": 80,
  ""reversal_probability"": 25,
  ""exit_style"": ""AGGRESSIVE"",
  ""reasons_for_trade"": [
    ""BEAR regime with intact trend health (bear_score 6 vs bull_score 4)"",
    ""Price near resistance (1.27% away) with SHORT_PREFERRED SR bias"",
    ""Negative velocity and delta (-44) confirm selling pressure"",
    ""Volume ratio elevated (2.07) supporting bearish continuation"",
    ""Market structure bearish (structure_score -3, last swing high at 60650)"",
    ""EMA9 slope negative, price below EMA200, bearish EMA alignment"",
    ""ADX 14.85 below 25 but trend strength still favors bear (trend_score -3)"",
    ""Funding positive (0.018% per 8h) favoring shorts""
  ],
  ""reasons_against_trade"": [
    ""MTF conflicted (15m ranging, 1h bullish, 4h bearish) reduces conviction"",
    ""Price near micro support (59986) could trigger bounce"",
    ""Higher low detected suggests potential micro reversal risk"",
    ""Low ADX (<25) indicates non-trending conditions, mean reversion risk"",
    ""Edge score (1.9) below threshold (3.0) suggests weak edge telemetry""
  ],
  ""bull_score"": 3,
  ""bear_score"": 7
}
```

**Direction:** SHORT  
**Win probability:** 62%  
**Long score:** 30  
**Short score:** 70  
**Bull score:** 3/10  
**Bear score:** 7/10  
**Decision:** APPROVE  

**Reason:** The bearish case dominates across trend health, structure, orderflow, and SR context. Price is near resistance (1.27% away) with negative velocity and delta, elevated volume, and bearish EMA alignment. The MTF conflict (15m ranging, 1h bullish) and low ADX reduce conviction slightly, but the overall bearish hierarchy (regime, structure, trend health) supports a short continuation. Entry is set above current price (pullback to 60100) to avoid chasing. Exit style AGGRESSIVE given low ADX and proximity to support (59986) - take profits quickly on any weakness.",60041.62,59940.74,MAKER,TAKER,0.033307,6.38,177.344,3.36,3.36,0.0,0.0,-0.0,-0.0,16.8,19.486073,PROFIT_LOCK_LADDER,-44.119504,1.364616,-8e-06,0.619831,False,True,"{'price': 60032.0, 'ret_1m': -1.6657505038895273e-05, 'ret_5m': -8.328197611472925e-05, 'ema9': 60108.73575570012, 'ema21': 60028.48056674459, 'ema200': 60501.13105336876, 'dist_to_support': 0.027901785714285716, 'dist_to_resistance': 0.013142990405117272, 'volume': 0.013042281999999999, 'volume_ratio': 1.3646156452902876, 'delta': -44.11950425700014, 'velocity': -8.32717119761195e-06, 'imbalance': 0.6198307075650193, 'candle_range': 156.9, 'body_ratio': 0.43617315798527106, 'wick_ratio': 0.46382684201472896}",1.9,"{'early_fail_enabled': True, 'invert_signal': False, 'ai_enabled': True, 'edge_threshold': 3.0, 'edge_threshold_max': None, 'edge_range_preset': 'min_only', 'ai_threshold': 44.0, 'leverage': 100, 'pullback_threshold': 0.001}","{'ema9': 60108.73575570012, 'ema21': 60028.48056674459, 'ema200': 60501.13105336876, 'ema_spread': 0.001337, 'ema9_slope_pct': -0.0491, 'ema21_slope_pct': 0.0272, 'ema9_above_ema21': True, 'ema21_above_ema200': False}",MOMENTUM_SHORT,1.9,1.9,False,True,INV_False_EF_True,SHORT,10,6,SCENARIO_C_RUNNER_10_v4,40.0,10.0,-12.0,2.0,8.0,300,1,2,-32.0,False,False,True,False,480,3,5.0,False,5,0.75,"[[10, 6], [19, 17], [40, 28], [60, 45], [80, 60], [100, 75], [150, 120]]","{""trail_ladder"": [[10, 6], [19, 17], [40, 28], [60, 45], [80, 60], [100, 75], [150, 120]], ""ladder_first_trigger_pct"": 10, ""ladder_first_lock_pct"": 6, ""exit_profile_id"": ""SCENARIO_C_RUNNER_10_v4"", ""peak_never_loser_min_peak"": 40.0, ""peak_never_loser_floor"": 10.0, ""thesis_fast_exit_unreal_pct"": -12.0, ""thesis_mfe_protect_pct"": 2.0, ""thesis_exit_if_above_unreal_pct"": 8.0, ""thesis_min_age_sec"": 300, ""thesis_score_flip_margin"": 1, ""thesis_early_decay_delta"": 2, ""early_fail_pct_threshold"": -32.0, ""type_a_first_candle_enabled"": false, ""type_a_early_fail_enabled"": false, ""scenario_c_exit_profile"": true, ""type_a_stall_enabled"": false, ""type_a_stall_min_age_sec"": 480, ""type_a_stall_min_candles"": 3, ""type_a_stall_max_mfe_pct"": 5.0, ""trend_weakening_enabled"": false, ""spread_penalty_threshold"": 5, ""spread_penalty_margin_mult"": 0.75}",2026-06-26T18:27:55.331293+00:00,2026-06-27 04:27:55 AEST,2026-06-27 04:27:55 AEST
2026-06-26T18:28:11.945911+00:00,vc603-34952ac137d0,SHORT,60049.0,59947.76,1.602923,16.87,20.0,4,3.37,3.37,0.0,0.0,-0.0,-0.0,PROFIT_LOCK_LADDER,100,0.56,62,44.0,True,SIM_LIMIT,AI_DIRECT_LIMIT,,,,,0,BEAR,SR,60-70,SPAWN,-3,-3,BEARISH_STRUCTURE,CONFLICTED,14.85,-3,3,7,0.01791,bitfinex,tBTCF0:USTF0,v11.1-virtual-chase-known-combos-v1,BITFINEX_ZERO,v11.1-virtual-chase-known-combos-v1,AI60_SP3_VIRTUAL_CHASE,AI60+ · Spread >=3 · Virtual Chase,APPROVE,60060.0,0.012485,0.028533,NEAR_RESISTANCE,0.001177,0.099905,156.9,1.602924,-1.332245,20.816333,315.052,315.052,315.052,5-15m,AI_DIRECT,AI_DIRECT_CHASE,6,,11.0,0.0,0.2586,0.2586,False,0.0,0.0,-0.001197,0.0,0.037146,1.485084,-41.515575,0.0,0.625526,60060.0,60108.735756,60028.480567,60501.131053,0.001337,NEAR_RESISTANCE,SHORT_PREFERRED,0.012485,0.028533,BEAR,3.0,44.0,0.0,100,2.2,True,True,APPROVE,62,"```json
{
  ""direction"": ""SHORT"",
  ""confidence"": 62,
  ""long_score"": 30,
  ""short_score"": 70,
  ""preferred_direction"": ""SHORT"",
  ""entry_zone_low"": 60071,
  ""entry_zone_high"": 60150,
  ""limit_price"": 60110,
  ""expected_mfe"": 120,
  ""expected_mae"": 80,
  ""reversal_probability"": 45,
  ""exit_style"": ""AGGRESSIVE"",
  ""reasons_for_trade"": [
    ""BEAR regime with bearish structure score -3 and BEARISH_STRUCTURE bias"",
    ""Price near resistance (1.25% away) with SHORT_PREFERRED sr_bias"",
    ""EMA9 above EMA21 but both below EMA200, bearish stack incomplete but bearish bias"",
    ""ADX 14.85 below 25, but trend health state BEAR with bear_score 6 vs bull_score 4"",
    ""Funding positive (0.0179% per 8h) favoring shorts, longs pay shorts"",
    ""Market structure shift BULL_TO_BEAR_SHIFT, last 3 regimes all BEAR"",
    ""Volume ratio elevated (2.85) with negative delta (-41.5), bearish orderflow"",
    ""Multi-timeframe conflicted but 4h BEARISH dominates, 15m RANGING near resistance""
  ],
  ""reasons_against_trade"": [
    ""Price near micro support (59986) with higher_low_detected, bounce risk"",
    ""Reversal risk score 45, not negligible"",
    ""ADX below 25 suggests no strong trending momentum"",
    ""EMA9 above EMA21 could indicate short-term bullish pressure"",
    ""Liquidity sweeps both high and low, market indecisive"",
    ""Entry near support zone reduces short expectancy without strong continuation""
  ],
  ""bull_score"": 3,
  ""bear_score"": 7
}
```

**Direction:** SHORT  
**Win probability:** 62%  
**Long score:** 30  
**Short score:** 70  
**Bull score:** 3/10  
**Bear score:** 7/10  
**Decision:** APPROVE  

**Reason:** The bearish case dominates across trend hierarchy: BEAR regime, bearish structure (score -3), bearish trend health (bear_score 6 vs bull_score 4), negative delta with high volume ratio, and positive funding favoring shorts. Price is near resistance (1.25% away) with SHORT_PREFERRED bias. While ADX is low (14.85) and micro support exists at 59986, the continuation bias favors shorts given the persistent BEAR alignment across multiple cycles. The reversal risk (45) tempers confidence but does not override the bearish evidence. Entry is set slightly above current price to allow pullback, with aggressive exit due to proximity to support.",60049.0,59947.76,MAKER,TAKER,0.033322,11.0,315.052,3.37,3.37,0.0,0.0,-0.0,-0.0,16.87,96.175478,PROFIT_LOCK_LADDER,-41.515575,1.485084,0.0,0.625526,False,True,"{'price': 60060.0, 'ret_1m': 0.0, 'ret_5m': 4.9952545082171936e-05, 'ema9': 60108.73575570012, 'ema21': 60028.48056674459, 'ema200': 60501.13105336876, 'dist_to_support': 0.02853290273176741, 'dist_to_resistance': 0.012485225816117594, 'volume': 0.037146129, 'volume_ratio': 1.4850844251923985, 'delta': -41.51557459800012, 'velocity': 2.6330518493761787e-09, 'imbalance': 0.6255255227045449, 'candle_range': 156.9, 'body_ratio': 0.43617315798527106, 'wick_ratio': 0.46382684201472896}",2.2,"{'early_fail_enabled': True, 'invert_signal': False, 'ai_enabled': True, 'edge_threshold': 3.0, 'edge_threshold_max': None, 'edge_range_preset': 'min_only', 'ai_threshold': 44.0, 'leverage': 100, 'pullback_threshold': 0.001}","{'ema9': 60108.73575570012, 'ema21': 60028.48056674459, 'ema200': 60501.13105336876, 'ema_spread': 0.001337, 'ema9_slope_pct': -0.0491, 'ema21_slope_pct': 0.0272, 'ema9_above_ema21': True, 'ema21_above_ema200': False}",WEAK_SETUP,2.2,2.2,False,True,INV_False_EF_True,SHORT,10,6,SCENARIO_C_RUNNER_10_v4,40.0,10.0,-12.0,2.0,8.0,300,1,2,-32.0,False,False,True,False,480,3,5.0,False,5,0.75,"[[10, 6], [19, 17], [40, 28], [60, 45], [80, 60], [100, 75], [150, 120]]","{""trail_ladder"": [[10, 6], [19, 17], [40, 28], [60, 45], [80, 60], [100, 75], [150, 120]], ""ladder_first_trigger_pct"": 10, ""ladder_first_lock_pct"": 6, ""exit_profile_id"": ""SCENARIO_C_RUNNER_10_v4"", ""peak_never_loser_min_peak"": 40.0, ""peak_never_loser_floor"": 10.0, ""thesis_fast_exit_unreal_pct"": -12.0, ""thesis_mfe_protect_pct"": 2.0, ""thesis_exit_if_above_unreal_pct"": 8.0, ""thesis_min_age_sec"": 300, ""thesis_score_flip_margin"": 1, ""thesis_early_decay_delta"": 2, ""early_fail_pct_threshold"": -32.0, ""type_a_first_candle_enabled"": false, ""type_a_early_fail_enabled"": false, ""scenario_c_exit_profile"": true, ""type_a_stall_enabled"": false, ""type_a_stall_min_age_sec"": 480, ""type_a_stall_min_candles"": 3, ""type_a_stall_max_mfe_pct"": 5.0, ""trend_weakening_enabled"": false, ""spread_penalty_threshold"": 5, ""spread_penalty_margin_mult"": 0.75}",2026-06-26T18:28:11.945911+00:00,2026-06-27 04:28:11 AEST,2026-06-27 04:28:11 AEST
2026-06-26T18:37:06.454185+00:00,cont-c21b8d4b1ec0,SHORT,59898.73,59851.0,1.400205,7.97,20.0,4,1.59,1.59,0.0,0.0,-0.0,-0.0,PROFIT_LOCK_LADDER,100,0.27,62,44.0,True,SIM_LIMIT,AI_DIRECT_LIMIT,,,,,0,BEAR,SR,60-70,SPAWN,-3,-3,BEARISH_STRUCTURE,MIXED,13.36,-3,3,7,0.01791,bitfinex,tBTCF0:USTF0,v11.1-virtual-chase-known-combos-v1,BITFINEX_ZERO,v11.1-virtual-chase-known-combos-v1,CONTINUOUS,Continuous AI Research,APPROVE,59843.0,0.016836,0.024359,FREE_RANGE,0.000497,0.434674,129.9,1.400206,0.0,12.476058,252.709,252.709,252.709,0-5m,AI_DIRECT,AI_DIRECT_CHASE,5,,55.73,0.0,0.0,0.0,False,0.0,0.0,-0.001046,-1.2e-05,0.016537,0.027232,-50.656345,0.0,0.597107,59828.0,60019.228605,59993.098036,60490.108525,0.000436,FREE_RANGE,SHORT_PREFERRED,0.016836,0.024359,BEAR,3.0,44.0,0.0,100,2.3,True,True,APPROVE,62,"```json
{
  ""direction"": ""SHORT"",
  ""confidence"": 62,
  ""long_score"": 25,
  ""short_score"": 70,
  ""preferred_direction"": ""SHORT"",
  ""entry_zone_low"": 59950,
  ""entry_zone_high"": 60100,
  ""limit_price"": 60025,
  ""expected_mfe"": 120,
  ""expected_mae"": 80,
  ""reversal_probability"": 25,
  ""exit_style"": ""AGGRESSIVE"",
  ""reasons_for_trade"": [
    ""Trend health is BEAR with bear_score 7 vs bull_score 3, indicating intact bearish momentum"",
    ""Market structure bias is BEARISH_STRUCTURE with structure_score -3 and last swing labels showing LL/HL pattern"",
    ""Multi-timeframe agreement shows 4h BEARISH, 1h RANGING, 15m RANGING - no bullish alignment to counter the bear"",
    ""Price is below EMA9, EMA21, and EMA200 with negative slopes, confirming bearish EMA alignment"",
    ""ADX at 13.36 is below 25, but trend health and structure still favor continuation over reversal"",
    ""Liquidity sweep high detected (likely a false breakout) and no sweep low, suggesting sellers remain in control"",
    ""Funding rate positive (0.01791% per 8h) favors shorts, consistent with bearish sentiment"",
    ""Edge score 2.3 is below threshold 3.0, indicating no strong edge for counter-trend longs"",
    ""Reversal risk score is low at 25, suggesting low probability of a trend reversal in the short term""
  ],
  ""reasons_against_trade"": [
    ""Price is near micro support at 59986, which could provide a bounce and increase short-term risk"",
    ""ADX below 25 suggests the market is not strongly trending, increasing chance of range-bound behavior"",
    ""Volume ratio elevated at 2.33 could indicate exhaustion or capitulation, not necessarily continuation"",
    ""Candle has a large wick ratio (0.42), suggesting some buying pressure at lows"",
    ""Distance to support (2.44%) is greater than distance to resistance (1.68%), meaning downside may be limited in the near term""
  ],
  ""bull_score"": 3,
  ""bear_score"": 7
}
```",59898.73,59851.0,MAKER,TAKER,0.033421,55.73,252.709,1.59,1.59,0.0,0.0,-0.0,-0.0,7.97,84.012409,PROFIT_LOCK_LADDER,-50.656345,0.027232,-1.2e-05,0.597107,False,True,"{'price': 59828.0, 'ret_1m': -5.0141231134361786e-05, 'ret_5m': 0.00021733678843099556, 'ema9': 60019.22860456011, 'ema21': 59993.09803588582, 'ema200': 60490.108524805146, 'dist_to_support': 0.024358845755174375, 'dist_to_resistance': 0.01683552345604708, 'volume': 0.016537445999999997, 'volume_ratio': 0.02723208581078596, 'delta': -50.656345012000095, 'velocity': -1.1678162145867109e-05, 'imbalance': 0.5971072767272034, 'candle_range': 129.9, 'body_ratio': 0.4761287628687338, 'wick_ratio': 0.4238712371312662}",2.3,"{'early_fail_enabled': True, 'invert_signal': False, 'ai_enabled': True, 'edge_threshold': 3.0, 'edge_threshold_max': None, 'edge_range_preset': 'min_only', 'ai_threshold': 44.0, 'leverage': 100, 'pullback_threshold': 0.001}","{'ema9': 60019.22860456011, 'ema21': 59993.09803588582, 'ema200': 60490.108524805146, 'ema_spread': 0.000436, 'ema9_slope_pct': -0.171, 'ema21_slope_pct': -0.0386, 'ema9_above_ema21': True, 'ema21_above_ema200': False}",MOMENTUM_SHORT,2.3,2.3,False,True,INV_False_EF_True,SHORT,10,6,SCENARIO_C_RUNNER_10_v4,40.0,10.0,-12.0,2.0,8.0,300,1,2,-32.0,False,False,True,False,480,3,5.0,False,5,0.75,"[[10, 6], [19, 17], [40, 28], [60, 45], [80, 60], [100, 75], [150, 120]]","{""trail_ladder"": [[10, 6], [19, 17], [40, 28], [60, 45], [80, 60], [100, 75], [150, 120]], ""ladder_first_trigger_pct"": 10, ""ladder_first_lock_pct"": 6, ""exit_profile_id"": ""SCENARIO_C_RUNNER_10_v4"", ""peak_never_loser_min_peak"": 40.0, ""peak_never_loser_floor"": 10.0, ""thesis_fast_exit_unreal_pct"": -12.0, ""thesis_mfe_protect_pct"": 2.0, ""thesis_exit_if_above_unreal_pct"": 8.0, ""thesis_min_age_sec"": 300, ""thesis_score_flip_margin"": 1, ""thesis_early_decay_delta"": 2, ""early_fail_pct_threshold"": -32.0, ""type_a_first_candle_enabled"": false, ""type_a_early_fail_enabled"": false, ""scenario_c_exit_profile"": true, ""type_a_stall_enabled"": false, ""type_a_stall_min_age_sec"": 480, ""type_a_stall_min_candles"": 3, ""type_a_stall_max_mfe_pct"": 5.0, ""trend_weakening_enabled"": false, ""spread_penalty_threshold"": 5, ""spread_penalty_margin_mult"": 0.75}",2026-06-26T18:37:06.454185+00:00,2026-06-27 04:37:06 AEST,2026-06-27 04:37:06 AEST
2026-06-26T18:39:13.604505+00:00,vc603-c1edf0ff6f19,SHORT,59909.35,59811.0,5.239133,16.44,20.0,4,3.29,3.28,0.0,0.0,-0.0,-0.0,PROFIT_LOCK_LADDER,100,0.55,62,44.0,True,SIM_LIMIT,AI_DIRECT_LIMIT,,,,,0,BEAR,SR,60-70,SPAWN,-3,-3,BEARISH_STRUCTURE,MIXED,13.36,-3,3,7,0.01791,bitfinex,tBTCF0:USTF0,v11.1-virtual-chase-known-combos-v1,BITFINEX_ZERO,v11.1-virtual-chase-known-combos-v1,AI60_SP3_VIRTUAL_CHASE,AI60+ · Spread >=3 · Virtual Chase,APPROVE,59854.0,0.016836,0.024359,FREE_RANGE,0.000437,0.434565,129.9,5.239133,-0.776173,20.088684,145.282,145.282,145.282,0-5m,AI_DIRECT,AI_DIRECT_CHASE,6,,55.35,0.0,0.0,0.0,False,0.0,0.0,-0.003912,2.2e-05,0.000791,0.014237,-50.652608,0.0,0.59691,59843.0,60019.228605,59993.098036,60490.108525,0.000436,FREE_RANGE,SHORT_PREFERRED,0.016836,0.024359,BEAR,3.0,44.0,0.0,100,2.3,True,True,APPROVE,62,"```json
{
  ""direction"": ""SHORT"",
  ""confidence"": 62,
  ""long_score"": 25,
  ""short_score"": 70,
  ""preferred_direction"": ""SHORT"",
  ""entry_zone_low"": 59950,
  ""entry_zone_high"": 60100,
  ""limit_price"": 60025,
  ""expected_mfe"": 120,
  ""expected_mae"": 80,
  ""reversal_probability"": 25,
  ""exit_style"": ""AGGRESSIVE"",
  ""reasons_for_trade"": [
    ""Trend health is BEAR with bear_score 7 vs bull_score 3, indicating intact bearish momentum"",
    ""Market structure bias is BEARISH_STRUCTURE with structure_score -3 and last swing labels showing LL/HL pattern"",
    ""Multi-timeframe agreement shows 4h BEARISH, 1h RANGING, 15m RANGING - no bullish alignment to counter the bear"",
    ""Price is below EMA9, EMA21, and EMA200 with negative slopes, confirming bearish EMA alignment"",
    ""ADX at 13.36 is below 25, but trend health and structure still favor continuation over reversal"",
    ""Liquidity sweep high detected (likely a false breakout) and no sweep low, suggesting sellers remain in control"",
    ""Funding rate positive (0.01791% per 8h) favors shorts, consistent with bearish sentiment"",
    ""Edge score 2.3 is below threshold 3.0, indicating no strong edge for counter-trend longs"",
    ""Reversal risk score is low at 25, suggesting low probability of a trend reversal in the short term""
  ],
  ""reasons_against_trade"": [
    ""Price is near micro support at 59986, which could provide a bounce and increase short-term risk"",
    ""ADX below 25 suggests the market is not strongly trending, increasing chance of range-bound behavior"",
    ""Volume ratio elevated at 2.33 could indicate exhaustion or capitulation, not necessarily continuation"",
    ""Candle has a large wick ratio (0.42), suggesting some buying pressure at lows"",
    ""Distance to support (2.44%) is greater than distance to resistance (1.68%), meaning downside may be limited in the near term""
  ],
  ""bull_score"": 3,
  ""bear_score"": 7
}
```",59909.35,59811.0,MAKER,TAKER,0.033402,55.35,145.282,3.29,3.28,0.0,0.0,-0.0,-0.0,16.44,314.348052,PROFIT_LOCK_LADDER,-50.652608,0.014237,2.2e-05,0.59691,False,True,"{'price': 59843.0, 'ret_1m': -1.671011296036361e-05, 'ret_5m': 0.00021728229984957378, 'ema9': 60019.22860456011, 'ema21': 59993.09803588582, 'ema200': 60490.108524805146, 'dist_to_support': 0.024358845755174375, 'dist_to_resistance': 0.01683552345604708, 'volume': 0.0007914759999999999, 'volume_ratio': 0.014237208701204726, 'delta': -50.65260812000008, 'velocity': 2.1727866890266613e-05, 'imbalance': 0.5969096486827016, 'candle_range': 129.9, 'body_ratio': 0.4761287628687338, 'wick_ratio': 0.4238712371312662}",2.3,"{'early_fail_enabled': True, 'invert_signal': False, 'ai_enabled': True, 'edge_threshold': 3.0, 'edge_threshold_max': None, 'edge_range_preset': 'min_only', 'ai_threshold': 44.0, 'leverage': 100, 'pullback_threshold': 0.001}","{'ema9': 60019.22860456011, 'ema21': 59993.09803588582, 'ema200': 60490.108524805146, 'ema_spread': 0.000436, 'ema9_slope_pct': -0.171, 'ema21_slope_pct': -0.0386, 'ema9_above_ema21': True, 'ema21_above_ema200': False}",WEAK_SETUP,2.3,2.3,False,True,INV_False_EF_True,SHORT,10,6,SCENARIO_C_RUNNER_10_v4,40.0,10.0,-12.0,2.0,8.0,300,1,2,-32.0,False,False,True,False,480,3,5.0,False,5,0.75,"[[10, 6], [19, 17], [40, 28], [60, 45], [80, 60], [100, 75], [150, 120]]","{""trail_ladder"": [[10, 6], [19, 17], [40, 28], [60, 45], [80, 60], [100, 75], [150, 120]], ""ladder_first_trigger_pct"": 10, ""ladder_first_lock_pct"": 6, ""exit_profile_id"": ""SCENARIO_C_RUNNER_10_v4"", ""peak_never_loser_min_peak"": 40.0, ""peak_never_loser_floor"": 10.0, ""thesis_fast_exit_unreal_pct"": -12.0, ""thesis_mfe_protect_pct"": 2.0, ""thesis_exit_if_above_unreal_pct"": 8.0, ""thesis_min_age_sec"": 300, ""thesis_score_flip_margin"": 1, ""thesis_early_decay_delta"": 2, ""early_fail_pct_threshold"": -32.0, ""type_a_first_candle_enabled"": false, ""type_a_early_fail_enabled"": false, ""scenario_c_exit_profile"": true, ""type_a_stall_enabled"": false, ""type_a_stall_min_age_sec"": 480, ""type_a_stall_min_candles"": 3, ""type_a_stall_max_mfe_pct"": 5.0, ""trend_weakening_enabled"": false, ""spread_penalty_threshold"": 5, ""spread_penalty_margin_mult"": 0.75}",2026-06-26T18:39:13.604505+00:00,2026-06-27 04:39:13 AEST,2026-06-27 04:39:13 AEST
2026-06-26T18:46:02.116651+00:00,vc603-fdcf83460def,SHORT,59815.15,59771.0,2.07908,7.39,15.0,6,1.11,1.11,0.0,0.0,-0.0,-0.0,PROFIT_LOCK_LADDER,100,0.25,62,44.0,True,SIM_LIMIT,AI_DIRECT_LIMIT,,,,,0,BEAR,SR,60-70,SPAWN,-3,-3,BEARISH_STRUCTURE,BEAR_ALIGNED,13.52,-5,3,9,0.01791,bitfinex,tBTCF0:USTF0,v11.1-virtual-chase-known-combos-v1,BITFINEX_ZERO,v11.1-virtual-chase-known-combos-v1,AI60_SP3_VIRTUAL_CHASE,AI60+ · Spread >=3 · Virtual Chase,APPROVE,59829.0,0.016836,0.024359,FREE_RANGE,-8.3e-05,0.919394,129.9,2.07908,-2.482649,11.560616,149.995,149.995,149.995,0-5m,AI_DIRECT,AI_DIRECT_CHASE,6,,13.85,0.0,0.0,0.0,False,0.0,0.0,-0.001164,2.5e-05,0.001,0.083199,-52.123643,0.0,0.58661,59833.0,60014.828605,59991.098036,60489.889619,0.000396,FREE_RANGE,SHORT_PREFERRED,0.016836,0.024359,BEAR,3.0,44.0,0.0,100,2.5,True,True,APPROVE,62,"```json
{
  ""direction"": ""SHORT"",
  ""confidence"": 62,
  ""long_score"": 25,
  ""short_score"": 72,
  ""preferred_direction"": ""SHORT"",
  ""entry_zone_low"": 59850,
  ""entry_zone_high"": 59950,
  ""limit_price"": 59900,
  ""expected_mfe"": 120,
  ""expected_mae"": 80,
  ""reversal_probability"": 63,
  ""exit_style"": ""AGGRESSIVE"",
  ""reasons_for_trade"": [
    ""BEAR_ALIGNED multi-timeframe agreement (15m RANGING, 1h BEARISH, 4h BEARISH) with bearish structure bias"",
    ""Trend health state is BEAR with bear_score 9 vs bull_score 3, indicating intact bearish momentum"",
    ""EMA alignment shows price below all EMAs (ema9, ema21, ema200) with negative slopes, bearish stack"",
    ""Market structure shift is BEAR_CONTINUATION with last swing high at 60650 and lower highs forming"",
    ""Funding rate positive (0.01791% per 8h) favors shorts, consistent with bearish sentiment"",
    ""Liquidity sweep high detected (60821 recent high) suggests potential rejection from resistance zone"",
    ""ADX at 13.52 is below 25, but trend strength is still bearish with low volume ratio (0.07) indicating weak buying""
  ],
  ""reasons_against_trade"": [
    ""Reversal risk score is elevated at 63, indicating potential for mean reversion or bounce"",
    ""Price is near micro support at 59986 (0.29% away), increasing risk of support-driven bounce"",
    ""Higher low detected on micro structure suggests some buying interest at lower levels"",
    ""Volume ratio is very low (0.07), which can lead to erratic price action and false breakouts"",
    ""ADX below 25 suggests non-trending conditions, reducing confidence in continuation""
  ],
  ""bull_score"": 3,
  ""bear_score"": 9
}
```",59815.15,59771.0,MAKER,TAKER,0.025092,13.85,149.995,1.11,1.11,0.0,0.0,-0.0,-0.0,7.39,124.744872,PROFIT_LOCK_LADDER,-52.123643,0.083199,2.5e-05,0.58661,False,True,"{'price': 59833.0, 'ret_1m': 0.00018387884056032897, 'ret_5m': 0.00036782531641336877, 'ema9': 60014.828604560105, 'ema21': 59991.09803588582, 'ema200': 60489.88961933251, 'dist_to_support': 0.024358845755174375, 'dist_to_resistance': 0.01683552345604708, 'volume': 0.0010000000000000002, 'volume_ratio': 0.08319944739592637, 'delta': -52.12364297000013, 'velocity': 2.5075644992815223e-05, 'imbalance': 0.5866099991613024, 'candle_range': 129.9, 'body_ratio': 0.4761287628687338, 'wick_ratio': 0.4238712371312662}",2.5,"{'early_fail_enabled': True, 'invert_signal': False, 'ai_enabled': True, 'edge_threshold': 3.0, 'edge_threshold_max': None, 'edge_range_preset': 'min_only', 'ai_threshold': 44.0, 'leverage': 100, 'pullback_threshold': 0.001}","{'ema9': 60014.828604560105, 'ema21': 59991.09803588582, 'ema200': 60489.88961933251, 'ema_spread': 0.000396, 'ema9_slope_pct': -0.1783, 'ema21_slope_pct': -0.0419, 'ema9_above_ema21': True, 'ema21_above_ema200': False}",WEAK_SETUP,2.5,2.5,False,True,INV_False_EF_True,SHORT,10,6,SCENARIO_C_RUNNER_10_v4,40.0,10.0,-12.0,2.0,8.0,300,1,2,-32.0,False,False,True,False,480,3,5.0,False,5,0.75,"[[10, 6], [19, 17], [40, 28], [60, 45], [80, 60], [100, 75], [150, 120]]","{""trail_ladder"": [[10, 6], [19, 17], [40, 28], [60, 45], [80, 60], [100, 75], [150, 120]], ""ladder_first_trigger_pct"": 10, ""ladder_first_lock_pct"": 6, ""exit_profile_id"": ""SCENARIO_C_RUNNER_10_v4"", ""peak_never_loser_min_peak"": 40.0, ""peak_never_loser_floor"": 10.0, ""thesis_fast_exit_unreal_pct"": -12.0, ""thesis_mfe_protect_pct"": 2.0, ""thesis_exit_if_above_unreal_pct"": 8.0, ""thesis_min_age_sec"": 300, ""thesis_score_flip_margin"": 1, ""thesis_early_decay_delta"": 2, ""early_fail_pct_threshold"": -32.0, ""type_a_first_candle_enabled"": false, ""type_a_early_fail_enabled"": false, ""scenario_c_exit_profile"": true, ""type_a_stall_enabled"": false, ""type_a_stall_min_age_sec"": 480, ""type_a_stall_min_candles"": 3, ""type_a_stall_max_mfe_pct"": 5.0, ""trend_weakening_enabled"": false, ""spread_penalty_threshold"": 5, ""spread_penalty_margin_mult"": 0.75}",2026-06-26T18:46:02.116651+00:00,2026-06-27 04:46:02 AEST,2026-06-27 04:46:02 AEST
2026-06-26T18:47:36.341390+00:00,cont-c4920d940353,SHORT,59828.87,59735.0,2.531814,15.7,15.0,6,2.35,2.35,0.0,0.0,-0.0,-0.0,PROFIT_LOCK_LADDER,100,0.52,62,44.0,True,SIM_LIMIT,AI_DIRECT_LIMIT,,,,,0,BEAR,SR,60-70,SPAWN,-3,-3,BEARISH_STRUCTURE,BEAR_ALIGNED,13.44,-5,3,9,0.01791,bitfinex,tBTCF0:USTF0,v11.1-virtual-chase-known-combos-v1,BITFINEX_ZERO,v11.1-virtual-chase-known-combos-v1,CONTINUOUS,Continuous AI Research,APPROVE,59839.0,0.016241,0.024929,FREE_RANGE,-0.000134,0.227337,129.9,2.531815,0.0,19.032618,416.257,416.257,416.257,5-15m,AI_DIRECT,AI_DIRECT_CHASE,7,,10.13,0.0,0.0,0.0,False,0.0,0.0,-0.001417,2.8e-05,0.02529,0.646307,-51.731287,0.0,0.587339,59845.0,60020.628605,59993.7344,60490.178177,0.000448,FREE_RANGE,SHORT_PREFERRED,0.016241,0.024929,BEAR,3.0,44.0,0.0,100,3.0,True,True,APPROVE,62,"```json
{
  ""direction"": ""SHORT"",
  ""confidence"": 62,
  ""long_score"": 25,
  ""short_score"": 72,
  ""preferred_direction"": ""SHORT"",
  ""entry_zone_low"": 59950,
  ""entry_zone_high"": 60150,
  ""limit_price"": 60050,
  ""expected_mfe"": 120,
  ""expected_mae"": 80,
  ""reversal_probability"": 63,
  ""exit_style"": ""AGGRESSIVE"",
  ""reasons_for_trade"": [
    ""MTF agreement is BEAR_ALIGNED (15m ranging, 1h/4h bearish)"",
    ""Market structure bias is BEARISH_STRUCTURE with structure_score -3"",
    ""Trend health state is BEAR with bear_score 9 vs bull_score 3"",
    ""EMA stack shows price below all EMAs (9, 21, 200) with bearish slopes"",
    ""ADX at 13.44 is below 25, but trend strength score is -5 indicating weak bear trend - not strong enough for continuation, but still bearish"",
    ""Delta is negative (-51.67) and imbalance favors sellers (0.587)"",
    ""Liquidity sweep high occurred, suggesting potential rejection from resistance"",
    ""Regime is BEAR and market_structure_shift is BEAR_CONTINUATION"",
    ""Edge score at 3.0 meets threshold, supporting trade activation""
  ],
  ""reasons_against_trade"": [
    ""Reversal risk score is 63, indicating moderate reversal probability"",
    ""Higher low detected (micro support at 59986) could provide bounce risk"",
    ""ADX below 25 suggests non-trending conditions - bearish but not strong momentum"",
    ""Volume ratio is low (0.42), indicating lack of conviction in current move"",
    ""Price is near micro support (0.23% away), increasing bounce risk for short entries"",
    ""Funding rate positive (0.0179% per 8h) favors shorts but also indicates crowded short positioning""
  ],
  ""bull_score"": 3,
  ""bear_score"": 9
}
```",59828.87,59735.0,MAKER,TAKER,0.025067,10.13,416.257,2.35,2.35,0.0,0.0,-0.0,-0.0,15.7,151.908941,PROFIT_LOCK_LADDER,-51.731287,0.646307,2.8e-05,0.587339,False,True,"{'price': 59845.0, 'ret_1m': 0.0, 'ret_5m': 0.000100269055298384, 'ema9': 60020.62860456011, 'ema21': 59993.73439952218, 'ema200': 60490.17817654644, 'dist_to_support': 0.02492940567093853, 'dist_to_resistance': 0.01624087286337282, 'volume': 0.025290167999999995, 'volume_ratio': 0.6463066655750757, 'delta': -51.73128744300011, 'velocity': 2.841713500739246e-05, 'imbalance': 0.5873386538518605, 'candle_range': 129.9, 'body_ratio': 0.4761287628687338, 'wick_ratio': 0.4238712371312662}",3.0,"{'early_fail_enabled': True, 'invert_signal': False, 'ai_enabled': True, 'edge_threshold': 3.0, 'edge_threshold_max': None, 'edge_range_preset': 'min_only', 'ai_threshold': 44.0, 'leverage': 100, 'pullback_threshold': 0.001}","{'ema9': 60020.62860456011, 'ema21': 59993.73439952218, 'ema200': 60490.17817654644, 'ema_spread': 0.000448, 'ema9_slope_pct': -0.1687, 'ema21_slope_pct': -0.0375, 'ema9_above_ema21': True, 'ema21_above_ema200': False}",WEAK_SETUP,3.0,3.0,False,True,INV_False_EF_True,SHORT,10,6,SCENARIO_C_RUNNER_10_v4,40.0,10.0,-12.0,2.0,8.0,300,1,2,-32.0,False,False,True,False,480,3,5.0,False,5,0.75,"[[10, 6], [19, 17], [40, 28], [60, 45], [80, 60], [100, 75], [150, 120]]","{""trail_ladder"": [[10, 6], [19, 17], [40, 28], [60, 45], [80, 60], [100, 75], [150, 120]], ""ladder_first_trigger_pct"": 10, ""ladder_first_lock_pct"": 6, ""exit_profile_id"": ""SCENARIO_C_RUNNER_10_v4"", ""peak_never_loser_min_peak"": 40.0, ""peak_never_loser_floor"": 10.0, ""thesis_fast_exit_unreal_pct"": -12.0, ""thesis_mfe_protect_pct"": 2.0, ""thesis_exit_if_above_unreal_pct"": 8.0, ""thesis_min_age_sec"": 300, ""thesis_score_flip_margin"": 1, ""thesis_early_decay_delta"": 2, ""early_fail_pct_threshold"": -32.0, ""type_a_first_candle_enabled"": false, ""type_a_early_fail_enabled"": false, ""scenario_c_exit_profile"": true, ""type_a_stall_enabled"": false, ""type_a_stall_min_age_sec"": 480, ""type_a_stall_min_candles"": 3, ""type_a_stall_max_mfe_pct"": 5.0, ""trend_weakening_enabled"": false, ""spread_penalty_threshold"": 5, ""spread_penalty_margin_mult"": 0.75}",2026-06-26T18:47:36.341390+00:00,2026-06-27 04:47:36 AEST,2026-06-27 04:47:36 AEST
2026-06-26T18:49:40.790704+00:00,vc603-45a40d479a90,SHORT,59827.43,59733.85,2.11867,15.65,15.0,6,2.35,2.35,0.0,0.0,-0.0,-0.0,PROFIT_LOCK_LADDER,100,0.52,62,44.0,True,SIM_MARKET,AI_DIRECT_LIMIT,,,,,0,BEAR,SR,60-70,SPAWN,-3,-3,BEARISH_STRUCTURE,BEAR_ALIGNED,13.54,-5,3,9,0.01791,bitfinex,tBTCF0:USTF0,v11.1-virtual-chase-known-combos-v1,BITFINEX_ZERO,v11.1-virtual-chase-known-combos-v1,AI60_SP3_VIRTUAL_CHASE,AI60+ · Spread >=3 · Virtual Chase,APPROVE,59820.0,0.016683,0.024506,FREE_RANGE,-0.0002,0.501429,129.9,2.118671,0.0,24.308248,184.077,184.077,184.077,0-5m,AI_DIRECT,AI_DIRECT_CHASE,6,,7.43,0.0,0.197,0.197,False,0.0,0.0,-0.001187,1.3e-05,0.033802,1.116653,-45.240468,0.0,0.469962,59823.0,60017.428605,59992.279854,60490.018973,0.000419,FREE_RANGE,SHORT_PREFERRED,0.016683,0.024506,BEAR,3.0,44.0,0.0,100,3.6,True,True,APPROVE,62,"```json
{
  ""direction"": ""SHORT"",
  ""confidence"": 62,
  ""long_score"": 25,
  ""short_score"": 72,
  ""preferred_direction"": ""SHORT"",
  ""entry_zone_low"": 59950,
  ""entry_zone_high"": 60100,
  ""limit_price"": 60025,
  ""expected_mfe"": 120,
  ""expected_mae"": 80,
  ""reversal_probability"": 45,
  ""exit_style"": ""AGGRESSIVE"",
  ""reasons_for_trade"": [
    ""MTF agreement is BEAR_ALIGNED (15m ranging, 1h/4h bearish) - strong bearish hierarchy"",
    ""Market structure bias is BEARISH_STRUCTURE with structure_score -3 and last swing labels showing LL/HL pattern"",
    ""Trend health state is BEAR with bear_score 9 vs bull_score 3 - bearish intact"",
    ""EMA stack shows price below all EMAs (9, 21, 200) and bearish slopes on 9 and 21"",
    ""ADX at 13.54 is below 25, but trend strength score is -5 and VWAP distance is -0.31% - weak trend but still bearish"",
    ""Orderflow delta is -46.33 (net selling) and imbalance is 0.487 (slight sell pressure)"",
    ""Liquidity sweep high detected (60821 recent high) - potential grab before continuation lower"",
    ""Edge score 3.6 above threshold 3.0 - signal quality acceptable"",
    ""Funding positive (0.0179% per 8h) - shorts receive funding, slight tailwind"",
    ""Price near micro support (59986) but structure is BEAR_CONTINUATION - bounce risk is manageable with aggressive exit""
  ],
  ""reasons_against_trade"": [
    ""ADX below 25 suggests non-trending conditions - trend strength is weak"",
    ""Price is very close to micro support (59986) - risk of bounce/reversal"",
    ""Reversal probability at 45% - moderate risk of mean reversion"",
    ""Higher low detected (HL in swing labels) - potential for structure shift"",
    ""Volume ratio only 1.13 - not strong conviction volume"",
    ""Candle range is narrow (129.9) - low volatility environment"",
    ""Market regime tracker shows recent compression/transition - choppy conditions""
  ],
  ""bull_score"": 3,
  ""bear_score"": 9
}
```

Direction: SHORT
Win probability: 62%
Long score: 25
Short score: 72
Bull score: 3
Bear score: 9
Decision: APPROVE
Reason: Bearish hierarchy dominates - MTF agreement, structure bias, trend health, and EMA alignment all favor shorts. Price near micro support (59986) introduces bounce risk, but the bearish continuation signal (liquidity sweep high, negative delta, bearish structure) outweighs this. ADX below 25 tempers conviction, but the score gap (72 vs 25) supports a short entry with aggressive exit to manage bounce risk. Entry zone set just above current price (pullback to 60025) to avoid chasing.",59827.43,59733.85,TAKER,TAKER,0.025101,7.43,184.077,2.35,2.35,0.0,0.0,-0.0,-0.0,15.65,127.120332,PROFIT_LOCK_LADDER,-45.240468,1.116653,1.3e-05,0.469962,False,True,"{'price': 59823.0, 'ret_1m': -0.00010028581457152886, 'ret_5m': 0.0001504664459825459, 'ema9': 60017.428604560104, 'ema21': 59992.27985406764, 'ema200': 60490.018972566344, 'dist_to_support': 0.024505624926867593, 'dist_to_resistance': 0.0166825468465306, 'volume': 0.033802026000000006, 'volume_ratio': 1.1166534523477254, 'delta': -45.24046808700008, 'velocity': 1.3376611196751324e-05, 'imbalance': 0.4699622788636667, 'candle_range': 129.9, 'body_ratio': 0.4761287628687338, 'wick_ratio': 0.4238712371312662}",3.6,"{'early_fail_enabled': True, 'invert_signal': False, 'ai_enabled': True, 'edge_threshold': 3.0, 'edge_threshold_max': None, 'edge_range_preset': 'min_only', 'ai_threshold': 44.0, 'leverage': 100, 'pullback_threshold': 0.001}","{'ema9': 60017.428604560104, 'ema21': 59992.27985406764, 'ema200': 60490.018972566344, 'ema_spread': 0.000419, 'ema9_slope_pct': -0.174, 'ema21_slope_pct': -0.0399, 'ema9_above_ema21': True, 'ema21_above_ema200': False}",WEAK_SETUP,3.6,3.6,False,True,INV_False_EF_True,SHORT,10,6,SCENARIO_C_RUNNER_10_v4,40.0,10.0,-12.0,2.0,8.0,300,1,2,-32.0,False,False,True,False,480,3,5.0,False,5,0.75,"[[10, 6], [19, 17], [40, 28], [60, 45], [80, 60], [100, 75], [150, 120]]","{""trail_ladder"": [[10, 6], [19, 17], [40, 28], [60, 45], [80, 60], [100, 75], [150, 120]], ""ladder_first_trigger_pct"": 10, ""ladder_first_lock_pct"": 6, ""exit_profile_id"": ""SCENARIO_C_RUNNER_10_v4"", ""peak_never_loser_min_peak"": 40.0, ""peak_never_loser_floor"": 10.0, ""thesis_fast_exit_unreal_pct"": -12.0, ""thesis_mfe_protect_pct"": 2.0, ""thesis_exit_if_above_unreal_pct"": 8.0, ""thesis_min_age_sec"": 300, ""thesis_score_flip_margin"": 1, ""thesis_early_decay_delta"": 2, ""early_fail_pct_threshold"": -32.0, ""type_a_first_candle_enabled"": false, ""type_a_early_fail_enabled"": false, ""scenario_c_exit_profile"": true, ""type_a_stall_enabled"": false, ""type_a_stall_min_age_sec"": 480, ""type_a_stall_min_candles"": 3, ""type_a_stall_max_mfe_pct"": 5.0, ""trend_weakening_enabled"": false, ""spread_penalty_threshold"": 5, ""spread_penalty_margin_mult"": 0.75}",2026-06-26T18:49:40.790704+00:00,2026-06-27 04:49:40 AEST,2026-06-27 04:49:40 AEST
2026-06-26T18:55:22.455640+00:00,vc603-dc24cd1f1771,SHORT,59725.95,59685.0,1.45395,6.86,15.0,6,1.03,1.03,0.0,0.0,-0.0,-0.0,PROFIT_LOCK_LADDER,100,0.23,62,44.0,True,SIM_MARKET,AI_DIRECT_LIMIT,,,,,0,BEAR,SR,60-70,SPAWN,-3,-3,BEARISH_STRUCTURE,BEAR_ALIGNED,13.31,-5,2,8,0.01791,bitfinex,tBTCF0:USTF0,v11.1-virtual-chase-known-combos-v1,BITFINEX_ZERO,v11.1-virtual-chase-known-combos-v1,AI60_SP3_VIRTUAL_CHASE,AI60+ · Spread >=3 · Virtual Chase,APPROVE,59681.0,0.018948,0.022332,FREE_RANGE,-0.000234,0.100524,100.2,1.453951,0.0,10.372376,184.478,184.478,184.478,0-5m,AI_DIRECT,AI_DIRECT_CHASE,6,,44.95,0.0,0.0,0.0,False,0.0,0.0,-0.000814,0.0,0.035529,2.271905,-37.142548,0.0,0.342126,59690.0,59954.462884,59966.014743,60479.27299,-0.000193,FREE_RANGE,SHORT_PREFERRED,0.018948,0.022332,BEAR,3.0,44.0,0.0,100,4.7,True,True,APPROVE,62,"```json
{
  ""direction"": ""SHORT"",
  ""confidence"": 62,
  ""long_score"": 18,
  ""short_score"": 78,
  ""preferred_direction"": ""SHORT"",
  ""entry_zone_low"": 59750,
  ""entry_zone_high"": 59900,
  ""limit_price"": 59825,
  ""expected_mfe"": 120,
  ""expected_mae"": 80,
  ""reversal_probability"": 25,
  ""exit_style"": ""AGGRESSIVE"",
  ""reasons_for_trade"": [
    ""MTF agreement is BEAR_ALIGNED across 15m/1h/4h"",
    ""Market structure bias is BEARISH_STRUCTURE with structure_score -3"",
    ""EMA stack is bearish (price below all EMAs, ema9 below ema21 below ema200)"",
    ""Trend health state is BEAR with bear_score 9 vs bull_score 3"",
    ""ADX at 13.31 is below 25 but trend strength is still negative (trend_score -5)"",
    ""Orderflow shows negative delta (-37.6) and bearish velocity"",
    ""Liquidity sweep high occurred, suggesting bearish continuation after sweep"",
    ""Regime is BEAR with BEAR_CONTINUATION market structure shift"",
    ""Volume ratio elevated (2.92) supporting directional move"",
    ""Funding rate positive (0.0179% per 8h) favors shorts""
  ],
  ""reasons_against_trade"": [
    ""ADX below 25 indicates non-trending conditions, mean reversion risk"",
    ""Price is near micro support (59986) and closer to support than resistance"",
    ""Higher low detected could indicate potential bounce"",
    ""Reversal risk score is 25 (non-zero probability of reversal)"",
    ""Entry near support may reduce expectancy without strong continuation""
  ],
  ""bull_score"": 2,
  ""bear_score"": 8
}
```

Direction: SHORT
Win probability: 62%
Long score: 18
Short score: 78
Bull score: 2
Bear score: 8
Decision: APPROVE
Reason: Strong bearish alignment across all trend hierarchy layers (MTF, structure, EMA, trend health) with negative orderflow and elevated volume. ADX below 25 is a concern but the bearish case is significantly stronger than the bullish case (score gap 60). Entry near support is a risk, but the bearish continuation bias and liquidity sweep high favor further downside. Limit entry above current price (pullback) to avoid chasing.",59725.95,59685.0,TAKER,TAKER,0.025126,44.95,184.478,1.03,1.03,0.0,0.0,-0.0,-0.0,6.86,87.237098,PROFIT_LOCK_LADDER,-37.142548,2.271905,0.0,0.342126,False,True,"{'price': 59690.0, 'ret_1m': 0.0, 'ret_5m': 5.0262201149329e-05, 'ema9': 59954.46288364809, 'ema21': 59966.0147433712, 'ema200': 60479.27299031108, 'dist_to_support': 0.022332048919416987, 'dist_to_resistance': 0.018947897470263025, 'volume': 0.035529147000000004, 'volume_ratio': 2.2719054195545674, 'delta': -37.142548016000035, 'velocity': 3.395530183509187e-09, 'imbalance': 0.34212646027391524, 'candle_range': 100.2, 'body_ratio': 0.5697334140315246, 'wick_ratio': 0.3302665859684755}",4.7,"{'early_fail_enabled': True, 'invert_signal': False, 'ai_enabled': True, 'edge_threshold': 3.0, 'edge_threshold_max': None, 'edge_range_preset': 'min_only', 'ai_threshold': 44.0, 'leverage': 100, 'pullback_threshold': 0.001}","{'ema9': 59954.46288364809, 'ema21': 59966.0147433712, 'ema200': 60479.27299031108, 'ema_spread': -0.000193, 'ema9_slope_pct': -0.276, 'ema21_slope_pct': -0.0985, 'ema9_above_ema21': False, 'ema21_above_ema200': False}",ORDERFLOW_SPIKE,4.7,4.7,False,True,INV_False_EF_True,SHORT,10,6,SCENARIO_C_RUNNER_10_v4,40.0,10.0,-12.0,2.0,8.0,300,1,2,-32.0,False,False,True,False,480,3,5.0,False,5,0.75,"[[10, 6], [19, 17], [40, 28], [60, 45], [80, 60], [100, 75], [150, 120]]","{""trail_ladder"": [[10, 6], [19, 17], [40, 28], [60, 45], [80, 60], [100, 75], [150, 120]], ""ladder_first_trigger_pct"": 10, ""ladder_first_lock_pct"": 6, ""exit_profile_id"": ""SCENARIO_C_RUNNER_10_v4"", ""peak_never_loser_min_peak"": 40.0, ""peak_never_loser_floor"": 10.0, ""thesis_fast_exit_unreal_pct"": -12.0, ""thesis_mfe_protect_pct"": 2.0, ""thesis_exit_if_above_unreal_pct"": 8.0, ""thesis_min_age_sec"": 300, ""thesis_score_flip_margin"": 1, ""thesis_early_decay_delta"": 2, ""early_fail_pct_threshold"": -32.0, ""type_a_first_candle_enabled"": false, ""type_a_early_fail_enabled"": false, ""scenario_c_exit_profile"": true, ""type_a_stall_enabled"": false, ""type_a_stall_min_age_sec"": 480, ""type_a_stall_min_candles"": 3, ""type_a_stall_max_mfe_pct"": 5.0, ""trend_weakening_enabled"": false, ""spread_penalty_threshold"": 5, ""spread_penalty_margin_mult"": 0.75}",2026-06-26T18:55:22.455640+00:00,2026-06-27 04:55:22 AEST,2026-06-27 04:55:22 AEST
2026-06-26T18:57:46.536937+00:00,cont-6be4f1806c2e,SHORT,59709.97,59613.25,2.943595,16.21,15.0,6,2.43,2.43,0.0,0.0,-0.0,-0.0,PROFIT_LOCK_LADDER,100,0.54,62,44.0,True,SIM_LIMIT,AI_DIRECT_LIMIT,,,,,0,BEAR,SR,60-70,SPAWN,-3,-3,BEARISH_STRUCTURE,BEAR_ALIGNED,13.09,-5,3,9,0.01791,bitfinex,tBTCF0:USTF0,v11.1-virtual-chase-known-combos-v1,BITFINEX_ZERO,v11.1-virtual-chase-known-combos-v1,CONTINUOUS,Continuous AI Research,APPROVE,59705.0,0.018521,0.022741,FREE_RANGE,-0.000256,0.50226,100.2,2.943596,0.0,19.589693,431.142,431.142,431.142,5-15m,AI_DIRECT,AI_DIRECT_CHASE,7,,4.97,0.0,0.0063,0.0063,False,0.0,0.0,-0.001648,-2.3e-05,0.020921,0.080215,-41.93312,0.0,0.407256,59715.0,59960.862884,59968.923834,60479.591398,-0.000134,FREE_RANGE,SHORT_PREFERRED,0.018521,0.022741,BEAR,3.0,44.0,0.0,100,4.8,True,True,APPROVE,62,"```json
{
  ""direction"": ""SHORT"",
  ""confidence"": 62,
  ""long_score"": 25,
  ""short_score"": 75,
  ""preferred_direction"": ""SHORT"",
  ""entry_zone_low"": 59850,
  ""entry_zone_high"": 59950,
  ""limit_price"": 59900,
  ""expected_mfe"": 120,
  ""expected_mae"": 80,
  ""reversal_probability"": 45,
  ""exit_style"": ""AGGRESSIVE"",
  ""reasons_for_trade"": [
    ""BEAR_ALIGNED multi-timeframe agreement (15m, 1h, 4h all bearish)"",
    ""Bearish structure with structure_score -3 and BEARISH_STRUCTURE bias"",
    ""Bear EMA stack (price below all EMAs, EMA9 below EMA21, EMA21 below EMA200)"",
    ""Trend health state BEAR with bear_score 9 vs bull_score 3"",
    ""ADX 13.09 below 25 but trend strength score -5 supports bearish bias"",
    ""Negative delta (-42.4) and imbalance favoring sellers (0.41)"",
    ""Market structure shift BEAR_CONTINUATION with no lower high detected"",
    ""Liquidity sweep high suggests potential rejection from resistance zone"",
    ""Funding positive (0.0179% per 8h) favoring shorts, longs paying"",
    ""Edge score 4.8 above threshold 3.0 supports trade viability""
  ],
  ""reasons_against_trade"": [
    ""ADX below 25 indicates non-trending conditions, risk of mean reversion"",
    ""Price near micro support (59986) with only 0.43% distance, bounce risk elevated"",
    ""Higher low detected suggests potential micro structure shift"",
    ""Reversal probability 45% indicates moderate reversal risk"",
    ""Volume ratio elevated (2.16) could indicate exhaustion or climax"",
    ""Recent compression/transition regimes suggest choppy conditions""
  ],
  ""bull_score"": 3,
  ""bear_score"": 9
}
```",59709.97,59613.25,MAKER,TAKER,0.025124,4.97,431.142,2.43,2.43,0.0,0.0,-0.0,-0.0,16.21,176.61579,PROFIT_LOCK_LADDER,-41.93312,0.080215,-2.3e-05,0.407256,False,True,"{'price': 59715.0, 'ret_1m': 0.0, 'ret_5m': -0.00025113008538422905, 'ema9': 59960.86288364809, 'ema21': 59968.923834280286, 'ema200': 60479.59139827128, 'dist_to_support': 0.02274135476848363, 'dist_to_resistance': 0.01852130955371347, 'volume': 0.020920522000000004, 'volume_ratio': 0.08021512991951268, 'delta': -41.93311977900005, 'velocity': -2.3440405916363374e-05, 'imbalance': 0.40725619898909926, 'candle_range': 100.2, 'body_ratio': 0.5697334140315246, 'wick_ratio': 0.3302665859684755}",4.8,"{'early_fail_enabled': True, 'invert_signal': False, 'ai_enabled': True, 'edge_threshold': 3.0, 'edge_threshold_max': None, 'edge_range_preset': 'min_only', 'ai_threshold': 44.0, 'leverage': 100, 'pullback_threshold': 0.001}","{'ema9': 59960.86288364809, 'ema21': 59968.923834280286, 'ema200': 60479.59139827128, 'ema_spread': -0.000134, 'ema9_slope_pct': -0.2654, 'ema21_slope_pct': -0.0936, 'ema9_above_ema21': False, 'ema21_above_ema200': False}",MOMENTUM_SHORT,4.8,4.8,False,True,INV_False_EF_True,SHORT,10,6,SCENARIO_C_RUNNER_10_v4,40.0,10.0,-12.0,2.0,8.0,300,1,2,-32.0,False,False,True,False,480,3,5.0,False,5,0.75,"[[10, 6], [19, 17], [40, 28], [60, 45], [80, 60], [100, 75], [150, 120]]","{""trail_ladder"": [[10, 6], [19, 17], [40, 28], [60, 45], [80, 60], [100, 75], [150, 120]], ""ladder_first_trigger_pct"": 10, ""ladder_first_lock_pct"": 6, ""exit_profile_id"": ""SCENARIO_C_RUNNER_10_v4"", ""peak_never_loser_min_peak"": 40.0, ""peak_never_loser_floor"": 10.0, ""thesis_fast_exit_unreal_pct"": -12.0, ""thesis_mfe_protect_pct"": 2.0, ""thesis_exit_if_above_unreal_pct"": 8.0, ""thesis_min_age_sec"": 300, ""thesis_score_flip_margin"": 1, ""thesis_early_decay_delta"": 2, ""early_fail_pct_threshold"": -32.0, ""type_a_first_candle_enabled"": false, ""type_a_early_fail_enabled"": false, ""scenario_c_exit_profile"": true, ""type_a_stall_enabled"": false, ""type_a_stall_min_age_sec"": 480, ""type_a_stall_min_candles"": 3, ""type_a_stall_max_mfe_pct"": 5.0, ""trend_weakening_enabled"": false, ""spread_penalty_threshold"": 5, ""spread_penalty_margin_mult"": 0.75}",2026-06-26T18:57:46.536937+00:00,2026-06-27 04:57:46 AEST,2026-06-27 04:57:46 AEST
2026-06-26T19:01:09.940785+00:00,vc603-2de56d3b39be,SHORT,59711.43,59667.38,1.476576,7.38,15.0,6,1.11,1.11,0.0,0.0,-0.0,-0.0,PROFIT_LOCK_LADDER,100,0.25,62,44.0,True,SIM_LIMIT,AI_DIRECT_LIMIT,,,,,0,BEAR,SR,60-70,SPAWN,-3,-3,BEARISH_STRUCTURE,BEAR_ALIGNED,13.37,-5,2,8,0.01791,bitfinex,tBTCF0:USTF0,v11.1-virtual-chase-known-combos-v1,BITFINEX_ZERO,v11.1-virtual-chase-known-combos-v1,AI60_SP3_VIRTUAL_CHASE,AI60+ · Spread >=3 · Virtual Chase,APPROVE,59653.0,0.01958,0.021726,FREE_RANGE,-0.000603,1.0,100.2,1.476577,-2.440069,10.455285,140.175,140.175,140.175,0-5m,AI_DIRECT,AI_DIRECT_CHASE,6,,58.43,0.0,0.1855,0.1855,False,0.0,0.0,-0.000827,-1.5e-05,0.001,0.126012,-33.198523,0.0,0.286236,59653.0,59947.462884,59962.832925,60478.924732,-0.000256,FREE_RANGE,SHORT_PREFERRED,0.01958,0.021726,BEAR,3.0,44.0,0.0,100,4.2,True,True,APPROVE,62,"```json
{
  ""direction"": ""SHORT"",
  ""confidence"": 62,
  ""long_score"": 18,
  ""short_score"": 72,
  ""preferred_direction"": ""SHORT"",
  ""entry_zone_low"": 59750,
  ""entry_zone_high"": 59900,
  ""limit_price"": 59825,
  ""expected_mfe"": 120,
  ""expected_mae"": 85,
  ""reversal_probability"": 63,
  ""exit_style"": ""AGGRESSIVE"",
  ""reasons_for_trade"": [
    ""BEAR_ALIGNED multi-timeframe agreement (15m, 1h, 4h all bearish)"",
    ""Bearish structure bias with structure_score -3 and BEAR_CONTINUATION shift"",
    ""Bearish EMA stack (price below all EMAs, EMA9 below EMA21, EMA21 below EMA200)"",
    ""Trend health state BEAR with bear_score 9 vs bull_score 3"",
    ""ADX 13.37 below 25 but mean reversion risk noted - still favors continuation in weak trend"",
    ""Negative delta (-33.2) and imbalance (0.286) supporting selling pressure"",
    ""Funding positive (0.0179% per 8h) favoring shorts, longs paying"",
    ""Liquidity sweep high detected - potential for rejection from micro resistance zone"",
    ""Price near micro support (59986) but structure is bearish continuation, not reversal""
  ],
  ""reasons_against_trade"": [
    ""ADX below 25 indicates weak trend - risk of choppy sideways movement"",
    ""Reversal risk score 63 - moderate probability of bounce from micro support"",
    ""Volume ratio very low (0.126) - lack of conviction in current move"",
    ""Price near micro support (59986) - potential for short squeeze if support holds"",
    ""Market regime is COMPRESSION - low volatility environment may limit profit potential"",
    ""Higher low detected - could indicate micro structure bottoming process""
  ],
  ""bull_score"": 2,
  ""bear_score"": 8
}
```

**Direction:** SHORT  
**Win probability:** 62%  
**Long score:** 18  
**Short score:** 72  
**Bull score:** 2/10  
**Bear score:** 8/10  
**Decision:** APPROVE  
**Reason:** Strong bearish alignment across all trend hierarchy layers (MTF, structure, EMA stack, trend health) outweighs the moderate reversal risk. Price is near micro support but the bearish continuation signal is clear - no valid reversal confirmation exists (no structure shift, no momentum expansion upward, delta negative). The low ADX and compression regime suggest a measured short with tight risk management. Entry above current price (pullback to resistance) aligns with bearish continuation strategy.",59711.43,59667.38,MAKER,TAKER,0.025134,58.43,140.175,1.11,1.11,0.0,0.0,-0.0,-0.0,7.38,88.594671,PROFIT_LOCK_LADDER,-33.198523,0.126012,-1.5e-05,0.286236,False,True,"{'price': 59653.0, 'ret_1m': 0.0, 'ret_5m': -0.0005863825224500737, 'ema9': 59947.46288364809, 'ema21': 59962.83292518938, 'ema200': 60478.92473160462, 'dist_to_support': 0.02172564665649674, 'dist_to_resistance': 0.019579903776842742, 'volume': 0.0010000000000000002, 'volume_ratio': 0.12601157048321104, 'delta': -33.19852349000005, 'velocity': -1.5083517537962699e-05, 'imbalance': 0.28623642480956263, 'candle_range': 100.2, 'body_ratio': 0.5697334140315246, 'wick_ratio': 0.3302665859684755}",4.2,"{'early_fail_enabled': True, 'invert_signal': False, 'ai_enabled': True, 'edge_threshold': 3.0, 'edge_threshold_max': None, 'edge_range_preset': 'min_only', 'ai_threshold': 44.0, 'leverage': 100, 'pullback_threshold': 0.001}","{'ema9': 59947.46288364809, 'ema21': 59962.83292518938, 'ema200': 60478.92473160462, 'ema_spread': -0.000256, 'ema9_slope_pct': -0.2877, 'ema21_slope_pct': -0.1038, 'ema9_above_ema21': False, 'ema21_above_ema200': False}",MOMENTUM_SHORT,4.2,4.2,False,True,INV_False_EF_True,SHORT,10,6,SCENARIO_C_RUNNER_10_v4,40.0,10.0,-12.0,2.0,8.0,300,1,2,-32.0,False,False,True,False,480,3,5.0,False,5,0.75,"[[10, 6], [19, 17], [40, 28], [60, 45], [80, 60], [100, 75], [150, 120]]","{""trail_ladder"": [[10, 6], [19, 17], [40, 28], [60, 45], [80, 60], [100, 75], [150, 120]], ""ladder_first_trigger_pct"": 10, ""ladder_first_lock_pct"": 6, ""exit_profile_id"": ""SCENARIO_C_RUNNER_10_v4"", ""peak_never_loser_min_peak"": 40.0, ""peak_never_loser_floor"": 10.0, ""thesis_fast_exit_unreal_pct"": -12.0, ""thesis_mfe_protect_pct"": 2.0, ""thesis_exit_if_above_unreal_pct"": 8.0, ""thesis_min_age_sec"": 300, ""thesis_score_flip_margin"": 1, ""thesis_early_decay_delta"": 2, ""early_fail_pct_threshold"": -32.0, ""type_a_first_candle_enabled"": false, ""type_a_early_fail_enabled"": false, ""scenario_c_exit_profile"": true, ""type_a_stall_enabled"": false, ""type_a_stall_min_age_sec"": 480, ""type_a_stall_min_candles"": 3, ""type_a_stall_max_mfe_pct"": 5.0, ""trend_weakening_enabled"": false, ""spread_penalty_threshold"": 5, ""spread_penalty_margin_mult"": 0.75}",2026-06-26T19:01:09.940785+00:00,2026-06-27 05:01:09 AEST,2026-06-27 05:01:09 AEST
2026-06-26T19:06:50.866845+00:00,vc603-4e49c9d6925e,SHORT,59709.21,59784.0,3.593847,-12.51,15.0,6,-1.88,-1.88,0.0,0.0,-0.0,-0.0,THESIS_FAST_CUT,100,0.42,62,44.0,True,SIM_LIMIT,AI_DIRECT_LIMIT,,,,,0,BEAR,SR,60-70,SPAWN,-3,-3,BEARISH_STRUCTURE,BEAR_ALIGNED,13.68,-5,3,9,0.01791,bitfinex,tBTCF0:USTF0,v11.1-virtual-chase-known-combos-v1,BITFINEX_ZERO,v11.1-virtual-chase-known-combos-v1,AI60_SP3_VIRTUAL_CHASE,AI60+ · Spread >=3 · Virtual Chase,APPROVE,59675.0,0.018794,0.022479,FREE_RANGE,-0.000569,0.502597,84.2,3.593847,-12.525706,0.03517,124.72,124.72,124.72,0-5m,AI_DIRECT,AI_DIRECT_CHASE,5,,34.21,0.0199,0.0,0.0199,False,0.0,0.0,-0.002012,5e-06,0.00086,0.048957,-32.500002,0.0,0.271892,59675.0,59907.650307,59943.815056,60467.284875,-0.000603,FREE_RANGE,SHORT_PREFERRED,0.018794,0.022479,BEAR,3.0,44.0,0.0,100,4.6,True,True,APPROVE,62,"```json
{
  ""direction"": ""SHORT"",
  ""confidence"": 62,
  ""long_score"": 25,
  ""short_score"": 72,
  ""preferred_direction"": ""SHORT"",
  ""entry_zone_low"": 59750,
  ""entry_zone_high"": 59900,
  ""limit_price"": 59825,
  ""expected_mfe"": 120,
  ""expected_mae"": 80,
  ""reversal_probability"": 43,
  ""exit_style"": ""PATIENT"",
  ""reasons_for_trade"": [
    ""BEAR_ALIGNED multi-timeframe agreement (15m, 1h, 4h all bearish)"",
    ""Bearish EMA stack: price below EMA9, EMA21, EMA200; EMA9 below EMA21"",
    ""Trend health state is BEAR with bear_score 9 vs bull_score 3"",
    ""Market structure bias is BEARISH_STRUCTURE with structure_score -3"",
    ""ADX 13.68 is below 25, but trend is intact and not overextended"",
    ""Negative velocity and delta (-32.67) support bearish orderflow"",
    ""Funding rate positive (0.0179% per 8h) favors shorts"",
    ""Price is in FREE_RANGE with more room to support (2.25%) than resistance (1.88%)"",
    ""Market regime is COMPRESSION, often preceding continuation of prior trend (bearish)""
  ],
  ""reasons_against_trade"": [
    ""ADX below 25 suggests weak trend strength, risk of mean reversion"",
    ""Volume ratio very low (0.12) indicates lack of conviction"",
    ""Higher low detected on micro structure could signal potential bounce"",
    ""Reversal risk score 43 is moderate, not negligible"",
    ""Price near micro support (59986) increases bounce risk for short entry"",
    ""Candle has small body and wick, suggesting indecision""
  ],
  ""bull_score"": 3,
  ""bear_score"": 9
}
```

**Direction:** SHORT  
**Win probability:** 62%  
**Long score:** 25  
**Short score:** 72  
**Bull score:** 3  
**Bear score:** 9  
**Decision:** APPROVE  
**Reason:** Strong bearish alignment across MTF, EMA stack, trend health, and market structure. Short score (72) exceeds long score (25) by well over the +5 threshold. While ADX is low and volume is weak, the bearish case is comprehensive and consistent. Entry near micro support (59986) carries bounce risk, but the limit price at 59825 (above current price) allows for a pullback entry into resistance, aligning with the bearish continuation bias. The reversal probability (43) is moderate but insufficient to override the dominant bearish trend hierarchy.",59709.21,59784.0,MAKER,TAKER,0.025121,34.21,124.72,-1.88,-1.88,0.0,0.0,-0.0,-0.0,-12.51,215.630877,THESIS_FAST_CUT,-32.500002,0.048957,5e-06,0.271892,False,True,"{'price': 59675.0, 'ret_1m': 1.675771692864564e-05, 'ret_5m': -0.0002512983749371754, 'ema9': 59907.65030691848, 'ema21': 59943.81505595992, 'ema200': 60467.2848752938, 'dist_to_support': 0.022479438516558065, 'dist_to_resistance': 0.01879428466138461, 'volume': 0.000859722, 'volume_ratio': 0.048957394742437245, 'delta': -32.50000165800001, 'velocity': 5.040097216258909e-06, 'imbalance': 0.27189226634619634, 'candle_range': 84.2, 'body_ratio': 0.6534543442640827, 'wick_ratio': 0.24654565573591736}",4.6,"{'early_fail_enabled': True, 'invert_signal': False, 'ai_enabled': True, 'edge_threshold': 3.0, 'edge_threshold_max': None, 'edge_range_preset': 'min_only', 'ai_threshold': 44.0, 'leverage': 100, 'pullback_threshold': 0.001}","{'ema9': 59907.65030691848, 'ema21': 59943.81505595992, 'ema200': 60467.2848752938, 'ema_spread': -0.000603, 'ema9_slope_pct': -0.2678, 'ema21_slope_pct': -0.1106, 'ema9_above_ema21': False, 'ema21_above_ema200': False}",WEAK_SETUP,4.6,4.6,False,True,INV_False_EF_True,SHORT,10,6,SCENARIO_C_RUNNER_10_v4,40.0,10.0,-12.0,2.0,8.0,300,1,2,-32.0,False,False,True,False,480,3,5.0,False,5,0.75,"[[10, 6], [19, 17], [40, 28], [60, 45], [80, 60], [100, 75], [150, 120]]","{""trail_ladder"": [[10, 6], [19, 17], [40, 28], [60, 45], [80, 60], [100, 75], [150, 120]], ""ladder_first_trigger_pct"": 10, ""ladder_first_lock_pct"": 6, ""exit_profile_id"": ""SCENARIO_C_RUNNER_10_v4"", ""peak_never_loser_min_peak"": 40.0, ""peak_never_loser_floor"": 10.0, ""thesis_fast_exit_unreal_pct"": -12.0, ""thesis_mfe_protect_pct"": 2.0, ""thesis_exit_if_above_unreal_pct"": 8.0, ""thesis_min_age_sec"": 300, ""thesis_score_flip_margin"": 1, ""thesis_early_decay_delta"": 2, ""early_fail_pct_threshold"": -32.0, ""type_a_first_candle_enabled"": false, ""type_a_early_fail_enabled"": false, ""scenario_c_exit_profile"": true, ""type_a_stall_enabled"": false, ""type_a_stall_min_age_sec"": 480, ""type_a_stall_min_candles"": 3, ""type_a_stall_max_mfe_pct"": 5.0, ""trend_weakening_enabled"": false, ""spread_penalty_threshold"": 5, ""spread_penalty_margin_mult"": 0.75}",2026-06-26T19:06:50.866845+00:00,2026-06-27 05:06:50 AEST,2026-06-27 05:06:50 AEST
2026-06-26T19:06:58.370782+00:00,cont-f4f1d1554a55,SHORT,59768.56,59834.0,0.165856,-10.95,15.0,6,-1.64,-1.64,0.0,0.0,-0.0,-0.0,THESIS_FAST_CUT,100,0.36,62,44.0,True,SIM_LIMIT,AI_DIRECT_LIMIT,,,,,0,BEAR,SR,60-70,SPAWN,-3,-3,BEARISH_STRUCTURE,BEAR_ALIGNED,13.68,-5,3,9,0.01791,bitfinex,tBTCF0:USTF0,v11.1-virtual-chase-known-combos-v1,BITFINEX_ZERO,v11.1-virtual-chase-known-combos-v1,CONTINUOUS,Continuous AI Research,APPROVE,59675.0,0.018794,0.022479,FREE_RANGE,-0.000569,1.0,84.2,0.165857,-12.454709,0.595631,340.082,340.082,340.082,5-15m,AI_DIRECT,AI_DIRECT_CHASE,2,,93.56,0.0,0.0,0.0,False,0.0,0.0,-9.3e-05,-8e-05,0.030696,0.059725,-32.575207,0.0,0.27271,59655.0,59907.650307,59943.815056,60467.284875,-0.000603,FREE_RANGE,SHORT_PREFERRED,0.018794,0.022479,BEAR,3.0,44.0,0.0,100,4.6,True,True,APPROVE,62,"```json
{
  ""direction"": ""SHORT"",
  ""confidence"": 62,
  ""long_score"": 25,
  ""short_score"": 72,
  ""preferred_direction"": ""SHORT"",
  ""entry_zone_low"": 59750,
  ""entry_zone_high"": 59900,
  ""limit_price"": 59825,
  ""expected_mfe"": 120,
  ""expected_mae"": 80,
  ""reversal_probability"": 43,
  ""exit_style"": ""PATIENT"",
  ""reasons_for_trade"": [
    ""BEAR_ALIGNED multi-timeframe agreement (15m, 1h, 4h all bearish)"",
    ""Bearish EMA stack: price below EMA9, EMA21, EMA200; EMA9 below EMA21"",
    ""Trend health state is BEAR with bear_score 9 vs bull_score 3"",
    ""Market structure bias is BEARISH_STRUCTURE with structure_score -3"",
    ""ADX 13.68 is below 25, but trend is intact and not overextended"",
    ""Negative velocity and delta (-32.67) support bearish orderflow"",
    ""Funding rate positive (0.0179% per 8h) favors shorts"",
    ""Price is in FREE_RANGE with more room to support (2.25%) than resistance (1.88%)"",
    ""Market regime is COMPRESSION, often preceding continuation of prior trend (bearish)""
  ],
  ""reasons_against_trade"": [
    ""ADX below 25 suggests weak trend strength, risk of mean reversion"",
    ""Volume ratio very low (0.12) indicates lack of conviction"",
    ""Higher low detected on micro structure could signal potential bounce"",
    ""Reversal risk score 43 is moderate, not negligible"",
    ""Price near micro support (59986) increases bounce risk for short entry"",
    ""Candle has small body and wick, suggesting indecision""
  ],
  ""bull_score"": 3,
  ""bear_score"": 9
}
```

**Direction:** SHORT  
**Win probability:** 62%  
**Long score:** 25  
**Short score:** 72  
**Bull score:** 3  
**Bear score:** 9  
**Decision:** APPROVE  
**Reason:** Strong bearish alignment across MTF, EMA stack, trend health, and market structure. Short score (72) exceeds long score (25) by well over the +5 threshold. While ADX is low and volume is weak, the bearish case is comprehensive and consistent. Entry near micro support (59986) carries bounce risk, but the limit price at 59825 (above current price) allows for a pullback entry into resistance, aligning with the bearish continuation bias. The reversal probability (43) is moderate but insufficient to override the dominant bearish trend hierarchy.",59768.56,59834.0,MAKER,TAKER,0.025136,93.56,340.082,-1.64,-1.64,0.0,0.0,-0.0,-0.0,-10.95,9.951453,THESIS_FAST_CUT,-32.575207,0.059725,-8e-05,0.27271,False,True,"{'price': 59649.0, 'ret_1m': 0.0, 'ret_5m': -0.000820798016683976, 'ema9': 59907.65030691848, 'ema21': 59943.81505595992, 'ema200': 60467.2848752938, 'dist_to_support': 0.022479438516558065, 'dist_to_resistance': 0.01879428466138461, 'volume': 0.0306962, 'volume_ratio': 0.05972472563386776, 'delta': -32.575207375999994, 'velocity': -8.042323119863009e-05, 'imbalance': 0.2727097181778906, 'candle_range': 84.2, 'body_ratio': 0.6534543442640827, 'wick_ratio': 0.24654565573591736}",4.6,"{'early_fail_enabled': True, 'invert_signal': False, 'ai_enabled': True, 'edge_threshold': 3.0, 'edge_threshold_max': None, 'edge_range_preset': 'min_only', 'ai_threshold': 44.0, 'leverage': 100, 'pullback_threshold': 0.001}","{'ema9': 59907.65030691848, 'ema21': 59943.81505595992, 'ema200': 60467.2848752938, 'ema_spread': -0.000603, 'ema9_slope_pct': -0.2678, 'ema21_slope_pct': -0.1106, 'ema9_above_ema21': False, 'ema21_above_ema200': False}",MOMENTUM_SHORT,4.6,4.6,False,True,INV_False_EF_True,SHORT,10,6,SCENARIO_C_RUNNER_10_v4,40.0,10.0,-12.0,2.0,8.0,300,1,2,-32.0,False,False,True,False,480,3,5.0,False,5,0.75,"[[10, 6], [19, 17], [40, 28], [60, 45], [80, 60], [100, 75], [150, 120]]","{""trail_ladder"": [[10, 6], [19, 17], [40, 28], [60, 45], [80, 60], [100, 75], [150, 120]], ""ladder_first_trigger_pct"": 10, ""ladder_first_lock_pct"": 6, ""exit_profile_id"": ""SCENARIO_C_RUNNER_10_v4"", ""peak_never_loser_min_peak"": 40.0, ""peak_never_loser_floor"": 10.0, ""thesis_fast_exit_unreal_pct"": -12.0, ""thesis_mfe_protect_pct"": 2.0, ""thesis_exit_if_above_unreal_pct"": 8.0, ""thesis_min_age_sec"": 300, ""thesis_score_flip_margin"": 1, ""thesis_early_decay_delta"": 2, ""early_fail_pct_threshold"": -32.0, ""type_a_first_candle_enabled"": false, ""type_a_early_fail_enabled"": false, ""scenario_c_exit_profile"": true, ""type_a_stall_enabled"": false, ""type_a_stall_min_age_sec"": 480, ""type_a_stall_min_candles"": 3, ""type_a_stall_max_mfe_pct"": 5.0, ""trend_weakening_enabled"": false, ""spread_penalty_threshold"": 5, ""spread_penalty_margin_mult"": 0.75}",2026-06-26T19:06:58.370782+00:00,2026-06-27 05:06:58 AEST,2026-06-27 05:06:58 AEST
2026-06-26T19:09:49.198725+00:00,cont-773970e3278e,SHORT,59967.75,60058.0,0.022237,-15.05,15.0,6,-2.26,-2.26,0.0,0.0,-0.0,0.0,THESIS_FAST_CUT,100,0.5,62,44.0,True,SIM_LIMIT,AI_DIRECT_LIMIT,,,,,0,BEAR,SR,60-70,SPAWN,-3,-3,BEARISH_STRUCTURE,BEAR_ALIGNED,13.34,-5,2,8,0.01791,bitfinex,tBTCF0:USTF0,v11.1-virtual-chase-known-combos-v1,BITFINEX_ZERO,v11.1-virtual-chase-known-combos-v1,CONTINUOUS,Continuous AI Research,APPROVE,59878.0,0.015918,0.025239,NEAR_RESISTANCE,-0.000256,0.835171,84.2,0.022237,-15.383269,0.0,118.876,118.876,118.876,0-5m,AI_DIRECT,AI_DIRECT_CHASE,2,,89.75,0.0,0.0,0.0,False,0.0,0.0,-1.2e-05,2.8e-05,0.001512,0.09811,-30.751476,0.0,0.25276,59878.0,59935.650307,59956.542329,60468.67791,-0.000348,NEAR_RESISTANCE,SHORT_PREFERRED,0.015918,0.025239,BEAR,3.0,44.0,0.0,100,3.6,True,True,APPROVE,62,"```json
{
  ""direction"": ""SHORT"",
  ""confidence"": 62,
  ""long_score"": 18,
  ""short_score"": 72,
  ""preferred_direction"": ""SHORT"",
  ""entry_zone_low"": 59986,
  ""entry_zone_high"": 60100,
  ""limit_price"": 60043,
  ""expected_mfe"": 0.008,
  ""expected_mae"": 0.005,
  ""reversal_probability"": 43,
  ""exit_style"": ""AGGRESSIVE"",
  ""reasons_for_trade"": [
    ""BEAR_ALIGNED multi-timeframe agreement (15m, 1h, 4h all bearish)"",
    ""Bearish market structure with structure_score -3 and BEARISH_STRUCTURE bias"",
    ""Bearish EMA stack (price below EMA9, EMA21, EMA200; EMA9 below EMA21; EMA21 below EMA200)"",
    ""Trend health state BEAR with bear_score 9 vs bull_score 3"",
    ""ADX 13.34 below 25 but trend strength score -5 supports bearish bias"",
    ""Negative delta (-30.75) and negative velocity confirm selling pressure"",
    ""Funding rate positive (0.01791% per 8h) favors shorts, longs pay"",
    ""Market regime in COMPRESSION with recent EXPANSION likely resolving downward"",
    ""Micro structure shows BEAR_CONTINUATION with no lower high detected yet"",
    ""Edge score 3.6 above threshold 3.0, indicating profitable pattern potential""
  ],
  ""reasons_against_trade"": [
    ""Price near micro support at 59986 (distance 0.1971%) - bounce risk elevated"",
    ""ADX below 25 suggests non-trending/compression environment, not strong trend"",
    ""Reversal risk score 43 indicates moderate reversal probability"",
    ""Volume ratio very low (0.089) - lack of conviction in current move"",
    ""Candle range narrow (84.2) with compression regime - breakout direction uncertain"",
    ""Higher low detected (micro structure) could signal short-term base building""
  ],
  ""bull_score"": 2,
  ""bear_score"": 8
}
```",59967.75,60058.0,MAKER,TAKER,0.025051,89.75,118.876,-2.26,-2.26,0.0,0.0,-0.0,0.0,-15.05,1.33428,THESIS_FAST_CUT,-30.751476,0.09811,2.8e-05,0.25276,False,True,"{'price': 59878.0, 'ret_1m': 0.00016703414177857953, 'ret_5m': 0.00023386342376052386, 'ema9': 59935.65030691848, 'ema21': 59956.542328687196, 'ema200': 60468.67791011967, 'dist_to_support': 0.02523885882274337, 'dist_to_resistance': 0.01591835371149863, 'volume': 0.001511821, 'volume_ratio': 0.09810958334213865, 'delta': -30.751475927000133, 'velocity': 2.840127443050507e-05, 'imbalance': 0.2527601001443207, 'candle_range': 84.2, 'body_ratio': 0.6534543442640827, 'wick_ratio': 0.24654565573591736}",3.6,"{'early_fail_enabled': True, 'invert_signal': False, 'ai_enabled': True, 'edge_threshold': 3.0, 'edge_threshold_max': None, 'edge_range_preset': 'min_only', 'ai_threshold': 44.0, 'leverage': 100, 'pullback_threshold': 0.001}","{'ema9': 59935.65030691848, 'ema21': 59956.542328687196, 'ema200': 60468.67791011967, 'ema_spread': -0.000348, 'ema9_slope_pct': -0.2212, 'ema21_slope_pct': -0.0894, 'ema9_above_ema21': False, 'ema21_above_ema200': False}",WEAK_SETUP,3.6,3.6,False,True,INV_False_EF_True,SHORT,10,6,SCENARIO_C_RUNNER_10_v4,40.0,10.0,-12.0,2.0,8.0,300,1,2,-32.0,False,False,True,False,480,3,5.0,False,5,0.75,"[[10, 6], [19, 17], [40, 28], [60, 45], [80, 60], [100, 75], [150, 120]]","{""trail_ladder"": [[10, 6], [19, 17], [40, 28], [60, 45], [80, 60], [100, 75], [150, 120]], ""ladder_first_trigger_pct"": 10, ""ladder_first_lock_pct"": 6, ""exit_profile_id"": ""SCENARIO_C_RUNNER_10_v4"", ""peak_never_loser_min_peak"": 40.0, ""peak_never_loser_floor"": 10.0, ""thesis_fast_exit_unreal_pct"": -12.0, ""thesis_mfe_protect_pct"": 2.0, ""thesis_exit_if_above_unreal_pct"": 8.0, ""thesis_min_age_sec"": 300, ""thesis_score_flip_margin"": 1, ""thesis_early_decay_delta"": 2, ""early_fail_pct_threshold"": -32.0, ""type_a_first_candle_enabled"": false, ""type_a_early_fail_enabled"": false, ""scenario_c_exit_profile"": true, ""type_a_stall_enabled"": false, ""type_a_stall_min_age_sec"": 480, ""type_a_stall_min_candles"": 3, ""type_a_stall_max_mfe_pct"": 5.0, ""trend_weakening_enabled"": false, ""spread_penalty_threshold"": 5, ""spread_penalty_margin_mult"": 0.75}",2026-06-26T19:09:49.198725+00:00,2026-06-27 05:09:49 AEST,2026-06-27 05:09:49 AEST
2026-06-26T19:18:30.975364+00:00,cont-325c0adf0ae4,SHORT,60055.0,60021.0,4.56186,5.68,20.0,4,1.14,1.13,0.0,0.0,-0.0,-0.0,PROFIT_LOCK_LADDER,100,0.19,62,44.0,True,SIM_LIMIT,AI_DIRECT_LIMIT,,,,,0,BEAR,SR,60-70,SPAWN,-3,-3,BEARISH_STRUCTURE,CONFLICTED,13.0,-3,3,7,0.01791,bitfinex,tBTCF0:USTF0,v11.1-virtual-chase-known-combos-v1,BITFINEX_ZERO,v11.1-virtual-chase-known-combos-v1,CONTINUOUS,Continuous AI Research,APPROVE,59987.0,0.013903,0.027173,NEAR_RESISTANCE,0.000124,1.0,84.2,4.56186,-7.160103,13.321122,175.344,175.344,175.344,0-5m,AI_DIRECT,AI_DIRECT_CHASE,2,,68.0,0.0,0.0,0.0,False,0.0,0.0,-0.003409,3.2e-05,0.023458,2.191406,-27.412509,0.0,0.216215,59987.0,59974.650307,59974.269601,60470.618209,6e-06,NEAR_RESISTANCE,SHORT_PREFERRED,0.013903,0.027173,BEAR,3.0,44.0,0.0,100,3.0,True,True,APPROVE,62,"```json
{
  ""direction"": ""SHORT"",
  ""confidence"": 62,
  ""long_score"": 30,
  ""short_score"": 70,
  ""preferred_direction"": ""SHORT"",
  ""entry_zone_low"": 60050,
  ""entry_zone_high"": 60150,
  ""limit_price"": 60100,
  ""expected_mfe"": 120,
  ""expected_mae"": 80,
  ""reversal_probability"": 45,
  ""exit_style"": ""AGGRESSIVE"",
  ""reasons_for_trade"": [
    ""Multi-timeframe alignment: 1h and 4h bearish, 15m bullish bounce inside higher-TF downtrend - continuation bias favors bears"",
    ""Market structure bearish (structure_score -3, last swing labels show LL/HL pattern with no HH/HL sequence)"",
    ""Trend health state BEAR with bear_score 6 vs bull_score 4, intact bearish trend"",
    ""Price near micro resistance (60650) and macro resistance (60821), with dist_to_resistance only 1.36% - short from resistance zone"",
    ""Funding positive (0.0179% per 8h) favoring shorts, longs pay shorts - adds edge for short positioning"",
    ""Volume ratio elevated (2.19) with negative delta (-27.4) suggesting selling pressure on recent moves"",
    ""Regime is EXPANSION after compression - expansion often favors existing trend direction (bearish)""
  ],
  ""reasons_against_trade"": [
    ""Price is very close to micro support (59986, distance 0.0017%) - risk of bounce from support zone"",
    ""15m timeframe shows BULLISH trend - short-term counter-trend bounce could trigger stop-loss"",
    ""ADX only 13 (below 25) - market not strongly trending, mean reversion risk elevated"",
    ""Reversal risk score 45 - moderate probability of reversal from current levels"",
    ""Higher low detected on micro structure - potential for short-term bullish momentum"",
    ""Entry near support historically reduces expectancy for shorts unless strong continuation present""
  ],
  ""bull_score"": 3,
  ""bear_score"": 7
}
```",60055.0,60021.0,MAKER,TAKER,0.033341,68.0,175.344,1.14,1.13,0.0,0.0,-0.0,-0.0,5.68,273.711654,PROFIT_LOCK_LADDER,-27.412509,2.191406,3.2e-05,0.216215,False,True,"{'price': 59987.0, 'ret_1m': -1.666555562962469e-05, 'ret_5m': -0.0007327593385181608, 'ema9': 59974.65030691848, 'ema21': 59974.269601414475, 'ema200': 60470.61820862714, 'dist_to_support': 0.02717255405337823, 'dist_to_resistance': 0.013903012319335856, 'volume': 0.023457721999999997, 'volume_ratio': 2.1914061975007746, 'delta': -27.412509214000107, 'velocity': 3.167205669378415e-05, 'imbalance': 0.21621472469310987, 'candle_range': 84.2, 'body_ratio': 0.6534543442640827, 'wick_ratio': 0.24654565573591736}",3.0,"{'early_fail_enabled': True, 'invert_signal': False, 'ai_enabled': True, 'edge_threshold': 3.0, 'edge_threshold_max': None, 'edge_range_preset': 'min_only', 'ai_threshold': 44.0, 'leverage': 100, 'pullback_threshold': 0.001}","{'ema9': 59974.65030691848, 'ema21': 59974.269601414475, 'ema200': 60470.61820862714, 'ema_spread': 6e-06, 'ema9_slope_pct': -0.1563, 'ema21_slope_pct': -0.0599, 'ema9_above_ema21': True, 'ema21_above_ema200': False}",ORDERFLOW_SPIKE,3.0,3.0,False,True,INV_False_EF_True,SHORT,10,6,SCENARIO_C_RUNNER_10_v4,40.0,10.0,-12.0,2.0,8.0,300,1,2,-32.0,False,False,True,False,480,3,5.0,False,5,0.75,"[[10, 6], [19, 17], [40, 28], [60, 45], [80, 60], [100, 75], [150, 120]]","{""trail_ladder"": [[10, 6], [19, 17], [40, 28], [60, 45], [80, 60], [100, 75], [150, 120]], ""ladder_first_trigger_pct"": 10, ""ladder_first_lock_pct"": 6, ""exit_profile_id"": ""SCENARIO_C_RUNNER_10_v4"", ""peak_never_loser_min_peak"": 40.0, ""peak_never_loser_floor"": 10.0, ""thesis_fast_exit_unreal_pct"": -12.0, ""thesis_mfe_protect_pct"": 2.0, ""thesis_exit_if_above_unreal_pct"": 8.0, ""thesis_min_age_sec"": 300, ""thesis_score_flip_margin"": 1, ""thesis_early_decay_delta"": 2, ""early_fail_pct_threshold"": -32.0, ""type_a_first_candle_enabled"": false, ""type_a_early_fail_enabled"": false, ""scenario_c_exit_profile"": true, ""type_a_stall_enabled"": false, ""type_a_stall_min_age_sec"": 480, ""type_a_stall_min_candles"": 3, ""type_a_stall_max_mfe_pct"": 5.0, ""trend_weakening_enabled"": false, ""spread_penalty_threshold"": 5, ""spread_penalty_margin_mult"": 0.75}",2026-06-26T19:18:30.975364+00:00,2026-06-27 05:18:30 AEST,2026-06-27 05:18:30 AEST
2026-06-26T19:21:10.333000+00:00,vc603-4e7e87e38d7a,SHORT,60034.0,59990.0,3.932787,7.34,20.0,5,1.47,1.47,0.0,0.0,-0.0,-0.0,PROFIT_LOCK_LADDER,100,0.24,62,44.0,True,SIM_MARKET,AI_DIRECT_LIMIT,,,,,0,BEAR,SR,60-70,SPAWN,-3,-3,BEARISH_STRUCTURE,BEAR_ALIGNED,13.0,-5,3,8,0.01791,bitfinex,tBTCF0:USTF0,v11.1-virtual-chase-known-combos-v1,BITFINEX_ZERO,v11.1-virtual-chase-known-combos-v1,AI60_SP3_VIRTUAL_CHASE,AI60+ · Spread >=3 · Virtual Chase,APPROVE,60045.0,0.012924,0.028112,NEAR_RESISTANCE,6.2e-05,1.0,84.2,3.932788,-4.309225,13.825499,188.174,188.174,188.174,0-5m,AI_DIRECT,AI_DIRECT_CHASE,6,,11.0,0.0,0.0,0.0,False,0.0,0.0,-0.002936,4.2e-05,0.028802,2.14656,-27.616322,0.0,0.217129,60045.0,59973.250307,59973.633238,60470.548557,-6e-06,NEAR_RESISTANCE,SHORT_PREFERRED,0.012924,0.028112,BEAR,3.0,44.0,0.0,100,3.1,True,True,APPROVE,62,"```json
{
  ""direction"": ""SHORT"",
  ""confidence"": 62,
  ""long_score"": 25,
  ""short_score"": 75,
  ""preferred_direction"": ""SHORT"",
  ""entry_zone_low"": 60080,
  ""entry_zone_high"": 60150,
  ""limit_price"": 60115,
  ""expected_mfe"": 120,
  ""expected_mae"": 80,
  ""reversal_probability"": 45,
  ""exit_style"": ""AGGRESSIVE"",
  ""reasons_for_trade"": [
    ""Multi-timeframe agreement is BEAR_ALIGNED (15m ranging, 1h/4h bearish)"",
    ""Market structure bias is BEARISH_STRUCTURE with structure_score -3"",
    ""EMA stack is bearish (price below EMA200, EMA9 below EMA21, EMA21 below EMA200)"",
    ""Trend health state is BEAR with bear_score 8 vs bull_score 4"",
    ""ADX at 13 is below 25, but trend is intact with no weakening signals"",
    ""Price is near resistance (1.29% away) in a bearish regime, favoring short entries"",
    ""Liquidity sweep low detected, suggesting bearish continuation after sweep"",
    ""Orderflow shows negative delta (-27.6) and imbalance favoring sellers (0.217)"",
    ""Volume ratio elevated at 2.15, confirming bearish participation"",
    ""Regime is EXPANSION, which can favor directional moves; current bias is bearish""
  ],
  ""reasons_against_trade"": [
    ""ADX at 13 indicates weak trend strength, risk of mean reversion or chop"",
    ""Price is near micro support at 59986, increasing bounce risk if selling pressure fades"",
    ""Reversal probability at 45% is moderate, not negligible"",
    ""Higher low detected on micro structure could signal potential bottoming"",
    ""Distance to support is 2.81%, providing room for a bounce if support holds"",
    ""Funding rate positive (0.0179% per 8h) shows longs paying, but could attract short squeezes""
  ],
  ""bull_score"": 3,
  ""bear_score"": 8
}
```

**Direction:** SHORT  
**Win probability:** 62%  
**Long score:** 25  
**Short score:** 75  
**Bull score:** 3  
**Bear score:** 8  
**Decision:** APPROVE  
**Reason:** Bearish alignment across MTF, structure, EMA stack, and trend health strongly favors shorts. Price near resistance in a bear regime with negative delta and elevated volume supports continuation. ADX is low (13), which tempers confidence but does not override the hierarchical trend signals. Entry zone is set above current price (pullback to resistance) to align with short bias. Exit style AGGRESSIVE due to low ADX and proximity to support, to capture quick moves.",60034.0,59990.0,TAKER,TAKER,0.033328,11.0,188.174,1.47,1.47,0.0,0.0,-0.0,-0.0,7.34,235.967338,PROFIT_LOCK_LADDER,-27.616322,2.14656,4.2e-05,0.217129,False,True,"{'price': 60045.0, 'ret_1m': 0.00011659282454445517, 'ret_5m': 0.0008000400020001, 'ema9': 59973.250306918475, 'ema21': 59973.63323777811, 'ema200': 60470.54855688584, 'dist_to_support': 0.028112249146473478, 'dist_to_resistance': 0.012923640602881172, 'volume': 0.028802082, 'volume_ratio': 2.1465598278091047, 'delta': -27.616321584000122, 'velocity': 4.1672716394451814e-05, 'imbalance': 0.21712934647952437, 'candle_range': 84.2, 'body_ratio': 0.6534543442640827, 'wick_ratio': 0.24654565573591736}",3.1,"{'early_fail_enabled': True, 'invert_signal': False, 'ai_enabled': True, 'edge_threshold': 3.0, 'edge_threshold_max': None, 'edge_range_preset': 'min_only', 'ai_threshold': 44.0, 'leverage': 100, 'pullback_threshold': 0.001}","{'ema9': 59973.250306918475, 'ema21': 59973.63323777811, 'ema200': 60470.54855688584, 'ema_spread': -6e-06, 'ema9_slope_pct': -0.1586, 'ema21_slope_pct': -0.0609, 'ema9_above_ema21': False, 'ema21_above_ema200': False}",ORDERFLOW_SPIKE,3.1,3.1,False,True,INV_False_EF_True,SHORT,10,6,SCENARIO_C_RUNNER_10_v4,40.0,10.0,-12.0,2.0,8.0,300,1,2,-32.0,False,False,True,False,480,3,5.0,False,5,0.75,"[[10, 6], [19, 17], [40, 28], [60, 45], [80, 60], [100, 75], [150, 120]]","{""trail_ladder"": [[10, 6], [19, 17], [40, 28], [60, 45], [80, 60], [100, 75], [150, 120]], ""ladder_first_trigger_pct"": 10, ""ladder_first_lock_pct"": 6, ""exit_profile_id"": ""SCENARIO_C_RUNNER_10_v4"", ""peak_never_loser_min_peak"": 40.0, ""peak_never_loser_floor"": 10.0, ""thesis_fast_exit_unreal_pct"": -12.0, ""thesis_mfe_protect_pct"": 2.0, ""thesis_exit_if_above_unreal_pct"": 8.0, ""thesis_min_age_sec"": 300, ""thesis_score_flip_margin"": 1, ""thesis_early_decay_delta"": 2, ""early_fail_pct_threshold"": -32.0, ""type_a_first_candle_enabled"": false, ""type_a_early_fail_enabled"": false, ""scenario_c_exit_profile"": true, ""type_a_stall_enabled"": false, ""type_a_stall_min_age_sec"": 480, ""type_a_stall_min_candles"": 3, ""type_a_stall_max_mfe_pct"": 5.0, ""trend_weakening_enabled"": false, ""spread_penalty_threshold"": 5, ""spread_penalty_margin_mult"": 0.75}",2026-06-26T19:21:10.333000+00:00,2026-06-27 05:21:10 AEST,2026-06-27 05:21:10 AEST
2026-06-26T19:25:04.520023+00:00,cont-0a7478e24c09,SHORT,60013.49,59965.0,1.412468,8.09,20.0,4,1.62,1.62,0.0,0.0,-0.0,-0.0,PROFIT_LOCK_LADDER,100,0.27,62,44.0,True,SIM_LIMIT,AI_DIRECT_LIMIT,,,,,0,BEAR,SR,60-70,SPAWN,-3,-3,BEARISH_STRUCTURE,CONFLICTED,12.44,-3,3,7,0.01791,bitfinex,tBTCF0:USTF0,v11.1-virtual-chase-known-combos-v1,BITFINEX_ZERO,v11.1-virtual-chase-known-combos-v1,CONTINUOUS,Continuous AI Research,APPROVE,59994.0,0.013785,0.027286,NEAR_RESISTANCE,2e-05,1.0,58.3,1.412469,0.0,14.41176,200.714,200.714,200.714,0-5m,AI_DIRECT,AI_DIRECT_CHASE,4,,19.49,0.0,0.0,0.0,False,0.0,0.0,-0.001055,-1.3e-05,0.025321,0.399682,-24.852526,0.0,0.187544,59994.0,59989.400246,59981.336001,60461.916505,0.000134,NEAR_RESISTANCE,SHORT_PREFERRED,0.013785,0.027286,BEAR,3.0,44.0,0.0,100,2.1,True,True,APPROVE,62,"```json
{
  ""direction"": ""SHORT"",
  ""confidence"": 62,
  ""long_score"": 25,
  ""short_score"": 72,
  ""preferred_direction"": ""SHORT"",
  ""entry_zone_low"": 60050,
  ""entry_zone_high"": 60150,
  ""limit_price"": 60100,
  ""expected_mfe"": 180,
  ""expected_mae"": 120,
  ""reversal_probability"": 15,
  ""exit_style"": ""AGGRESSIVE"",
  ""reasons_for_trade"": [
    ""BEAR regime with intact trend health (bear_score 6 vs bull_score 4)"",
    ""Market structure is BEARISH with active LH-LL sequence and structure_score -3"",
    ""Price near resistance (1.32% away) with SHORT_PREFERRED SR bias"",
    ""Negative velocity and delta (-24.9) support bearish momentum"",
    ""Volume ratio elevated (1.72) suggesting selling pressure"",
    ""Liquidity sweep low already occurred, price may retest lower levels"",
    ""EMA200 above price (-0.72%) acting as overhead resistance"",
    ""Multi-timeframe conflicted but 4h is BEARISH (higher timeframe dominant)""
  ],
  ""reasons_against_trade"": [
    ""Price is near micro support (59580) - short entry near support has reduced expectancy"",
    ""ADX at 12.44 (below 25) indicates weak trend strength, risk of mean reversion"",
    ""EMA9 and EMA21 are flat/slightly negative but price is above both (short-term bullish bias)"",
    ""Reversal risk score 15 suggests some bounce potential from support zone"",
    ""Funding positive (0.018% per 8h) - shorts pay, but not extreme""
  ],
  ""bull_score"": 3,
  ""bear_score"": 7
}
```

**Direction:** SHORT  
**Win probability:** 62%  
**Long score:** 25  
**Short score:** 72  
**Bull score:** 3/10  
**Bear score:** 7/10  
**Decision:** APPROVE  
**Reason:** Bearish regime, structure, and orderflow align for continuation. Price near resistance with negative velocity/delta. ADX low (12.44) reduces trend conviction but does not invalidate bearish bias - mean reversion risk is present but outweighed by structure and trend health. Entry zone set slightly above current price (pullback to resistance) for optimal risk/reward. Exit aggressive due to proximity to support (59580) - take profits before potential bounce.",60013.49,59965.0,MAKER,TAKER,0.033337,19.49,200.714,1.62,1.62,0.0,0.0,-0.0,-0.0,8.09,84.748178,PROFIT_LOCK_LADDER,-24.852526,0.399682,-1.3e-05,0.187544,False,True,"{'price': 59994.0, 'ret_1m': 0.0, 'ret_5m': -0.0005997001499250374, 'ema9': 59989.40024553479, 'ema21': 59981.336001288546, 'ema200': 60461.916504554356, 'dist_to_support': 0.027286061939527286, 'dist_to_resistance': 0.013784711804513785, 'volume': 0.025321163, 'volume_ratio': 0.3996815156858109, 'delta': -24.852525591000074, 'velocity': -1.33095387722158e-05, 'imbalance': 0.1875438728381433, 'candle_range': 58.3, 'body_ratio': 0.6808564794953994, 'wick_ratio': 0.21914352050460062}",2.1,"{'early_fail_enabled': True, 'invert_signal': False, 'ai_enabled': True, 'edge_threshold': 3.0, 'edge_threshold_max': None, 'edge_range_preset': 'min_only', 'ai_threshold': 44.0, 'leverage': 100, 'pullback_threshold': 0.001}","{'ema9': 59989.40024553479, 'ema21': 59981.336001288546, 'ema200': 60461.916504554356, 'ema_spread': 0.000134, 'ema9_slope_pct': -0.049, 'ema21_slope_pct': -0.0193, 'ema9_above_ema21': True, 'ema21_above_ema200': False}",MOMENTUM_SHORT,2.1,2.1,False,True,INV_False_EF_True,SHORT,10,6,SCENARIO_C_RUNNER_10_v4,40.0,10.0,-12.0,2.0,8.0,300,1,2,-32.0,False,False,True,False,480,3,5.0,False,5,0.75,"[[10, 6], [19, 17], [40, 28], [60, 45], [80, 60], [100, 75], [150, 120]]","{""trail_ladder"": [[10, 6], [19, 17], [40, 28], [60, 45], [80, 60], [100, 75], [150, 120]], ""ladder_first_trigger_pct"": 10, ""ladder_first_lock_pct"": 6, ""exit_profile_id"": ""SCENARIO_C_RUNNER_10_v4"", ""peak_never_loser_min_peak"": 40.0, ""peak_never_loser_floor"": 10.0, ""thesis_fast_exit_unreal_pct"": -12.0, ""thesis_mfe_protect_pct"": 2.0, ""thesis_exit_if_above_unreal_pct"": 8.0, ""thesis_min_age_sec"": 300, ""thesis_score_flip_margin"": 1, ""thesis_early_decay_delta"": 2, ""early_fail_pct_threshold"": -32.0, ""type_a_first_candle_enabled"": false, ""type_a_early_fail_enabled"": false, ""scenario_c_exit_profile"": true, ""type_a_stall_enabled"": false, ""type_a_stall_min_age_sec"": 480, ""type_a_stall_min_candles"": 3, ""type_a_stall_max_mfe_pct"": 5.0, ""trend_weakening_enabled"": false, ""spread_penalty_threshold"": 5, ""spread_penalty_margin_mult"": 0.75}",2026-06-26T19:25:04.520023+00:00,2026-06-27 05:25:04 AEST,2026-06-27 05:25:04 AEST
2026-06-26T19:31:12.038123+00:00,vc603-50e08af9d8ed,SHORT,59966.0,60045.0,4.075716,-13.16,20.0,4,-2.63,-2.63,0.0,0.0,-0.0,-0.0,THESIS_FAST_CUT,100,0.44,62,44.0,True,SIM_MARKET,AI_DIRECT_LIMIT,,,,,0,BEAR,SR,60-70,SPAWN,-3,-3,BEARISH_STRUCTURE,MIXED,12.44,-3,3,7,0.01791,bitfinex,tBTCF0:USTF0,v11.1-virtual-chase-known-combos-v1,BITFINEX_ZERO,v11.1-virtual-chase-known-combos-v1,AI60_SP3_VIRTUAL_CHASE,AI60+ · Spread >=3 · Virtual Chase,APPROVE,59934.0,0.0148,0.026312,NEAR_RESISTANCE,2.2e-05,1.0,58.3,4.075717,-13.174132,1.667612,182.714,182.714,182.714,0-5m,AI_DIRECT,AI_DIRECT_CHASE,6,,32.0,0.0,0.0,0.0,False,0.0,0.0,-0.003041,-7e-05,0.01316,3.82445,-24.861323,0.0,0.185982,59934.0,59970.000246,59972.517819,60460.95133,-4.2e-05,NEAR_RESISTANCE,SHORT_PREFERRED,0.0148,0.026312,BEAR,3.0,44.0,0.0,100,3.1,True,True,APPROVE,62,"```json
{
  ""direction"": ""SHORT"",
  ""confidence"": 62,
  ""long_score"": 25,
  ""short_score"": 70,
  ""preferred_direction"": ""SHORT"",
  ""entry_zone_low"": 60050,
  ""entry_zone_high"": 60200,
  ""limit_price"": 60125,
  ""expected_mfe"": 120,
  ""expected_mae"": 80,
  ""reversal_probability"": 33,
  ""exit_style"": ""AGGRESSIVE"",
  ""reasons_for_trade"": [
    ""BEAR regime with bearish structure (structure_score -3, LH/LL sequence active)"",
    ""Multi-timeframe agreement: 4h BEARISH, 1h/15m RANGING - no bullish alignment"",
    ""Price near resistance (1.44% away) with SHORT_PREFERRED SR bias"",
    ""Trend health BEAR with bear_score 7 vs bull_score 3, intact bearish momentum"",
    ""EMA alignment: price below all EMAs, EMA9/21 slope negative, no bullish stack"",
    ""ADX 12.44 (weak trend) but structure and regime favor continuation over reversal"",
    ""Orderflow: negative delta (-24.9), negative velocity, low volume ratio (0.019) suggests no buying pressure"",
    ""Market structure shift: BEAR_CONTINUATION, no higher low detected"",
    ""Funding positive (0.0179% per 8h) - shorts receive, longs pay, favoring short bias"",
    ""Edge score 3.1 above threshold 3.0, supporting bearish edge""
  ],
  ""reasons_against_trade"": [
    ""Price near micro support (59580) - short entry near support increases bounce risk"",
    ""ADX below 25 (12.44) - trend strength weak, potential for range-bound behavior"",
    ""Reversal risk score 33 - moderate reversal probability, not negligible"",
    ""Volume ratio very low - lack of conviction in current move"",
    ""Recent compression/expansion cycles suggest choppy conditions""
  ],
  ""bull_score"": 3,
  ""bear_score"": 7
}
```",59966.0,60045.0,TAKER,TAKER,0.033339,32.0,182.714,-2.63,-2.63,0.0,0.0,-0.0,-0.0,-13.16,244.543085,THESIS_FAST_CUT,-24.861323,3.82445,-7e-05,0.185982,False,True,"{'price': 59934.0, 'ret_1m': 0.00011680878402055835, 'ret_5m': -0.0007002801120448179, 'ema9': 59970.000245534786, 'ema21': 59972.51781947036, 'ema200': 60460.95133042501, 'dist_to_support': 0.026312276837854975, 'dist_to_resistance': 0.014799612907531618, 'volume': 0.013159609999999999, 'volume_ratio': 3.824450052594259, 'delta': -24.86132321400013, 'velocity': -7.003877125964756e-05, 'imbalance': 0.18598206868903605, 'candle_range': 58.3, 'body_ratio': 0.6808564794953994, 'wick_ratio': 0.21914352050460062}",4.6,"{'early_fail_enabled': True, 'invert_signal': False, 'ai_enabled': True, 'edge_threshold': 3.0, 'edge_threshold_max': None, 'edge_range_preset': 'min_only', 'ai_threshold': 44.0, 'leverage': 100, 'pullback_threshold': 0.001}","{'ema9': 59970.000245534786, 'ema21': 59972.51781947036, 'ema200': 60460.95133042501, 'ema_spread': -4.2e-05, 'ema9_slope_pct': -0.0814, 'ema21_slope_pct': -0.034, 'ema9_above_ema21': False, 'ema21_above_ema200': False}",MOMENTUM_SHORT,4.6,4.6,False,True,INV_False_EF_True,SHORT,10,6,SCENARIO_C_RUNNER_10_v4,40.0,10.0,-12.0,2.0,8.0,300,1,2,-32.0,False,False,True,False,480,3,5.0,False,5,0.75,"[[10, 6], [19, 17], [40, 28], [60, 45], [80, 60], [100, 75], [150, 120]]","{""trail_ladder"": [[10, 6], [19, 17], [40, 28], [60, 45], [80, 60], [100, 75], [150, 120]], ""ladder_first_trigger_pct"": 10, ""ladder_first_lock_pct"": 6, ""exit_profile_id"": ""SCENARIO_C_RUNNER_10_v4"", ""peak_never_loser_min_peak"": 40.0, ""peak_never_loser_floor"": 10.0, ""thesis_fast_exit_unreal_pct"": -12.0, ""thesis_mfe_protect_pct"": 2.0, ""thesis_exit_if_above_unreal_pct"": 8.0, ""thesis_min_age_sec"": 300, ""thesis_score_flip_margin"": 1, ""thesis_early_decay_delta"": 2, ""early_fail_pct_threshold"": -32.0, ""type_a_first_candle_enabled"": false, ""type_a_early_fail_enabled"": false, ""scenario_c_exit_profile"": true, ""type_a_stall_enabled"": false, ""type_a_stall_min_age_sec"": 480, ""type_a_stall_min_candles"": 3, ""type_a_stall_max_mfe_pct"": 5.0, ""trend_weakening_enabled"": false, ""spread_penalty_threshold"": 5, ""spread_penalty_margin_mult"": 0.75}",2026-06-26T19:31:12.038123+00:00,2026-06-27 05:31:12 AEST,2026-06-27 05:31:12 AEST
2026-06-26T19:33:19.463195+00:00,cont-5ef380001a93,SHORT,60025.23,60101.0,1.703366,-12.62,20.0,4,-2.52,-2.52,0.0,0.0,-0.0,-0.0,THESIS_FAST_CUT,100,0.42,62,44.0,True,SIM_LIMIT,AI_DIRECT_LIMIT,,,,,0,BEAR,SR,60-70,SPAWN,-3,-3,BEARISH_STRUCTURE,CONFLICTED,12.44,-3,3,7,0.01791,bitfinex,tBTCF0:USTF0,v11.1-virtual-chase-known-combos-v1,BITFINEX_ZERO,v11.1-virtual-chase-known-combos-v1,CONTINUOUS,Continuous AI Research,APPROVE,59978.0,0.014055,0.027027,NEAR_RESISTANCE,0.000211,0.833292,58.3,1.703367,-12.623025,0.204914,261.849,261.849,261.849,0-5m,AI_DIRECT,AI_DIRECT_CHASE,3,,47.23,0.0,0.0,0.0,False,0.0,0.0,-0.001272,-3.5e-05,0.044807,1.050119,-20.922046,0.0,0.151584,59978.0,59983.000246,59978.42691,60461.598097,7.6e-05,NEAR_RESISTANCE,SHORT_PREFERRED,0.014055,0.027027,BEAR,3.0,44.0,0.0,100,2.6,True,True,APPROVE,62,"```json
{
  ""direction"": ""SHORT"",
  ""confidence"": 62,
  ""long_score"": 25,
  ""short_score"": 72,
  ""preferred_direction"": ""SHORT"",
  ""entry_zone_low"": 60050,
  ""entry_zone_high"": 60150,
  ""limit_price"": 60100,
  ""expected_mfe"": 120,
  ""expected_mae"": 80,
  ""reversal_probability"": 15,
  ""exit_style"": ""AGGRESSIVE"",
  ""reasons_for_trade"": [
    ""Bearish trend health (bear_score 7 vs bull_score 3) with intact bearish structure"",
    ""Market structure bias BEARISH_STRUCTURE with active LH/LL sequence and structure_score -3"",
    ""Price near resistance (1.38% away) in a bear regime, favoring short continuation"",
    ""Negative delta (-20.9) and negative velocity confirm selling pressure"",
    ""EMA alignment shows price below both EMA9 and EMA21, with bearish slopes"",
    ""Multi-timeframe agreement is CONFLICTED but 4h is BEARISH and 15m BULLISH is short-term only"",
    ""Funding rate positive (0.0179% per 8h) meaning longs pay shorts, favorable for short positions"",
    ""ADX at 12.44 is low (non-trending), but bearish structure and orderflow still favor short""
  ],
  ""reasons_against_trade"": [
    ""ADX below 25 indicates weak trend strength, risk of mean reversion or chop"",
    ""Price is near micro support (59580) - short entry near support has reduced expectancy"",
    ""Reversal risk score is 15 (non-zero), though still low"",
    ""Volume ratio only slightly above average (1.05), no strong conviction spike"",
    ""MTF agreement is CONFLICTED (15m BULLISH vs 4h BEARISH), reducing directional conviction""
  ],
  ""bull_score"": 3,
  ""bear_score"": 7
}
```

Direction: SHORT
Win probability: 62
Long score: 25
Short score: 72
Bull score: 3
Bear score: 7
Decision: APPROVE
Reason: Bearish structure, negative orderflow, near resistance, and bear trend health dominate despite low ADX. Short entry above current price (pullback to resistance zone) aligns with continuation bias.",60025.23,60101.0,MAKER,TAKER,0.033346,47.23,261.849,-2.52,-2.52,0.0,0.0,-0.0,-0.0,-12.62,102.202041,THESIS_FAST_CUT,-20.922046,1.050119,-3.5e-05,0.151584,False,True,"{'price': 59978.0, 'ret_1m': 8.33708502159305e-05, 'ret_5m': -0.0004166458343749479, 'ema9': 59983.000245534786, 'ema21': 59978.42691037945, 'ema200': 60461.598096594156, 'dist_to_support': 0.02702657641135083, 'dist_to_resistance': 0.014055153556303978, 'volume': 0.044807063, 'volume_ratio': 1.0501185096372776, 'delta': -20.922046094000102, 'velocity': -3.499333370470194e-05, 'imbalance': 0.15158426314711687, 'candle_range': 58.3, 'body_ratio': 0.6808564794953994, 'wick_ratio': 0.21914352050460062}",2.6,"{'early_fail_enabled': True, 'invert_signal': False, 'ai_enabled': True, 'edge_threshold': 3.0, 'edge_threshold_max': None, 'edge_range_preset': 'min_only', 'ai_threshold': 44.0, 'leverage': 100, 'pullback_threshold': 0.001}","{'ema9': 59983.000245534786, 'ema21': 59978.42691037945, 'ema200': 60461.598096594156, 'ema_spread': 7.6e-05, 'ema9_slope_pct': -0.0597, 'ema21_slope_pct': -0.0242, 'ema9_above_ema21': True, 'ema21_above_ema200': False}",MOMENTUM_SHORT,2.6,2.6,False,True,INV_False_EF_True,SHORT,10,6,SCENARIO_C_RUNNER_10_v4,40.0,10.0,-12.0,2.0,8.0,300,1,2,-32.0,False,False,True,False,480,3,5.0,False,5,0.75,"[[10, 6], [19, 17], [40, 28], [60, 45], [80, 60], [100, 75], [150, 120]]","{""trail_ladder"": [[10, 6], [19, 17], [40, 28], [60, 45], [80, 60], [100, 75], [150, 120]], ""ladder_first_trigger_pct"": 10, ""ladder_first_lock_pct"": 6, ""exit_profile_id"": ""SCENARIO_C_RUNNER_10_v4"", ""peak_never_loser_min_peak"": 40.0, ""peak_never_loser_floor"": 10.0, ""thesis_fast_exit_unreal_pct"": -12.0, ""thesis_mfe_protect_pct"": 2.0, ""thesis_exit_if_above_unreal_pct"": 8.0, ""thesis_min_age_sec"": 300, ""thesis_score_flip_margin"": 1, ""thesis_early_decay_delta"": 2, ""early_fail_pct_threshold"": -32.0, ""type_a_first_candle_enabled"": false, ""type_a_early_fail_enabled"": false, ""scenario_c_exit_profile"": true, ""type_a_stall_enabled"": false, ""type_a_stall_min_age_sec"": 480, ""type_a_stall_min_candles"": 3, ""type_a_stall_max_mfe_pct"": 5.0, ""trend_weakening_enabled"": false, ""spread_penalty_threshold"": 5, ""spread_penalty_margin_mult"": 0.75}",2026-06-26T19:33:19.463195+00:00,2026-06-27 05:33:19 AEST,2026-06-27 05:33:19 AEST
2026-06-26T19:36:58.641374+00:00,cont-1435f64cf091,SHORT,60118.0,60027.0,1.084746,15.14,20.0,4,3.03,3.03,0.0,0.0,-0.0,-0.0,PROFIT_LOCK_LADDER,100,0.5,58,44.0,True,SIM_LIMIT,AI_DIRECT_LIMIT,,,,,0,BEAR,SR,50-60,SPAWN,-3,-3,BEARISH_STRUCTURE,CONFLICTED,12.07,-3,3,7,0.01791,bitfinex,tBTCF0:USTF0,v11.1-virtual-chase-known-combos-v1,BITFINEX_ZERO,v11.1-virtual-chase-known-combos-v1,CONTINUOUS,Continuous AI Research,APPROVE,60110.0,0.011828,0.029163,NEAR_RESISTANCE,8.4e-05,1.0,43.0,1.084747,0.0,20.626102,141.162,141.162,141.162,0-5m,AI_DIRECT,AI_DIRECT_CHASE,3,,8.0,0.0,0.0,0.0,False,0.0,0.0,-0.00081,5.3e-05,0.06354,0.491955,-19.28858,0.0,0.136938,60110.0,59998.040196,59985.371571,60452.245751,0.000211,NEAR_RESISTANCE,SHORT_PREFERRED,0.011828,0.029163,BEAR,3.0,44.0,0.0,100,1.5,True,True,APPROVE,58,"```json
{
  ""direction"": ""SHORT"",
  ""confidence"": 58,
  ""long_score"": 32,
  ""short_score"": 68,
  ""preferred_direction"": ""SHORT"",
  ""entry_zone_low"": 60155,
  ""entry_zone_high"": 60200,
  ""limit_price"": 60177.5,
  ""expected_mfe"": 120,
  ""expected_mae"": 45,
  ""reversal_probability"": 53,
  ""exit_style"": ""AGGRESSIVE"",
  ""reasons_for_trade"": [
    ""BEAR regime with bearish structure score (-3) and LH/LL sequence active"",
    ""Price near micro resistance (60155) with dist_to_micro_resistance only 0.0749%"",
    ""EMA200 above price (-0.61%) acting as overhead resistance, bearish EMA stack"",
    ""Funding positive (0.0179%/8h) with longs paying shorts, favoring short positioning"",
    ""Liquidity sweep low already occurred, suggesting potential rejection at resistance"",
    ""ADX low (12.07) but trend health intact with bear_score (6) > bull_score (4)""
  ],
  ""reasons_against_trade"": [
    ""MTF conflicted (15m bullish, 1h ranging, 4h bearish) reduces directional conviction"",
    ""Reversal risk score elevated (53) indicating potential bounce from micro support"",
    ""Volume ratio below average (0.49) suggesting lack of aggressive selling"",
    ""Price near recent high (60821) with only 1.18% to resistance, limited upside for shorts"",
    ""Edge score (1.5) below threshold (3.0) indicating weak statistical edge""
  ],
  ""bull_score"": 3,
  ""bear_score"": 7
}
```",60118.0,60027.0,MAKER,TAKER,0.033272,8.0,141.162,3.03,3.03,0.0,0.0,-0.0,-0.0,15.14,65.084843,PROFIT_LOCK_LADDER,-19.28858,0.491955,5.3e-05,0.136938,False,True,"{'price': 60110.0, 'ret_1m': 0.0, 'ret_5m': 0.0007158672815356185, 'ema9': 59998.040196427835, 'ema21': 59985.37157142209, 'ema200': 60452.24575056857, 'dist_to_support': 0.02916320079853602, 'dist_to_resistance': 0.011828314756280153, 'volume': 0.063539968, 'volume_ratio': 0.491954543765608, 'delta': -19.28857979200014, 'velocity': 5.326035005859104e-05, 'imbalance': 0.13693766018638065, 'candle_range': 43.0, 'body_ratio': 0.671746310003874, 'wick_ratio': 0.22825368999612605}",1.5,"{'early_fail_enabled': True, 'invert_signal': False, 'ai_enabled': True, 'edge_threshold': 3.0, 'edge_threshold_max': None, 'edge_range_preset': 'min_only', 'ai_threshold': 44.0, 'leverage': 100, 'pullback_threshold': 0.001}","{'ema9': 59998.040196427835, 'ema21': 59985.37157142209, 'ema200': 60452.24575056857, 'ema_spread': 0.000211, 'ema9_slope_pct': 0.0683, 'ema21_slope_pct': 0.0303, 'ema9_above_ema21': True, 'ema21_above_ema200': False}",WEAK_SETUP,1.5,1.5,False,True,INV_False_EF_True,SHORT,10,6,SCENARIO_C_RUNNER_10_v4,40.0,10.0,-12.0,2.0,8.0,300,1,2,-32.0,False,False,True,False,480,3,5.0,False,5,0.75,"[[10, 6], [19, 17], [40, 28], [60, 45], [80, 60], [100, 75], [150, 120]]","{""trail_ladder"": [[10, 6], [19, 17], [40, 28], [60, 45], [80, 60], [100, 75], [150, 120]], ""ladder_first_trigger_pct"": 10, ""ladder_first_lock_pct"": 6, ""exit_profile_id"": ""SCENARIO_C_RUNNER_10_v4"", ""peak_never_loser_min_peak"": 40.0, ""peak_never_loser_floor"": 10.0, ""thesis_fast_exit_unreal_pct"": -12.0, ""thesis_mfe_protect_pct"": 2.0, ""thesis_exit_if_above_unreal_pct"": 8.0, ""thesis_min_age_sec"": 300, ""thesis_score_flip_margin"": 1, ""thesis_early_decay_delta"": 2, ""early_fail_pct_threshold"": -32.0, ""type_a_first_candle_enabled"": false, ""type_a_early_fail_enabled"": false, ""scenario_c_exit_profile"": true, ""type_a_stall_enabled"": false, ""type_a_stall_min_age_sec"": 480, ""type_a_stall_min_candles"": 3, ""type_a_stall_max_mfe_pct"": 5.0, ""trend_weakening_enabled"": false, ""spread_penalty_threshold"": 5, ""spread_penalty_margin_mult"": 0.75}",2026-06-26T19:36:58.641374+00:00,2026-06-27 05:36:58 AEST,2026-06-27 05:36:58 AEST
2026-06-26T19:46:54.788480+00:00,vc603-8c639ac15665,SHORT,60005.13,59971.0,7.132105,5.71,20.0,4,1.14,1.14,0.0,0.0,-0.01,-0.01,PROFIT_LOCK_LADDER,100,0.19,62,44.0,True,SIM_MARKET,AI_DIRECT_LIMIT,,,,,0,BEAR,SR,60-70,SPAWN,-3,-3,BEARISH_STRUCTURE,CONFLICTED,12.23,-3,3,7,0.01791,bitfinex,tBTCF0:USTF0,v11.1-virtual-chase-known-combos-v1,BITFINEX_ZERO,v11.1-virtual-chase-known-combos-v1,AI60_SP3_VIRTUAL_CHASE,AI60+ · Spread >=3 · Virtual Chase,APPROVE,60013.0,0.013177,0.027869,NEAR_RESISTANCE,-0.000117,1.0,43.0,7.132106,-3.981326,14.353773,185.046,185.046,185.046,0-5m,AI_DIRECT,AI_DIRECT_CHASE,6,,7.87,0.0,0.0,0.0,False,0.0,0.0,-0.005327,-6.2e-05,0.053556,0.933888,-18.520585,0.0,0.130065,60013.0,59992.040196,59982.644299,60451.947243,0.000157,NEAR_RESISTANCE,SHORT_PREFERRED,0.013177,0.027869,BEAR,3.0,44.0,0.0,100,2.2,True,True,APPROVE,62,"```json
{
  ""direction"": ""SHORT"",
  ""confidence"": 62,
  ""long_score"": 25,
  ""short_score"": 70,
  ""preferred_direction"": ""SHORT"",
  ""entry_zone_low"": 60080,
  ""entry_zone_high"": 60155,
  ""limit_price"": 60117,
  ""expected_mfe"": 180,
  ""expected_mae"": 80,
  ""reversal_probability"": 15,
  ""exit_style"": ""AGGRESSIVE"",
  ""reasons_for_trade"": [
    ""BEAR regime with BEARISH_STRUCTURE and LH-LL sequence active"",
    ""Price near micro resistance (60155) with 0.2% distance, providing short entry zone"",
    ""Negative delta (-18.58) and bearish velocity confirm selling pressure"",
    ""Volume ratio elevated (2.02) supporting continuation of bear move"",
    ""EMA9 above EMA21 but both below EMA200, bearish stack incomplete but price below 200 EMA"",
    ""ADX low (12.23) but trend health bear_score (6) > bull_score (4), bearish intact"",
    ""Funding positive (0.0179% per 8h) favors shorts, longs paying"",
    ""Liquidity sweep low already occurred, suggesting further downside potential""
  ],
  ""reasons_against_trade"": [
    ""Price near micro support (59580) at 0.75% distance, bounce risk increases"",
    ""MTF conflicted (15m bullish, 1h ranging, 4h bearish) reduces conviction"",
    ""ADX below 25 indicates non-trending conditions, mean reversion possible"",
    ""Edge score (2.2) below threshold (3.0), signal quality moderate"",
    ""Reversal risk score 15% suggests some bounce potential from support zone""
  ],
  ""bull_score"": 3,
  ""bear_score"": 7
}
```

**Direction**: SHORT  
**Win probability**: 62%  
**Long score**: 25  
**Short score**: 70  
**Bull score**: 3/10  
**Bear score**: 7/10  
**Decision**: APPROVE  
**Reason**: Bearish structure (LH-LL sequence active), negative delta, bearish trend health, and proximity to micro resistance (60155) support a short continuation. While ADX is low and MTF conflicted, the bearish bias is stronger with funding favoring shorts and volume confirming selling. Entry near resistance with tight stop above 60155 offers favorable risk/reward. Bounce risk from support at 59580 is noted but does not outweigh bearish evidence for a short entry.",60005.13,59971.0,TAKER,TAKER,0.033352,7.87,185.046,1.14,1.14,0.0,0.0,-0.01,-0.01,5.71,427.926406,PROFIT_LOCK_LADDER,-18.520585,0.933888,-6.2e-05,0.130065,False,True,"{'price': 60013.0, 'ret_1m': 0.0, 'ret_5m': -0.0006161532056619483, 'ema9': 59992.040196427835, 'ema21': 59982.64429869482, 'ema200': 60451.947243105875, 'dist_to_support': 0.027869398634016326, 'dist_to_resistance': 0.013176744960852907, 'volume': 0.05355630299999999, 'volume_ratio': 0.9338884290296805, 'delta': -18.520584561000152, 'velocity': -6.162361496979437e-05, 'imbalance': 0.1300652117551835, 'candle_range': 43.0, 'body_ratio': 0.671746310003874, 'wick_ratio': 0.22825368999612605}",2.2,"{'early_fail_enabled': True, 'invert_signal': False, 'ai_enabled': True, 'edge_threshold': 3.0, 'edge_threshold_max': None, 'edge_range_preset': 'min_only', 'ai_threshold': 44.0, 'leverage': 100, 'pullback_threshold': 0.001}","{'ema9': 59992.040196427835, 'ema21': 59982.64429869482, 'ema200': 60451.947243105875, 'ema_spread': 0.000157, 'ema9_slope_pct': 0.0583, 'ema21_slope_pct': 0.0258, 'ema9_above_ema21': True, 'ema21_above_ema200': False}",MOMENTUM_SHORT,2.2,2.2,False,True,INV_False_EF_True,SHORT,10,6,SCENARIO_C_RUNNER_10_v4,40.0,10.0,-12.0,2.0,8.0,300,1,2,-32.0,False,False,True,False,480,3,5.0,False,5,0.75,"[[10, 6], [19, 17], [40, 28], [60, 45], [80, 60], [100, 75], [150, 120]]","{""trail_ladder"": [[10, 6], [19, 17], [40, 28], [60, 45], [80, 60], [100, 75], [150, 120]], ""ladder_first_trigger_pct"": 10, ""ladder_first_lock_pct"": 6, ""exit_profile_id"": ""SCENARIO_C_RUNNER_10_v4"", ""peak_never_loser_min_peak"": 40.0, ""peak_never_loser_floor"": 10.0, ""thesis_fast_exit_unreal_pct"": -12.0, ""thesis_mfe_protect_pct"": 2.0, ""thesis_exit_if_above_unreal_pct"": 8.0, ""thesis_min_age_sec"": 300, ""thesis_score_flip_margin"": 1, ""thesis_early_decay_delta"": 2, ""early_fail_pct_threshold"": -32.0, ""type_a_first_candle_enabled"": false, ""type_a_early_fail_enabled"": false, ""scenario_c_exit_profile"": true, ""type_a_stall_enabled"": false, ""type_a_stall_min_age_sec"": 480, ""type_a_stall_min_candles"": 3, ""type_a_stall_max_mfe_pct"": 5.0, ""trend_weakening_enabled"": false, ""spread_penalty_threshold"": 5, ""spread_penalty_margin_mult"": 0.75}",2026-06-26T19:46:54.788480+00:00,2026-06-27 05:46:54 AEST,2026-06-27 05:46:54 AEST
2026-06-26T19:48:25.176917+00:00,cont-c4b45bc6dd6e,SHORT,60018.08,59909.0,5.8591,18.2,20.0,5,3.64,3.63,0.0,0.0,-0.0,-0.0,PROFIT_LOCK_LADDER,100,0.61,62,44.0,True,SIM_LIMIT,AI_DIRECT_LIMIT,,,,,0,BEAR,SR,60-70,SPAWN,-3,-3,BEARISH_STRUCTURE,BEAR_ALIGNED,12.23,-5,3,8,0.01791,bitfinex,tBTCF0:USTF0,v11.1-virtual-chase-known-combos-v1,BITFINEX_ZERO,v11.1-virtual-chase-known-combos-v1,CONTINUOUS,Continuous AI Research,APPROVE,59932.0,0.014833,0.02628,NEAR_RESISTANCE,-0.000186,0.307078,43.0,5.859101,0.0,19.507455,160.785,160.785,160.785,0-5m,AI_DIRECT,AI_DIRECT_CHASE,3,,86.08,0.0,0.0,0.0,False,0.0,0.0,-0.004379,3.8e-05,0.004899,0.164939,-18.776146,0.0,0.1312,59932.0,59968.840196,59972.098844,60450.793014,-5.4e-05,NEAR_RESISTANCE,SHORT_PREFERRED,0.014833,0.02628,BEAR,3.0,44.0,0.0,100,3.4,True,True,APPROVE,62,"```json
{
  ""direction"": ""SHORT"",
  ""confidence"": 62,
  ""long_score"": 25,
  ""short_score"": 72,
  ""preferred_direction"": ""SHORT"",
  ""entry_zone_low"": 60000,
  ""entry_zone_high"": 60200,
  ""limit_price"": 60100,
  ""expected_mfe"": 120,
  ""expected_mae"": 80,
  ""reversal_probability"": 53,
  ""exit_style"": ""AGGRESSIVE"",
  ""reasons_for_trade"": [
    ""Multi-timeframe agreement is BEAR_ALIGNED (15m BEARISH, 4h BEARISH, 1h RANGING) - strong bearish confluence"",
    ""Market structure bias is BEARISH_STRUCTURE with active LH-LL sequence and structure_score -3"",
    ""EMA stack is bearish (price below EMA9, EMA21, EMA200; EMA9 below EMA21; EMA21 below EMA200)"",
    ""Trend health state is BEAR with bear_score 8 vs bull_score 4, indicating intact bearish momentum"",
    ""Market structure shift is BEAR_CONTINUATION, no reversal signals detected"",
    ""Price is near micro resistance (60155) and macro resistance (60821), providing short entry location"",
    ""Funding rate positive (0.01791% per 8h) favors shorts, consistent with bearish positioning"",
    ""Edge score 3.4 above threshold 3.0, supporting trade viability""
  ],
  ""reasons_against_trade"": [
    ""ADX at 12.23 is below 25, indicating weak trend strength - risk of mean reversion or range-bound behavior"",
    ""Reversal probability at 53% suggests moderate bounce risk from current levels near support"",
    ""Volume ratio very low (0.165) - lack of conviction in current move"",
    ""Price is near micro support (59580) - short entry near support has reduced expectancy without strong continuation"",
    ""Market regime tracker shows recent COMPRESSION/TRANSITION cycles, suggesting potential for choppy price action""
  ],
  ""bull_score"": 3,
  ""bear_score"": 8
}
```",60018.08,59909.0,MAKER,TAKER,0.033371,86.08,160.785,3.64,3.63,0.0,0.0,-0.0,-0.0,18.2,351.546066,PROFIT_LOCK_LADDER,-18.776146,0.164939,3.8e-05,0.1312,False,True,"{'price': 59932.0, 'ret_1m': 0.0, 'ret_5m': -0.00011677565728012812, 'ema9': 59968.84019642784, 'ema21': 59972.09884414936, 'ema200': 60450.79301425016, 'dist_to_support': 0.026279783754922244, 'dist_to_resistance': 0.014833477941667223, 'volume': 0.004899075, 'volume_ratio': 0.164938517847964, 'delta': -18.77614596000004, 'velocity': 3.8384791472269767e-05, 'imbalance': 0.13120035267077018, 'candle_range': 43.0, 'body_ratio': 0.671746310003874, 'wick_ratio': 0.22825368999612605}",3.4,"{'early_fail_enabled': True, 'invert_signal': False, 'ai_enabled': True, 'edge_threshold': 3.0, 'edge_threshold_max': None, 'edge_range_preset': 'min_only', 'ai_threshold': 44.0, 'leverage': 100, 'pullback_threshold': 0.001}","{'ema9': 59968.84019642784, 'ema21': 59972.09884414936, 'ema200': 60450.79301425016, 'ema_spread': -5.4e-05, 'ema9_slope_pct': 0.0196, 'ema21_slope_pct': 0.0082, 'ema9_above_ema21': False, 'ema21_above_ema200': False}",WEAK_SETUP,3.4,3.4,False,True,INV_False_EF_True,SHORT,10,6,SCENARIO_C_RUNNER_10_v4,40.0,10.0,-12.0,2.0,8.0,300,1,2,-32.0,False,False,True,False,480,3,5.0,False,5,0.75,"[[10, 6], [19, 17], [40, 28], [60, 45], [80, 60], [100, 75], [150, 120]]","{""trail_ladder"": [[10, 6], [19, 17], [40, 28], [60, 45], [80, 60], [100, 75], [150, 120]], ""ladder_first_trigger_pct"": 10, ""ladder_first_lock_pct"": 6, ""exit_profile_id"": ""SCENARIO_C_RUNNER_10_v4"", ""peak_never_loser_min_peak"": 40.0, ""peak_never_loser_floor"": 10.0, ""thesis_fast_exit_unreal_pct"": -12.0, ""thesis_mfe_protect_pct"": 2.0, ""thesis_exit_if_above_unreal_pct"": 8.0, ""thesis_min_age_sec"": 300, ""thesis_score_flip_margin"": 1, ""thesis_early_decay_delta"": 2, ""early_fail_pct_threshold"": -32.0, ""type_a_first_candle_enabled"": false, ""type_a_early_fail_enabled"": false, ""scenario_c_exit_profile"": true, ""type_a_stall_enabled"": false, ""type_a_stall_min_age_sec"": 480, ""type_a_stall_min_candles"": 3, ""type_a_stall_max_mfe_pct"": 5.0, ""trend_weakening_enabled"": false, ""spread_penalty_threshold"": 5, ""spread_penalty_margin_mult"": 0.75}",2026-06-26T19:48:25.176917+00:00,2026-06-27 05:48:25 AEST,2026-06-27 05:48:25 AEST
2026-06-26T19:54:55.229223+00:00,cont-2c3f092960b1,SHORT,59954.88,59896.0,0.60516,9.82,15.0,6,1.47,1.47,0.0,0.0,-0.0,-0.0,PROFIT_LOCK_LADDER,100,0.33,62,44.0,True,SIM_LIMIT,AI_DIRECT_LIMIT,,,,,0,BEAR,SR,60-70,SPAWN,-3,-3,BEARISH_STRUCTURE,BEAR_ALIGNED,11.92,-5,2,8,0.01791,bitfinex,tBTCF0:USTF0,v11.1-virtual-chase-known-combos-v1,BITFINEX_ZERO,v11.1-virtual-chase-known-combos-v1,CONTINUOUS,Continuous AI Research,APPROVE,59933.0,0.015274,0.025857,NEAR_RESISTANCE,-0.000201,0.567717,28.7,0.605161,0.0,10.988263,234.132,234.132,234.132,0-5m,AI_DIRECT,AI_DIRECT_CHASE,4,,21.88,0.0,0.0,0.0,False,0.0,0.0,-0.000339,-1.3e-05,0.006873,0.05663,-14.901145,0.0,0.100045,59933.0,59954.192157,59965.015478,60439.328119,-0.00018,NEAR_RESISTANCE,SHORT_PREFERRED,0.015274,0.025857,BEAR,3.0,44.0,0.0,100,3.0,True,True,APPROVE,62,"```json
{
  ""direction"": ""SHORT"",
  ""confidence"": 62,
  ""long_score"": 18,
  ""short_score"": 72,
  ""preferred_direction"": ""SHORT"",
  ""entry_zone_low"": 59950,
  ""entry_zone_high"": 60150,
  ""limit_price"": 60050,
  ""expected_mfe"": 120,
  ""expected_mae"": 80,
  ""reversal_probability"": 33,
  ""exit_style"": ""AGGRESSIVE"",
  ""reasons_for_trade"": [
    ""BEAR_ALIGNED multi-timeframe agreement (15m bearish, 4h bearish)"",
    ""Bearish market structure with LH-LL sequence active and structure_score -3"",
    ""Bearish EMA stack (price below all EMAs, ema9 below ema21, ema21 below ema200)"",
    ""Trend health state BEAR with bear_score 8 vs bull_score 4"",
    ""Price near micro resistance (60155) and macro resistance (60821) - short from resistance zone"",
    ""Negative delta (-14.9) and negative velocity confirm selling pressure"",
    ""Funding positive (0.018% per 8h) favors shorts, longs paying"",
    ""Market regime in TRANSITION from COMPRESSION - potential expansion downward"",
    ""No reversal confirmations (no higher low, no structure shift, no momentum expansion upward)""
  ],
  ""reasons_against_trade"": [
    ""ADX only 11.92 (below 25) - trend strength weak, risk of mean reversion or chop"",
    ""Volume ratio very low (0.057) - low participation may lead to false moves"",
    ""Price near micro support (59580) - short entry near support has reduced expectancy"",
    ""Reversal risk score 33 - non-trivial chance of bounce from support zone"",
    ""Edge score exactly at threshold (3.0) - not a strong edge signal""
  ],
  ""bull_score"": 2,
  ""bear_score"": 8
}
```",59954.88,59896.0,MAKER,TAKER,0.025028,21.88,234.132,1.47,1.47,0.0,0.0,-0.0,-0.0,9.82,36.309693,PROFIT_LOCK_LADDER,-14.901145,0.05663,-1.3e-05,0.100045,False,True,"{'price': 59933.0, 'ret_1m': 0.0, 'ret_5m': 0.00028385847150561873, 'ema9': 59954.19215714227, 'ema21': 59965.01547815218, 'ema200': 60439.32811911794, 'dist_to_support': 0.025857176242780357, 'dist_to_resistance': 0.015273929155677228, 'volume': 0.006872607, 'volume_ratio': 0.056629996478746815, 'delta': -14.901145080000123, 'velocity': -1.3338185468883248e-05, 'imbalance': 0.10004510362655543, 'candle_range': 28.7, 'body_ratio': 0.6731753561986231, 'wick_ratio': 0.22682464380137696}",3.0,"{'early_fail_enabled': True, 'invert_signal': False, 'ai_enabled': True, 'edge_threshold': 3.0, 'edge_threshold_max': None, 'edge_range_preset': 'min_only', 'ai_threshold': 44.0, 'leverage': 100, 'pullback_threshold': 0.001}","{'ema9': 59954.19215714227, 'ema21': 59965.01547815218, 'ema200': 60439.32811911794, 'ema_spread': -0.00018, 'ema9_slope_pct': -0.0451, 'ema21_slope_pct': -0.0204, 'ema9_above_ema21': False, 'ema21_above_ema200': False}",MOMENTUM_SHORT,3.0,3.0,False,True,INV_False_EF_True,SHORT,10,6,SCENARIO_C_RUNNER_10_v4,40.0,10.0,-12.0,2.0,8.0,300,1,2,-32.0,False,False,True,False,480,3,5.0,False,5,0.75,"[[10, 6], [19, 17], [40, 28], [60, 45], [80, 60], [100, 75], [150, 120]]","{""trail_ladder"": [[10, 6], [19, 17], [40, 28], [60, 45], [80, 60], [100, 75], [150, 120]], ""ladder_first_trigger_pct"": 10, ""ladder_first_lock_pct"": 6, ""exit_profile_id"": ""SCENARIO_C_RUNNER_10_v4"", ""peak_never_loser_min_peak"": 40.0, ""peak_never_loser_floor"": 10.0, ""thesis_fast_exit_unreal_pct"": -12.0, ""thesis_mfe_protect_pct"": 2.0, ""thesis_exit_if_above_unreal_pct"": 8.0, ""thesis_min_age_sec"": 300, ""thesis_score_flip_margin"": 1, ""thesis_early_decay_delta"": 2, ""early_fail_pct_threshold"": -32.0, ""type_a_first_candle_enabled"": false, ""type_a_early_fail_enabled"": false, ""scenario_c_exit_profile"": true, ""type_a_stall_enabled"": false, ""type_a_stall_min_age_sec"": 480, ""type_a_stall_min_candles"": 3, ""type_a_stall_max_mfe_pct"": 5.0, ""trend_weakening_enabled"": false, ""spread_penalty_threshold"": 5, ""spread_penalty_margin_mult"": 0.75}",2026-06-26T19:54:55.229223+00:00,2026-06-27 05:54:55 AEST,2026-06-27 05:54:55 AEST
2026-06-26T20:00:05.282239+00:00,cont-0172d8ddded2,SHORT,59916.48,59850.98,0.025469,10.93,15.0,6,1.64,1.64,0.0,0.0,-0.0,0.0,PROFIT_LOCK_LADDER,100,0.36,62,44.0,True,SIM_LIMIT,AI_DIRECT_LIMIT,,,,,0,BEAR,SR,60-70,SPAWN,-3,-3,BEARISH_STRUCTURE,BEAR_ALIGNED,11.83,-5,2,8,0.01791,bitfinex,tBTCF0:USTF0,v11.1-virtual-chase-known-combos-v1,BITFINEX_ZERO,v11.1-virtual-chase-known-combos-v1,CONTINUOUS,Continuous AI Research,APPROVE,59882.0,0.015715,0.025434,NEAR_RESISTANCE,-0.000208,0.167001,28.7,0.02547,0.0,19.106596,181.633,181.633,181.633,0-5m,AI_DIRECT,AI_DIRECT_CHASE,4,,34.48,0.0,0.0996,0.0996,False,0.0,0.0,-1.4e-05,-1.2e-05,0.0014,0.313679,-14.769676,0.0,0.098738,59882.0,59949.992157,59963.106387,60439.119164,-0.000219,NEAR_RESISTANCE,SHORT_PREFERRED,0.015715,0.025434,BEAR,3.0,44.0,0.0,100,3.1,True,True,APPROVE,62,"```json
{
  ""direction"": ""SHORT"",
  ""confidence"": 62,
  ""long_score"": 18,
  ""short_score"": 72,
  ""preferred_direction"": ""SHORT"",
  ""entry_zone_low"": 59950,
  ""entry_zone_high"": 60100,
  ""limit_price"": 60025,
  ""expected_mfe"": 120,
  ""expected_mae"": 80,
  ""reversal_probability"": 15,
  ""exit_style"": ""AGGRESSIVE"",
  ""reasons_for_trade"": [
    ""BEAR_ALIGNED multi-timeframe agreement (15m BEARISH, 4h BEARISH, 1h RANGING)"",
    ""Bearish EMA stack (price below EMA9, EMA21, EMA200; EMA9 below EMA21; EMA21 below EMA200)"",
    ""Trend health state BEAR with bear_score 9 vs bull_score 3, indicating intact bearish momentum"",
    ""Market structure bias BEARISH_STRUCTURE with active LH/LL sequence and structure_score -3"",
    ""ADX 11.83 below 25 but trend strength score -5 supports bearish continuation, not reversal"",
    ""Orderflow delta negative (-14.77) and velocity negative, consistent with selling pressure"",
    ""Funding rate positive (0.01791% per 8h) favoring shorts, longs paying shorts"",
    ""Price near micro resistance (60155) and macro resistance (60821), providing short entry location"",
    ""No reversal confirmations: no higher low, no structure shift, no momentum expansion in bullish direction""
  ],
  ""reasons_against_trade"": [
    ""ADX below 25 suggests non-trending/weak trend, increasing mean reversion risk"",
    ""Price near micro support (59580) at 0.5% distance, potential bounce zone if selling exhausts"",
    ""Volume ratio below 1 (0.51) indicates low participation, reducing conviction in continuation"",
    ""Reversal risk score 15% suggests some probability of snap-back from current levels"",
    ""Market regime tracker shows recent compression/transition cycles, not clear expansion""
  ],
  ""bull_score"": 2,
  ""bear_score"": 8
}
```",59916.48,59850.98,MAKER,TAKER,0.025049,34.48,181.633,1.64,1.64,0.0,0.0,-0.0,0.0,10.93,1.528219,PROFIT_LOCK_LADDER,-14.769676,0.313679,-1.2e-05,0.098738,False,True,"{'price': 59882.0, 'ret_1m': 3.34001336005344e-05, 'ret_5m': 1.6699787912693508e-05, 'ema9': 59949.992157142275, 'ema21': 59963.10638724309, 'ema200': 60439.11916389406, 'dist_to_support': 0.02543420173680695, 'dist_to_resistance': 0.015714762859051438, 'volume': 0.0013999999999999998, 'volume_ratio': 0.3136791788481362, 'delta': -14.769675620000038, 'velocity': -1.1688122652935907e-05, 'imbalance': 0.09873758714890171, 'candle_range': 28.7, 'body_ratio': 0.6731753561986231, 'wick_ratio': 0.22682464380137696}",3.1,"{'early_fail_enabled': True, 'invert_signal': False, 'ai_enabled': True, 'edge_threshold': 3.0, 'edge_threshold_max': None, 'edge_range_preset': 'min_only', 'ai_threshold': 44.0, 'leverage': 100, 'pullback_threshold': 0.001}","{'ema9': 59949.992157142275, 'ema21': 59963.10638724309, 'ema200': 60439.11916389406, 'ema_spread': -0.000219, 'ema9_slope_pct': -0.0521, 'ema21_slope_pct': -0.0236, 'ema9_above_ema21': False, 'ema21_above_ema200': False}",MOMENTUM_SHORT,3.1,3.1,False,True,INV_False_EF_True,SHORT,10,6,SCENARIO_C_RUNNER_10_v4,40.0,10.0,-12.0,2.0,8.0,300,1,2,-32.0,False,False,True,False,480,3,5.0,False,5,0.75,"[[10, 6], [19, 17], [40, 28], [60, 45], [80, 60], [100, 75], [150, 120]]","{""trail_ladder"": [[10, 6], [19, 17], [40, 28], [60, 45], [80, 60], [100, 75], [150, 120]], ""ladder_first_trigger_pct"": 10, ""ladder_first_lock_pct"": 6, ""exit_profile_id"": ""SCENARIO_C_RUNNER_10_v4"", ""peak_never_loser_min_peak"": 40.0, ""peak_never_loser_floor"": 10.0, ""thesis_fast_exit_unreal_pct"": -12.0, ""thesis_mfe_protect_pct"": 2.0, ""thesis_exit_if_above_unreal_pct"": 8.0, ""thesis_min_age_sec"": 300, ""thesis_score_flip_margin"": 1, ""thesis_early_decay_delta"": 2, ""early_fail_pct_threshold"": -32.0, ""type_a_first_candle_enabled"": false, ""type_a_early_fail_enabled"": false, ""scenario_c_exit_profile"": true, ""type_a_stall_enabled"": false, ""type_a_stall_min_age_sec"": 480, ""type_a_stall_min_candles"": 3, ""type_a_stall_max_mfe_pct"": 5.0, ""trend_weakening_enabled"": false, ""spread_penalty_threshold"": 5, ""spread_penalty_margin_mult"": 0.75}",2026-06-26T20:00:05.282239+00:00,2026-06-27 06:00:05 AEST,2026-06-27 06:00:05 AEST
2026-06-26T20:03:01.307426+00:00,cont-1901e7ebaedf,SHORT,59995.54,59920.0,0.521055,12.59,15.0,6,1.89,1.89,0.0,0.0,-0.0,-0.0,PROFIT_LOCK_LADDER,100,0.42,62,44.0,True,SIM_LIMIT,AI_DIRECT_LIMIT,,,,,0,BEAR,SR,60-70,SPAWN,-3,-3,BEARISH_STRUCTURE,BEAR_ALIGNED,11.83,-5,3,9,0.01791,bitfinex,tBTCF0:USTF0,v11.1-virtual-chase-known-combos-v1,BITFINEX_ZERO,v11.1-virtual-chase-known-combos-v1,CONTINUOUS,Continuous AI Research,APPROVE,59986.0,0.01392,0.027156,NEAR_RESISTANCE,-0.000471,1.0,28.7,0.521056,0.0,21.258247,120.987,120.987,120.987,0-5m,AI_DIRECT,AI_DIRECT_CHASE,3,,9.54,0.0,0.0,0.0,False,0.0,0.0,-0.000292,-6.3e-05,0.020286,0.001511,-18.490855,0.0,0.112905,59986.0,59951.192157,59963.651842,60439.178865,-0.000208,NEAR_RESISTANCE,SHORT_PREFERRED,0.01392,0.027156,BEAR,3.0,44.0,0.0,100,3.1,True,True,APPROVE,62,"```json
{
  ""direction"": ""SHORT"",
  ""confidence"": 62,
  ""long_score"": 25,
  ""short_score"": 72,
  ""preferred_direction"": ""SHORT"",
  ""entry_zone_low"": 60050,
  ""entry_zone_high"": 60150,
  ""limit_price"": 60100,
  ""expected_mfe"": 120,
  ""expected_mae"": 80,
  ""reversal_probability"": 53,
  ""exit_style"": ""AGGRESSIVE"",
  ""reasons_for_trade"": [
    ""BEAR_ALIGNED multi-timeframe agreement (15m bearish, 1h ranging, 4h bearish)"",
    ""Bearish structure with active LH-LL sequence and structure_score -3"",
    ""Bear EMA stack (price below all EMAs, EMA9 below EMA21, EMA21 below EMA200)"",
    ""Trend health BEAR with bear_score 9 vs bull_score 3"",
    ""Market structure shift is BEAR_CONTINUATION"",
    ""Liquidity sweep low already occurred, suggesting further downside"",
    ""Funding positive (0.01791% per 8h) favoring shorts"",
    ""Price near micro resistance (60155) with short bias from SR state""
  ],
  ""reasons_against_trade"": [
    ""ADX at 11.83 (below 25) indicates weak trend strength, risk of mean reversion"",
    ""Volume ratio low at 0.35, suggesting lack of conviction"",
    ""Reversal risk score 53 indicates moderate bounce potential"",
    ""Price near micro support (59580) could attract buyers"",
    ""Compression regime may precede expansion in either direction""
  ],
  ""bull_score"": 3,
  ""bear_score"": 9
}
```",59995.54,59920.0,MAKER,TAKER,0.025006,9.54,120.987,1.89,1.89,0.0,0.0,-0.0,-0.0,12.59,31.263414,PROFIT_LOCK_LADDER,-18.490855,0.001511,-6.3e-05,0.112905,False,True,"{'price': 59986.0, 'ret_1m': 0.0, 'ret_5m': 0.0021886225043855987, 'ema9': 59951.19215714227, 'ema21': 59963.65184178854, 'ema200': 60439.178865386595, 'dist_to_support': 0.027156336478511654, 'dist_to_resistance': 0.013919914646750908, 'volume': 0.020285777999999997, 'volume_ratio': 0.0015107239028057937, 'delta': -18.490854784999783, 'velocity': -6.33039833920475e-05, 'imbalance': 0.1129053388826617, 'candle_range': 28.7, 'body_ratio': 0.6731753561986231, 'wick_ratio': 0.22682464380137696}",3.1,"{'early_fail_enabled': True, 'invert_signal': False, 'ai_enabled': True, 'edge_threshold': 3.0, 'edge_threshold_max': None, 'edge_range_preset': 'min_only', 'ai_threshold': 44.0, 'leverage': 100, 'pullback_threshold': 0.001}","{'ema9': 59951.19215714227, 'ema21': 59963.65184178854, 'ema200': 60439.178865386595, 'ema_spread': -0.000208, 'ema9_slope_pct': -0.0501, 'ema21_slope_pct': -0.0227, 'ema9_above_ema21': False, 'ema21_above_ema200': False}",MOMENTUM_SHORT,3.1,3.1,False,True,INV_False_EF_True,SHORT,10,6,SCENARIO_C_RUNNER_10_v4,40.0,10.0,-12.0,2.0,8.0,300,1,2,-32.0,False,False,True,False,480,3,5.0,False,5,0.75,"[[10, 6], [19, 17], [40, 28], [60, 45], [80, 60], [100, 75], [150, 120]]","{""trail_ladder"": [[10, 6], [19, 17], [40, 28], [60, 45], [80, 60], [100, 75], [150, 120]], ""ladder_first_trigger_pct"": 10, ""ladder_first_lock_pct"": 6, ""exit_profile_id"": ""SCENARIO_C_RUNNER_10_v4"", ""peak_never_loser_min_peak"": 40.0, ""peak_never_loser_floor"": 10.0, ""thesis_fast_exit_unreal_pct"": -12.0, ""thesis_mfe_protect_pct"": 2.0, ""thesis_exit_if_above_unreal_pct"": 8.0, ""thesis_min_age_sec"": 300, ""thesis_score_flip_margin"": 1, ""thesis_early_decay_delta"": 2, ""early_fail_pct_threshold"": -32.0, ""type_a_first_candle_enabled"": false, ""type_a_early_fail_enabled"": false, ""scenario_c_exit_profile"": true, ""type_a_stall_enabled"": false, ""type_a_stall_min_age_sec"": 480, ""type_a_stall_min_candles"": 3, ""type_a_stall_max_mfe_pct"": 5.0, ""trend_weakening_enabled"": false, ""spread_penalty_threshold"": 5, ""spread_penalty_margin_mult"": 0.75}",2026-06-26T20:03:01.307426+00:00,2026-06-27 06:03:01 AEST,2026-06-27 06:03:01 AEST
2026-06-26T20:08:30.916545+00:00,cont-c5a483591139,SHORT,59881.09,59830.0,1.170239,8.54,20.0,5,1.71,1.71,0.0,0.0,-0.0,-0.0,PROFIT_LOCK_LADDER,100,0.28,62,44.0,True,SIM_LIMIT,AI_DIRECT_LIMIT,,,,,0,BEAR,SR,60-70,SPAWN,-3,-3,BEARISH_STRUCTURE,BEAR_ALIGNED,11.0,-5,3,8,0.01791,bitfinex,tBTCF0:USTF0,v11.1-virtual-chase-known-combos-v1,BITFINEX_ZERO,v11.1-virtual-chase-known-combos-v1,CONTINUOUS,Continuous AI Research,APPROVE,59904.0,0.01524,0.02589,NEAR_RESISTANCE,-0.000598,0.367162,48.0,1.170239,0.0,16.046802,183.134,183.134,183.134,0-5m,AI_DIRECT,AI_DIRECT_CHASE,4,,22.91,0.0,0.0,0.0,False,0.0,0.0,-0.000873,-3.7e-05,0.003169,0.772268,-15.225587,0.0,0.089734,59898.0,59918.313726,59946.542997,60426.339327,-0.000471,NEAR_RESISTANCE,SHORT_PREFERRED,0.01524,0.02589,BEAR,3.0,44.0,0.0,100,3.3,True,True,APPROVE,62,"```json
{
  ""direction"": ""SHORT"",
  ""confidence"": 62,
  ""long_score"": 25,
  ""short_score"": 72,
  ""preferred_direction"": ""SHORT"",
  ""entry_zone_low"": 59950,
  ""entry_zone_high"": 60100,
  ""limit_price"": 60025,
  ""expected_mfe"": 120,
  ""expected_mae"": 80,
  ""reversal_probability"": 15,
  ""exit_style"": ""AGGRESSIVE"",
  ""reasons_for_trade"": [
    ""Multi-timeframe agreement is BEAR_ALIGNED (15m BEARISH, 4h BEARISH, 1h RANGING) - strong bearish confluence"",
    ""Market structure bias is BEARISH_STRUCTURE with active LH-LL sequence and structure_score -3"",
    ""EMA stack is bearish (price below ema9, ema21, ema200; ema9 below ema21; ema21 below ema200)"",
    ""Trend health state is BEAR with bear_score 8 vs bull_score 4, indicating intact bearish momentum"",
    ""ADX is 11 (below 25) - not trending strongly, but continuation still favored given bear alignment"",
    ""Price is near micro resistance (60155) and macro resistance (60821), providing short entry location"",
    ""Funding rate positive (0.01791% per 8h) favors shorts, consistent with bearish sentiment"",
    ""Orderflow shows negative delta (-15.23) and negative velocity, supporting bearish pressure"",
    ""Reversal risk is low (15%) with no higher low or liquidity sweep detected""
  ],
  ""reasons_against_trade"": [
    ""ADX at 11 indicates weak trend strength - risk of mean reversion or range-bound behavior"",
    ""Volume ratio below 1 (0.77) suggests low participation, reducing conviction in directional move"",
    ""Price is near micro support (59580) - short entry near support increases bounce risk"",
    ""Market regime tracker shows recent COMPRESSION/TRANSITION cycles, suggesting potential consolidation"",
    ""Edge score (3.3) is only slightly above threshold (3.0), indicating marginal edge quality""
  ],
  ""bull_score"": 3,
  ""bear_score"": 8
}
```",59881.09,59830.0,MAKER,TAKER,0.033387,22.91,183.134,1.71,1.71,0.0,0.0,-0.0,-0.0,8.54,70.214394,PROFIT_LOCK_LADDER,-15.225587,0.772268,-3.7e-05,0.089734,False,True,"{'price': 59898.0, 'ret_1m': 0.0, 'ret_5m': -0.00018358116791001184, 'ema9': 59918.31372571382, 'ema21': 59946.54299666819, 'ema200': 60426.3393269191, 'dist_to_support': 0.02588969753622221, 'dist_to_resistance': 0.015240034719903853, 'volume': 0.003168758, 'volume_ratio': 0.7722680400269614, 'delta': -15.225587008999781, 'velocity': -3.6713755209902406e-05, 'imbalance': 0.08973415670651211, 'candle_range': 48.0, 'body_ratio': 0.6751766069803616, 'wick_ratio': 0.22482339301963838}",3.3,"{'early_fail_enabled': True, 'invert_signal': False, 'ai_enabled': True, 'edge_threshold': 3.0, 'edge_threshold_max': None, 'edge_range_preset': 'min_only', 'ai_threshold': 44.0, 'leverage': 100, 'pullback_threshold': 0.001}","{'ema9': 59918.31372571382, 'ema21': 59946.54299666819, 'ema200': 60426.3393269191, 'ema_spread': -0.000471, 'ema9_slope_pct': -0.0975, 'ema21_slope_pct': -0.0485, 'ema9_above_ema21': False, 'ema21_above_ema200': False}",MOMENTUM_SHORT,3.3,3.3,False,True,INV_False_EF_True,SHORT,10,6,SCENARIO_C_RUNNER_10_v4,40.0,10.0,-12.0,2.0,8.0,300,1,2,-32.0,False,False,True,False,480,3,5.0,False,5,0.75,"[[10, 6], [19, 17], [40, 28], [60, 45], [80, 60], [100, 75], [150, 120]]","{""trail_ladder"": [[10, 6], [19, 17], [40, 28], [60, 45], [80, 60], [100, 75], [150, 120]], ""ladder_first_trigger_pct"": 10, ""ladder_first_lock_pct"": 6, ""exit_profile_id"": ""SCENARIO_C_RUNNER_10_v4"", ""peak_never_loser_min_peak"": 40.0, ""peak_never_loser_floor"": 10.0, ""thesis_fast_exit_unreal_pct"": -12.0, ""thesis_mfe_protect_pct"": 2.0, ""thesis_exit_if_above_unreal_pct"": 8.0, ""thesis_min_age_sec"": 300, ""thesis_score_flip_margin"": 1, ""thesis_early_decay_delta"": 2, ""early_fail_pct_threshold"": -32.0, ""type_a_first_candle_enabled"": false, ""type_a_early_fail_enabled"": false, ""scenario_c_exit_profile"": true, ""type_a_stall_enabled"": false, ""type_a_stall_min_age_sec"": 480, ""type_a_stall_min_candles"": 3, ""type_a_stall_max_mfe_pct"": 5.0, ""trend_weakening_enabled"": false, ""spread_penalty_threshold"": 5, ""spread_penalty_margin_mult"": 0.75}",2026-06-26T20:08:30.916545+00:00,2026-06-27 06:08:30 AEST,2026-06-27 06:08:30 AEST
2026-06-26T20:24:17.888518+00:00,cont-0c6c06aa78e5,SHORT,59834.0,59786.0,8.700965,8.05,15.0,6,1.21,1.2,0.0,0.0,-0.0,-0.0,PROFIT_LOCK_LADDER,100,0.27,62,44.0,True,SIM_LIMIT,AI_DIRECT_LIMIT,,,,,0,BEAR,SR,60-70,SPAWN,-3,-3,BEARISH_STRUCTURE,BEAR_ALIGNED,11.0,-5,2,8,0.01791,bitfinex,tBTCF0:USTF0,v11.1-virtual-chase-known-combos-v1,BITFINEX_ZERO,v11.1-virtual-chase-known-combos-v1,CONTINUOUS,Continuous AI Research,APPROVE,59742.0,0.017142,0.024065,FREE_RANGE,-0.000841,1.0,48.0,8.700965,-3.342581,17.047164,326.209,326.209,326.209,5-15m,AI_DIRECT,AI_DIRECT_CHASE,4,,92.0,0.0,0.0,0.0,False,0.0,0.0,-0.004878,-0.0001,0.001927,0.012704,-14.63849,0.0,0.085172,59746.0,59903.513726,59939.815724,60425.603009,-0.000606,FREE_RANGE,SHORT_PREFERRED,0.017142,0.024065,BEAR,3.0,44.0,0.0,100,4.3,True,True,APPROVE,62,"```json
{
  ""direction"": ""SHORT"",
  ""confidence"": 62,
  ""long_score"": 18,
  ""short_score"": 72,
  ""preferred_direction"": ""SHORT"",
  ""entry_zone_low"": 59850,
  ""entry_zone_high"": 59950,
  ""limit_price"": 59900,
  ""expected_mfe"": 120,
  ""expected_mae"": 80,
  ""reversal_probability"": 41,
  ""exit_style"": ""AGGRESSIVE"",
  ""reasons_for_trade"": [
    ""BEAR_ALIGNED multi-timeframe agreement (15m, 1h, 4h all bearish)"",
    ""Bearish market structure with LH/LL sequence active and structure_score -3"",
    ""Bearish EMA stack (price below all EMAs, EMA9 below EMA21, EMA21 below EMA200)"",
    ""Trend health state BEAR with bear_score 9 vs bull_score 3"",
    ""Market regime in COMPRESSION with recent transitions suggesting continuation"",
    ""Bearish continuation signal (market_structure_shift: BEAR_CONTINUATION)"",
    ""Price below micro resistance (60155) and near micro support (59580) - shorting into resistance zone on pullback"",
    ""Edge score 4.3 above threshold 3.0 supporting trade viability""
  ],
  ""reasons_against_trade"": [
    ""ADX at 11 (below 25) - trend strength is weak, risk of mean reversion or sideways chop"",
    ""Price near micro support (59580) - bounce risk if support holds"",
    ""Reversal probability 41% - non-trivial chance of reversal from current levels"",
    ""Volume ratio very low (0.10) - lack of conviction in current move"",
    ""Compression regime may precede expansion in either direction""
  ],
  ""bull_score"": 2,
  ""bear_score"": 8
}
```",59834.0,59786.0,MAKER,TAKER,0.025108,92.0,326.209,1.21,1.2,0.0,0.0,-0.0,-0.0,8.05,522.057966,PROFIT_LOCK_LADDER,-14.63849,0.012704,-0.0001,0.085172,False,True,"{'price': 59746.0, 'ret_1m': 0.0, 'ret_5m': -0.0015708556149732621, 'ema9': 59903.51372571383, 'ema21': 59939.81572394092, 'ema200': 60425.60300851114, 'dist_to_support': 0.024065154859856847, 'dist_to_resistance': 0.01714161482373403, 'volume': 0.001926742, 'volume_ratio': 0.012704498519017457, 'delta': -14.638490380999485, 'velocity': -0.00010033693608108435, 'imbalance': 0.0851719095288133, 'candle_range': 48.0, 'body_ratio': 0.6751766069803616, 'wick_ratio': 0.22482339301963838}",4.3,"{'early_fail_enabled': True, 'invert_signal': False, 'ai_enabled': True, 'edge_threshold': 3.0, 'edge_threshold_max': None, 'edge_range_preset': 'min_only', 'ai_threshold': 44.0, 'leverage': 100, 'pullback_threshold': 0.001}","{'ema9': 59903.51372571383, 'ema21': 59939.81572394092, 'ema200': 60425.60300851114, 'ema_spread': -0.000606, 'ema9_slope_pct': -0.1222, 'ema21_slope_pct': -0.0597, 'ema9_above_ema21': False, 'ema21_above_ema200': False}",MOMENTUM_SHORT,4.3,4.3,False,True,INV_False_EF_True,SHORT,10,6,SCENARIO_C_RUNNER_10_v4,40.0,10.0,-12.0,2.0,8.0,300,1,2,-32.0,False,False,True,False,480,3,5.0,False,5,0.75,"[[10, 6], [19, 17], [40, 28], [60, 45], [80, 60], [100, 75], [150, 120]]","{""trail_ladder"": [[10, 6], [19, 17], [40, 28], [60, 45], [80, 60], [100, 75], [150, 120]], ""ladder_first_trigger_pct"": 10, ""ladder_first_lock_pct"": 6, ""exit_profile_id"": ""SCENARIO_C_RUNNER_10_v4"", ""peak_never_loser_min_peak"": 40.0, ""peak_never_loser_floor"": 10.0, ""thesis_fast_exit_unreal_pct"": -12.0, ""thesis_mfe_protect_pct"": 2.0, ""thesis_exit_if_above_unreal_pct"": 8.0, ""thesis_min_age_sec"": 300, ""thesis_score_flip_margin"": 1, ""thesis_early_decay_delta"": 2, ""early_fail_pct_threshold"": -32.0, ""type_a_first_candle_enabled"": false, ""type_a_early_fail_enabled"": false, ""scenario_c_exit_profile"": true, ""type_a_stall_enabled"": false, ""type_a_stall_min_age_sec"": 480, ""type_a_stall_min_candles"": 3, ""type_a_stall_max_mfe_pct"": 5.0, ""trend_weakening_enabled"": false, ""spread_penalty_threshold"": 5, ""spread_penalty_margin_mult"": 0.75}",2026-06-26T20:24:17.888518+00:00,2026-06-27 06:24:17 AEST,2026-06-27 06:24:17 AEST
2026-06-26T20:24:17.984342+00:00,cont-0ad12eab1462,SHORT,59828.99,59786.0,1.581271,7.19,15.0,6,1.08,1.08,0.0,0.0,-0.0,-0.0,PROFIT_LOCK_LADDER,100,0.24,62,44.0,True,SIM_LIMIT,AI_DIRECT_LIMIT,,,,,0,BEAR,SR,60-70,SPAWN,-3,-3,BEARISH_STRUCTURE,BEAR_ALIGNED,10.18,-5,2,8,0.01791,bitfinex,tBTCF0:USTF0,v11.1-virtual-chase-known-combos-v1,BITFINEX_ZERO,v11.1-virtual-chase-known-combos-v1,CONTINUOUS,Continuous AI Research,APPROVE,59800.0,0.017074,0.02413,FREE_RANGE,-0.000841,1.0,53.8,1.581272,0.0,16.211205,373.631,373.631,373.631,5-15m,AI_DIRECT,AI_DIRECT_CHASE,6,,28.99,0.0,0.0,0.0,False,0.0,0.0,-0.000886,-7.2e-05,0.001824,0.042531,-14.663707,0.0,0.085181,59800.0,59888.330981,59929.336609,60413.625132,-0.000684,FREE_RANGE,SHORT_PREFERRED,0.017074,0.02413,BEAR,3.0,44.0,0.0,100,3.3,True,True,APPROVE,62,"```json
{
  ""direction"": ""SHORT"",
  ""confidence"": 62,
  ""long_score"": 18,
  ""short_score"": 72,
  ""preferred_direction"": ""SHORT"",
  ""entry_zone_low"": 59850.0,
  ""entry_zone_high"": 60155.0,
  ""limit_price"": 60002.5,
  ""expected_mfe"": 120,
  ""expected_mae"": 80,
  ""reversal_probability"": 53,
  ""exit_style"": ""AGGRESSIVE"",
  ""reasons_for_trade"": [
    ""BEAR_ALIGNED multi-timeframe agreement (15m, 1h, 4h all bearish)"",
    ""Bearish market structure with LH/LL sequence active and structure_score -3"",
    ""Bear EMA stack (price below all EMAs, EMA9 below EMA21, EMA21 below EMA200)"",
    ""Trend health state BEAR with bear_score 9 vs bull_score 3"",
    ""ADX 10.18 below 25 but trend is intact with no weakening signals"",
    ""Funding positive (0.01791% per 8h) favoring shorts, longs paying"",
    ""Delta negative (-14.66) and volume ratio low (0.20) suggesting weak buying"",
    ""Market regime in COMPRESSION - likely to resolve downward given bear alignment""
  ],
  ""reasons_against_trade"": [
    ""Price near micro support at 59580 (0.45% away) - bounce risk if support holds"",
    ""ADX below 25 indicates non-trending/weak trend - potential chop"",
    ""Reversal risk score 53 - moderate chance of mean reversion"",
    ""Volume ratio very low (0.20) - lack of conviction in current move"",
    ""Candle wick ratio 0.23 suggests some buying rejection of lows""
  ],
  ""bull_score"": 2,
  ""bear_score"": 8
}
```

**Direction:** SHORT  
**Win probability:** 62%  
**Long score:** 18  
**Short score:** 72  
**Bull score:** 2/10  
**Bear score:** 8/10  
**Decision:** APPROVE  
**Reason:** Strong bearish alignment across all trend hierarchy layers (MTF, structure, EMA stack, trend health). Short score dominates long score by 54 points, well above the +5 threshold. While ADX is low (10.18) suggesting weak trend, the bearish structure is intact with no reversal confirmations. Entry near resistance (60155) with limit above current price allows for pullback entry. The proximity to micro support (59580) introduces bounce risk, but the bearish continuation bias and negative delta favor short positioning. Exit style AGGRESSIVE given compression regime - take profits quickly on any breakdown below 59580 or on signs of rejection at resistance.",59828.99,59786.0,MAKER,TAKER,0.025084,28.99,373.631,1.08,1.08,0.0,0.0,-0.0,-0.0,7.19,94.876335,PROFIT_LOCK_LADDER,-14.663707,0.042531,-7.2e-05,0.085181,False,True,"{'price': 59800.0, 'ret_1m': 0.0, 'ret_5m': 0.0006860891246506803, 'ema9': 59888.33098057106, 'ema21': 59929.336608543264, 'ema200': 60413.62513151168, 'dist_to_support': 0.024130434782608696, 'dist_to_resistance': 0.017073578595317725, 'volume': 0.001823516, 'volume_ratio': 0.04253052816143013, 'delta': -14.663706542999382, 'velocity': -7.186334274585832e-05, 'imbalance': 0.08518132571211404, 'candle_range': 53.8, 'body_ratio': 0.6681343534592348, 'wick_ratio': 0.23186564654076514}",3.3,"{'early_fail_enabled': True, 'invert_signal': False, 'ai_enabled': True, 'edge_threshold': 3.0, 'edge_threshold_max': None, 'edge_range_preset': 'min_only', 'ai_threshold': 44.0, 'leverage': 100, 'pullback_threshold': 0.001}","{'ema9': 59888.33098057106, 'ema21': 59929.336608543264, 'ema200': 60413.62513151168, 'ema_spread': -0.000684, 'ema9_slope_pct': -0.1299, 'ema21_slope_pct': -0.0693, 'ema9_above_ema21': False, 'ema21_above_ema200': False}",MOMENTUM_SHORT,3.3,3.3,False,True,INV_False_EF_True,SHORT,10,6,SCENARIO_C_RUNNER_10_v4,40.0,10.0,-12.0,2.0,8.0,300,1,2,-32.0,False,False,True,False,480,3,5.0,False,5,0.75,"[[10, 6], [19, 17], [40, 28], [60, 45], [80, 60], [100, 75], [150, 120]]","{""trail_ladder"": [[10, 6], [19, 17], [40, 28], [60, 45], [80, 60], [100, 75], [150, 120]], ""ladder_first_trigger_pct"": 10, ""ladder_first_lock_pct"": 6, ""exit_profile_id"": ""SCENARIO_C_RUNNER_10_v4"", ""peak_never_loser_min_peak"": 40.0, ""peak_never_loser_floor"": 10.0, ""thesis_fast_exit_unreal_pct"": -12.0, ""thesis_mfe_protect_pct"": 2.0, ""thesis_exit_if_above_unreal_pct"": 8.0, ""thesis_min_age_sec"": 300, ""thesis_score_flip_margin"": 1, ""thesis_early_decay_delta"": 2, ""early_fail_pct_threshold"": -32.0, ""type_a_first_candle_enabled"": false, ""type_a_early_fail_enabled"": false, ""scenario_c_exit_profile"": true, ""type_a_stall_enabled"": false, ""type_a_stall_min_age_sec"": 480, ""type_a_stall_min_candles"": 3, ""type_a_stall_max_mfe_pct"": 5.0, ""trend_weakening_enabled"": false, ""spread_penalty_threshold"": 5, ""spread_penalty_margin_mult"": 0.75}",2026-06-26T20:24:17.984342+00:00,2026-06-27 06:24:17 AEST,2026-06-27 06:24:17 AEST
2026-06-26T20:31:06.297222+00:00,cont-889dabc8c115,SHORT,59804.61,59701.81,0.009171,17.19,15.0,6,2.58,2.58,0.0,0.0,-0.0,0.0,PROFIT_LOCK_LADDER,100,0.57,62,44.0,True,SIM_LIMIT,AI_DIRECT_LIMIT,,,,,0,BEAR,SR,60-70,SPAWN,-3,-3,BEARISH_STRUCTURE,BEAR_ALIGNED,10.18,-5,3,9,0.01791,bitfinex,tBTCF0:USTF0,v11.1-virtual-chase-known-combos-v1,BITFINEX_ZERO,v11.1-virtual-chase-known-combos-v1,CONTINUOUS,Continuous AI Research,APPROVE,59790.0,0.01653,0.024652,FREE_RANGE,-0.000846,0.702212,53.8,0.009171,0.0,21.505031,311.225,311.225,311.225,5-15m,AI_DIRECT,AI_DIRECT_CHASE,6,,14.61,0.0,0.196,0.196,False,0.0,0.0,-5e-06,-7e-05,0.001678,0.0,-16.070077,0.0,0.091164,59790.0,59877.730981,59924.518427,60413.097768,-0.000781,FREE_RANGE,SHORT_PREFERRED,0.01653,0.024652,BEAR,3.0,44.0,0.0,100,3.4,True,True,APPROVE,62,"```json
{
  ""direction"": ""SHORT"",
  ""confidence"": 62,
  ""long_score"": 25,
  ""short_score"": 72,
  ""preferred_direction"": ""SHORT"",
  ""entry_zone_low"": 59900,
  ""entry_zone_high"": 60155,
  ""limit_price"": 60027,
  ""expected_mfe"": 120,
  ""expected_mae"": 80,
  ""reversal_probability"": 53,
  ""exit_style"": ""AGGRESSIVE"",
  ""reasons_for_trade"": [
    ""Multi-timeframe agreement is BEAR_ALIGNED across 15m, 1h, 4h"",
    ""Market structure bias is BEARISH_STRUCTURE with active LH-LL sequence"",
    ""EMA stack is bearish (price below all EMAs, EMA9 below EMA21, EMA21 below EMA200)"",
    ""Trend health state is BEAR with bear_score 9 vs bull_score 3"",
    ""Market structure shift is BEAR_CONTINUATION"",
    ""Orderflow delta is negative (-16.15) supporting bearish momentum"",
    ""Volume ratio is low (0.18) suggesting lack of buying interest on bounces"",
    ""Regime is BEAR and recent history shows compression followed by expansion favoring continuation""
  ],
  ""reasons_against_trade"": [
    ""Price is near micro support (59580) increasing bounce risk"",
    ""ADX is low (10.18) indicating weak trend strength, not trending"",
    ""Reversal risk score is 53 suggesting moderate reversal probability"",
    ""Entry near support historically reduces short expectancy without strong continuation"",
    ""Edge score is only 3.4, just above threshold of 3.0""
  ],
  ""bull_score"": 3,
  ""bear_score"": 9
}
```

**Direction:** SHORT  
**Win probability:** 62%  
**Long score:** 25  
**Short score:** 72  
**Bull score:** 3  
**Bear score:** 9  
**Decision:** APPROVE  
**Reason:** Bearish alignment across all timeframes, bearish structure, bearish EMA stack, and negative orderflow strongly favor continuation. The low ADX (10.18) indicates weak trend strength, but the bearish hierarchy is intact. Entry near support (59580) introduces bounce risk, but the bearish case outweighs the bullish case by a wide margin (72 vs 25). The limit price is set above current price (59832) at 60027, targeting a pullback to micro resistance (60155) for a short entry. Exit style is AGGRESSIVE due to proximity to support and moderate reversal risk.",59804.61,59701.81,MAKER,TAKER,0.025088,14.61,311.225,2.58,2.58,0.0,0.0,-0.0,0.0,17.19,0.550303,PROFIT_LOCK_LADDER,-16.070077,0.0,-7e-05,0.091164,False,True,"{'price': 59790.0, 'ret_1m': 0.0, 'ret_5m': -0.0003511059838491247, 'ema9': 59877.73098057106, 'ema21': 59924.51842672509, 'ema200': 60413.0977683276, 'dist_to_support': 0.024652359941168607, 'dist_to_resistance': 0.016529616258858137, 'volume': 0.0016780870000000004, 'volume_ratio': 4.329685045460957e-07, 'delta': -16.07007714599935, 'velocity': -7.02109425831677e-05, 'imbalance': 0.09116382522948431, 'candle_range': 53.8, 'body_ratio': 0.6681343534592348, 'wick_ratio': 0.23186564654076514}",3.4,"{'early_fail_enabled': True, 'invert_signal': False, 'ai_enabled': True, 'edge_threshold': 3.0, 'edge_threshold_max': None, 'edge_range_preset': 'min_only', 'ai_threshold': 44.0, 'leverage': 100, 'pullback_threshold': 0.001}","{'ema9': 59877.73098057106, 'ema21': 59924.51842672509, 'ema200': 60413.0977683276, 'ema_spread': -0.000781, 'ema9_slope_pct': -0.1476, 'ema21_slope_pct': -0.0774, 'ema9_above_ema21': False, 'ema21_above_ema200': False}",MOMENTUM_SHORT,3.4,3.4,False,True,INV_False_EF_True,SHORT,10,6,SCENARIO_C_RUNNER_10_v4,40.0,10.0,-12.0,2.0,8.0,300,1,2,-32.0,False,False,True,False,480,3,5.0,False,5,0.75,"[[10, 6], [19, 17], [40, 28], [60, 45], [80, 60], [100, 75], [150, 120]]","{""trail_ladder"": [[10, 6], [19, 17], [40, 28], [60, 45], [80, 60], [100, 75], [150, 120]], ""ladder_first_trigger_pct"": 10, ""ladder_first_lock_pct"": 6, ""exit_profile_id"": ""SCENARIO_C_RUNNER_10_v4"", ""peak_never_loser_min_peak"": 40.0, ""peak_never_loser_floor"": 10.0, ""thesis_fast_exit_unreal_pct"": -12.0, ""thesis_mfe_protect_pct"": 2.0, ""thesis_exit_if_above_unreal_pct"": 8.0, ""thesis_min_age_sec"": 300, ""thesis_score_flip_margin"": 1, ""thesis_early_decay_delta"": 2, ""early_fail_pct_threshold"": -32.0, ""type_a_first_candle_enabled"": false, ""type_a_early_fail_enabled"": false, ""scenario_c_exit_profile"": true, ""type_a_stall_enabled"": false, ""type_a_stall_min_age_sec"": 480, ""type_a_stall_min_candles"": 3, ""type_a_stall_max_mfe_pct"": 5.0, ""trend_weakening_enabled"": false, ""spread_penalty_threshold"": 5, ""spread_penalty_margin_mult"": 0.75}",2026-06-26T20:31:06.297222+00:00,2026-06-27 06:31:06 AEST,2026-06-27 06:31:06 AEST
2026-06-26T20:36:31.982915+00:00,cont-db60ab6972f8,SHORT,59703.74,59687.0,0.020554,2.8,15.0,6,0.42,0.42,0.0,0.0,-0.0,0.0,PROFIT_LOCK_LADDER,100,0.09,62,44.0,True,SIM_LIMIT,AI_DIRECT_LIMIT,,,,,0,BEAR,SR,60-70,SPAWN,-3,-3,BEARISH_STRUCTURE,BEAR_ALIGNED,9.96,-5,3,9,0.01791,bitfinex,tBTCF0:USTF0,v11.1-virtual-chase-known-combos-v1,BITFINEX_ZERO,v11.1-virtual-chase-known-combos-v1,CONTINUOUS,Continuous AI Research,APPROVE,59707.0,0.018811,0.022463,FREE_RANGE,-0.001063,1.0,55.8,0.020556,0.0,10.006073,251.939,251.939,251.939,0-5m,AI_DIRECT,AI_DIRECT_CHASE,5,,3.26,0.0,0.0,0.0,False,0.0,0.0,-1.1e-05,1.7e-05,0.000812,0.021303,-12.412574,0.0,0.068773,59698.0,59843.224784,59904.917578,60401.014175,-0.00103,FREE_RANGE,SHORT_PREFERRED,0.018811,0.022463,BEAR,3.0,44.0,0.0,100,2.7,True,True,APPROVE,62,"```json
{
  ""direction"": ""SHORT"",
  ""confidence"": 62,
  ""long_score"": 25,
  ""short_score"": 72,
  ""preferred_direction"": ""SHORT"",
  ""entry_zone_low"": 59750,
  ""entry_zone_high"": 59900,
  ""limit_price"": 59825,
  ""expected_mfe"": 120,
  ""expected_mae"": 80,
  ""reversal_probability"": 53,
  ""exit_style"": ""AGGRESSIVE"",
  ""reasons_for_trade"": [
    ""Multi-timeframe agreement is BEAR_ALIGNED across 15m, 1h, 4h"",
    ""Market structure bias is BEARISH with active LH-LL sequence and structure_score -3"",
    ""EMA stack is bearish (price below all EMAs, EMA9 below EMA21, EMA21 below EMA200)"",
    ""Trend health state is BEAR with bear_score 9 vs bull_score 3"",
    ""Regime is BEAR and market_structure_shift is BEAR_CONTINUATION"",
    ""Funding rate positive (0.01791% per 8h) favors shorts, longs paying"",
    ""Price is in FREE_RANGE but closer to micro resistance (0.8%) than micro support (0.17%), offering short entry near resistance"",
    ""ADX is low (9.96) but trend alignment and structure provide directional conviction""
  ],
  ""reasons_against_trade"": [
    ""ADX below 25 indicates weak trend strength, risk of mean reversion or chop"",
    ""Volume ratio is very low (0.02), suggesting lack of participation"",
    ""Reversal risk score is 53 (moderate), price near micro support could trigger bounce"",
    ""Edge score (2.7) is below threshold (3.0), indicating suboptimal telemetry"",
    ""Compression regime may precede expansion in either direction""
  ],
  ""bull_score"": 3,
  ""bear_score"": 9
}
Direction: SHORT
Win probability: 62
Long score: 25
Short score: 72
Bull score: 3
Bear score: 9
Decision: APPROVE
Reason: Strong bearish alignment across MTF, structure, EMA stack, and trend health. Short score (72) exceeds long score (25) by more than 5, meeting directional criteria. Entry near micro resistance (60155) with limit above current price (59679) allows pullback entry. Low ADX and volume are concerns but do not override the dominant bearish hierarchy. Reversal probability is moderate (53%) but lacks confirmation for a bullish reversal.",59703.74,59687.0,MAKER,TAKER,0.025123,3.26,251.939,0.42,0.42,0.0,0.0,-0.0,0.0,2.8,1.233397,PROFIT_LOCK_LADDER,-12.412574,0.021303,1.7e-05,0.068773,False,True,"{'price': 59698.0, 'ret_1m': 0.0, 'ret_5m': 0.0008046940486169321, 'ema9': 59843.22478445685, 'ema21': 59904.91757801605, 'ema200': 60401.014174501324, 'dist_to_support': 0.02246306408924922, 'dist_to_resistance': 0.018811350464002143, 'volume': 0.0008122100000000001, 'volume_ratio': 0.021302772863926334, 'delta': -12.412573659999245, 'velocity': 1.675401089967827e-05, 'imbalance': 0.06877251936862706, 'candle_range': 55.8, 'body_ratio': 0.7681343534592349, 'wick_ratio': 0.23186564654076514}",2.7,"{'early_fail_enabled': True, 'invert_signal': False, 'ai_enabled': True, 'edge_threshold': 3.0, 'edge_threshold_max': None, 'edge_range_preset': 'min_only', 'ai_threshold': 44.0, 'leverage': 100, 'pullback_threshold': 0.001}","{'ema9': 59843.22478445685, 'ema21': 59904.91757801605, 'ema200': 60401.014174501324, 'ema_spread': -0.00103, 'ema9_slope_pct': -0.1454, 'ema21_slope_pct': -0.0822, 'ema9_above_ema21': False, 'ema21_above_ema200': False}",WEAK_SETUP,2.7,2.7,False,True,INV_False_EF_True,SHORT,10,6,SCENARIO_C_RUNNER_10_v4,40.0,10.0,-12.0,2.0,8.0,300,1,2,-32.0,False,False,True,False,480,3,5.0,False,5,0.75,"[[10, 6], [19, 17], [40, 28], [60, 45], [80, 60], [100, 75], [150, 120]]","{""trail_ladder"": [[10, 6], [19, 17], [40, 28], [60, 45], [80, 60], [100, 75], [150, 120]], ""ladder_first_trigger_pct"": 10, ""ladder_first_lock_pct"": 6, ""exit_profile_id"": ""SCENARIO_C_RUNNER_10_v4"", ""peak_never_loser_min_peak"": 40.0, ""peak_never_loser_floor"": 10.0, ""thesis_fast_exit_unreal_pct"": -12.0, ""thesis_mfe_protect_pct"": 2.0, ""thesis_exit_if_above_unreal_pct"": 8.0, ""thesis_min_age_sec"": 300, ""thesis_score_flip_margin"": 1, ""thesis_early_decay_delta"": 2, ""early_fail_pct_threshold"": -32.0, ""type_a_first_candle_enabled"": false, ""type_a_early_fail_enabled"": false, ""scenario_c_exit_profile"": true, ""type_a_stall_enabled"": false, ""type_a_stall_min_age_sec"": 480, ""type_a_stall_min_candles"": 3, ""type_a_stall_max_mfe_pct"": 5.0, ""trend_weakening_enabled"": false, ""spread_penalty_threshold"": 5, ""spread_penalty_margin_mult"": 0.75}",2026-06-26T20:36:31.982915+00:00,2026-06-27 06:36:31 AEST,2026-06-27 06:36:31 AEST
2026-06-26T20:43:27.304711+00:00,cont-92c4fff43c64,SHORT,59740.52,59692.0,0.204176,8.12,15.0,6,1.22,1.22,0.0,0.0,-0.0,-0.0,PROFIT_LOCK_LADDER,100,0.27,62,44.0,True,SIM_LIMIT,AI_DIRECT_LIMIT,,,,,0,BEAR,SR,60-70,SPAWN,-3,-3,BEARISH_STRUCTURE,BEAR_ALIGNED,10.12,-5,3,9,0.01791,bitfinex,tBTCF0:USTF0,v11.1-virtual-chase-known-combos-v1,BITFINEX_ZERO,v11.1-virtual-chase-known-combos-v1,CONTINUOUS,Continuous AI Research,APPROVE,59720.0,0.019187,0.022103,FREE_RANGE,-0.001059,1.0,55.8,0.204176,0.0,11.134821,243.79,243.79,243.79,0-5m,AI_DIRECT,AI_DIRECT_CHASE,5,,20.52,0.0,0.0,0.0,False,0.0,0.0,-0.000114,0.000111,0.010625,1.620781,-16.856148,0.0,0.087978,59720.0,59834.424784,59900.917578,60400.576364,-0.00111,FREE_RANGE,SHORT_PREFERRED,0.019187,0.022103,BEAR,3.0,44.0,0.0,100,2.7,True,True,APPROVE,62,"```json
{
  ""direction"": ""SHORT"",
  ""confidence"": 62,
  ""long_score"": 25,
  ""short_score"": 72,
  ""preferred_direction"": ""SHORT"",
  ""entry_zone_low"": 59850,
  ""entry_zone_high"": 59950,
  ""limit_price"": 59900,
  ""expected_mfe"": 120,
  ""expected_mae"": 80,
  ""reversal_probability"": 43,
  ""exit_style"": ""AGGRESSIVE"",
  ""reasons_for_trade"": [
    ""Multi-timeframe agreement is BEAR_ALIGNED across 15m, 1h, 4h"",
    ""Market structure bias is BEARISH_STRUCTURE with active LH-LL sequence"",
    ""EMA stack is bearish (price below EMA9, EMA21, EMA200; EMA9 below EMA21)"",
    ""Trend health state is BEAR with bear_score 9 vs bull_score 3"",
    ""ADX is low (10.12) but trend is intact with no reversal confirmation"",
    ""Funding rate positive (0.01791% per 8h) favors shorts"",
    ""Price is near micro resistance (60155) and recent high (60821), offering short entry above current price"",
    ""Market regime is EXPANSION, suggesting potential for continued move""
  ],
  ""reasons_against_trade"": [
    ""ADX below 25 indicates weak trend strength, risk of mean reversion"",
    ""Price is relatively close to micro support (59580) and recent low (58357), limiting downside if support holds"",
    ""Volume ratio is elevated (1.62) but delta is negative, suggesting selling pressure may be exhausted"",
    ""Reversal risk score is 43, indicating moderate probability of bounce"",
    ""Edge score (2.7) is below threshold (3.0), suggesting marginal setup quality""
  ],
  ""bull_score"": 3,
  ""bear_score"": 9
}
```",59740.52,59692.0,MAKER,TAKER,0.025117,20.52,243.79,1.22,1.22,0.0,0.0,-0.0,-0.0,8.12,12.250639,PROFIT_LOCK_LADDER,-16.856148,1.620781,0.000111,0.087978,False,True,"{'price': 59720.0, 'ret_1m': 0.0007373148334338763, 'ret_5m': 0.0011567283029622303, 'ema9': 59834.42478445685, 'ema21': 59900.91757801605, 'ema200': 60400.57636355605, 'dist_to_support': 0.022102687847710974, 'dist_to_resistance': 0.0191869428245861, 'volume': 0.010625461999999999, 'volume_ratio': 1.6207811174036444, 'delta': -16.856147596999154, 'velocity': 0.00011061082086671863, 'imbalance': 0.08797786525672585, 'candle_range': 55.8, 'body_ratio': 0.7681343534592349, 'wick_ratio': 0.23186564654076514}",2.7,"{'early_fail_enabled': True, 'invert_signal': False, 'ai_enabled': True, 'edge_threshold': 3.0, 'edge_threshold_max': None, 'edge_range_preset': 'min_only', 'ai_threshold': 44.0, 'leverage': 100, 'pullback_threshold': 0.001}","{'ema9': 59834.42478445685, 'ema21': 59900.91757801605, 'ema200': 60400.57636355605, 'ema_spread': -0.00111, 'ema9_slope_pct': -0.1601, 'ema21_slope_pct': -0.0889, 'ema9_above_ema21': False, 'ema21_above_ema200': False}",ORDERFLOW_SPIKE,2.7,2.7,False,True,INV_False_EF_True,SHORT,10,6,SCENARIO_C_RUNNER_10_v4,40.0,10.0,-12.0,2.0,8.0,300,1,2,-32.0,False,False,True,False,480,3,5.0,False,5,0.75,"[[10, 6], [19, 17], [40, 28], [60, 45], [80, 60], [100, 75], [150, 120]]","{""trail_ladder"": [[10, 6], [19, 17], [40, 28], [60, 45], [80, 60], [100, 75], [150, 120]], ""ladder_first_trigger_pct"": 10, ""ladder_first_lock_pct"": 6, ""exit_profile_id"": ""SCENARIO_C_RUNNER_10_v4"", ""peak_never_loser_min_peak"": 40.0, ""peak_never_loser_floor"": 10.0, ""thesis_fast_exit_unreal_pct"": -12.0, ""thesis_mfe_protect_pct"": 2.0, ""thesis_exit_if_above_unreal_pct"": 8.0, ""thesis_min_age_sec"": 300, ""thesis_score_flip_margin"": 1, ""thesis_early_decay_delta"": 2, ""early_fail_pct_threshold"": -32.0, ""type_a_first_candle_enabled"": false, ""type_a_early_fail_enabled"": false, ""scenario_c_exit_profile"": true, ""type_a_stall_enabled"": false, ""type_a_stall_min_age_sec"": 480, ""type_a_stall_min_candles"": 3, ""type_a_stall_max_mfe_pct"": 5.0, ""trend_weakening_enabled"": false, ""spread_penalty_threshold"": 5, ""spread_penalty_margin_mult"": 0.75}",2026-06-26T20:43:27.304711+00:00,2026-06-27 06:43:27 AEST,2026-06-27 06:43:27 AEST
2026-06-26T21:03:50.141232+00:00,cont-eb7e869aad06,SHORT,59769.88,59731.0,13.998128,6.56,15.0,6,0.98,0.98,0.0,0.0,-0.01,-0.01,PROFIT_LOCK_LADDER,100,0.22,62,44.0,True,SIM_LIMIT,AI_DIRECT_LIMIT,,,,,0,BEAR,SR,60-70,SPAWN,-3,-3,BEARISH_STRUCTURE,BEAR_ALIGNED,10.12,-5,2,8,0.01791,bitfinex,tBTCF0:USTF0,v11.1-virtual-chase-known-combos-v1,BITFINEX_ZERO,v11.1-virtual-chase-known-combos-v1,CONTINUOUS,Continuous AI Research,APPROVE,59706.0,0.018965,0.022316,FREE_RANGE,-0.001184,0.469075,55.8,13.998129,-11.731661,10.687657,257.061,257.061,257.061,0-5m,AI_DIRECT,AI_DIRECT_CHASE,2,,63.88,0.0,0.0,0.0,False,0.0,0.0,-0.007844,1e-05,0.025968,0.068001,-15.987268,0.0,0.083043,59706.0,59845.624784,59906.008487,60401.133577,-0.001008,FREE_RANGE,SHORT_PREFERRED,0.018965,0.022316,BEAR,3.0,44.0,0.0,100,3.5,True,True,APPROVE,62,"```json
{
  ""direction"": ""SHORT"",
  ""confidence"": 62,
  ""long_score"": 18,
  ""short_score"": 72,
  ""preferred_direction"": ""SHORT"",
  ""entry_zone_low"": 59750,
  ""entry_zone_high"": 59900,
  ""limit_price"": 59825,
  ""expected_mfe"": 120,
  ""expected_mae"": 85,
  ""reversal_probability"": 33,
  ""exit_style"": ""AGGRESSIVE"",
  ""reasons_for_trade"": [
    ""Multi-timeframe agreement is BEAR_ALIGNED across 15m, 1h, 4h"",
    ""Market structure bias is BEARISH with active LH-LL sequence and structure_score -3"",
    ""EMA stack is bearish (price below all EMAs, EMA9 below EMA21, EMA21 below EMA200)"",
    ""Trend health state is BEAR with bear_score 9 vs bull_score 3"",
    ""Regime is BEAR and market_structure_shift is BEAR_CONTINUATION"",
    ""Orderflow shows negative delta (-16.1) and bearish velocity"",
    ""Price is in compression near micro resistance (60155) with room to micro support (59580)"",
    ""Funding rate positive (0.0179% per 8h) favors shorts""
  ],
  ""reasons_against_trade"": [
    ""ADX is low (10.12) indicating weak trend strength - risk of choppy range"",
    ""Volume ratio is low (0.197) suggesting lack of aggressive selling"",
    ""Price is closer to micro support (0.18%) than micro resistance (0.78%) - bounce risk"",
    ""Reversal risk score is 33 - non-trivial chance of mean reversion"",
    ""Market regime is COMPRESSION - breakouts may be false or short-lived""
  ],
  ""bull_score"": 2,
  ""bear_score"": 8
}
```",59769.88,59731.0,MAKER,TAKER,0.025123,63.88,257.061,0.98,0.98,0.0,0.0,-0.01,-0.01,6.56,839.887789,PROFIT_LOCK_LADDER,-15.987268,0.068001,1e-05,0.083043,False,True,"{'price': 59706.0, 'ret_1m': -6.69904538603249e-05, 'ret_5m': 0.00023453729142933725, 'ema9': 59845.62478445685, 'ema21': 59906.00848710696, 'ema200': 60401.1335774864, 'dist_to_support': 0.022315669553854143, 'dist_to_resistance': 0.01896496841964181, 'volume': 0.025967575, 'volume_ratio': 0.06800073223188467, 'delta': -15.987268248999106, 'velocity': 1.0064005769284992e-05, 'imbalance': 0.08304299533673457, 'candle_range': 55.8, 'body_ratio': 0.7681343534592349, 'wick_ratio': 0.23186564654076514}",3.5,"{'early_fail_enabled': True, 'invert_signal': False, 'ai_enabled': True, 'edge_threshold': 3.0, 'edge_threshold_max': None, 'edge_range_preset': 'min_only', 'ai_threshold': 44.0, 'leverage': 100, 'pullback_threshold': 0.001}","{'ema9': 59845.62478445685, 'ema21': 59906.00848710696, 'ema200': 60401.1335774864, 'ema_spread': -0.001008, 'ema9_slope_pct': -0.1414, 'ema21_slope_pct': -0.0804, 'ema9_above_ema21': False, 'ema21_above_ema200': False}",WEAK_SETUP,3.5,3.5,False,True,INV_False_EF_True,SHORT,10,6,SCENARIO_C_RUNNER_10_v4,40.0,10.0,-12.0,2.0,8.0,300,1,2,-32.0,False,False,True,False,480,3,5.0,False,5,0.75,"[[10, 6], [19, 17], [40, 28], [60, 45], [80, 60], [100, 75], [150, 120]]","{""trail_ladder"": [[10, 6], [19, 17], [40, 28], [60, 45], [80, 60], [100, 75], [150, 120]], ""ladder_first_trigger_pct"": 10, ""ladder_first_lock_pct"": 6, ""exit_profile_id"": ""SCENARIO_C_RUNNER_10_v4"", ""peak_never_loser_min_peak"": 40.0, ""peak_never_loser_floor"": 10.0, ""thesis_fast_exit_unreal_pct"": -12.0, ""thesis_mfe_protect_pct"": 2.0, ""thesis_exit_if_above_unreal_pct"": 8.0, ""thesis_min_age_sec"": 300, ""thesis_score_flip_margin"": 1, ""thesis_early_decay_delta"": 2, ""early_fail_pct_threshold"": -32.0, ""type_a_first_candle_enabled"": false, ""type_a_early_fail_enabled"": false, ""scenario_c_exit_profile"": true, ""type_a_stall_enabled"": false, ""type_a_stall_min_age_sec"": 480, ""type_a_stall_min_candles"": 3, ""type_a_stall_max_mfe_pct"": 5.0, ""trend_weakening_enabled"": false, ""spread_penalty_threshold"": 5, ""spread_penalty_margin_mult"": 0.75}",2026-06-26T21:03:50.141232+00:00,2026-06-27 07:03:50 AEST,2026-06-27 07:03:50 AEST
2026-06-26T21:18:26.756656+00:00,cont-b7917f2f7544,SHORT,59779.69,59739.39,8.782684,6.77,15.0,6,1.02,1.01,0.0,0.0,-0.0,-0.0,PROFIT_LOCK_LADDER,100,0.22,62,44.0,True,SIM_LIMIT,AI_DIRECT_LIMIT,,,,,0,BEAR,SR,60-70,SPAWN,-3,-3,BEARISH_STRUCTURE,BEAR_ALIGNED,9.67,-5,2,8,0.01791,bitfinex,tBTCF0:USTF0,v11.1-virtual-chase-known-combos-v1,BITFINEX_ZERO,v11.1-virtual-chase-known-combos-v1,CONTINUOUS,Continuous AI Research,APPROVE,59721.0,0.018419,0.02284,FREE_RANGE,-0.001129,1.0,51.3,8.782684,-6.13419,10.152277,314.106,314.106,314.106,5-15m,AI_DIRECT,AI_DIRECT_CHASE,2,,58.69,0.0,0.1102,0.1102,False,0.0,0.0,-0.004921,-7e-06,0.005033,5.985817,-14.487728,0.0,0.073963,59721.0,59805.439862,59876.354122,60377.801772,-0.001184,FREE_RANGE,SHORT_PREFERRED,0.018419,0.02284,BEAR,3.0,44.0,0.0,100,4.6,True,True,APPROVE,62,"```json
{
  ""direction"": ""SHORT"",
  ""confidence"": 62,
  ""long_score"": 18,
  ""short_score"": 72,
  ""preferred_direction"": ""SHORT"",
  ""entry_zone_low"": 59750,
  ""entry_zone_high"": 59900,
  ""limit_price"": 59825,
  ""expected_mfe"": 0.0045,
  ""expected_mae"": 0.0032,
  ""reversal_probability"": 25,
  ""exit_style"": ""AGGRESSIVE"",
  ""reasons_for_trade"": [
    ""BEAR_ALIGNED multi-timeframe agreement (15m/1h/4h all bearish)"",
    ""Bearish EMA stack (price below EMA9, EMA21, EMA200; EMA9 below EMA21)"",
    ""Bearish structure bias with BEAR_CONTINUATION market structure shift"",
    ""Trend health state BEAR with bear_score 9 vs bull_score 3"",
    ""Negative delta (-14.49) and negative velocity confirm selling pressure"",
    ""Volume ratio elevated (5.99x avg) supporting directional conviction"",
    ""Funding positive (0.018%) favoring shorts, consistent with bear trend"",
    ""Price near micro support (59608) but no reversal confirmation - continuation more likely""
  ],
  ""reasons_against_trade"": [
    ""ADX low (9.67) indicates weak trend strength - risk of choppy/mean-reverting price action"",
    ""Price near micro support (59608) could trigger bounce if support holds"",
    ""Reversal risk score 25 suggests non-trivial bounce probability"",
    ""Entry near support historically reduces short expectancy without strong continuation""
  ],
  ""bull_score"": 2,
  ""bear_score"": 8
}
```",59779.69,59739.39,MAKER,TAKER,0.025117,58.69,314.106,1.02,1.01,0.0,0.0,-0.0,-0.0,6.77,526.961099,PROFIT_LOCK_LADDER,-14.487728,5.985817,-7e-06,0.073963,False,True,"{'price': 59721.0, 'ret_1m': 3.349017900500678e-05, 'ret_5m': -0.0006191639613106195, 'ema9': 59805.439862052386, 'ema21': 59876.35412156677, 'ema200': 60377.80177214913, 'dist_to_support': 0.022839537181226034, 'dist_to_resistance': 0.01841898159776293, 'volume': 0.005032933, 'volume_ratio': 5.985816842656969, 'delta': -14.487728413999168, 'velocity': -6.692342817065842e-06, 'imbalance': 0.07396262844865689, 'candle_range': 51.3, 'body_ratio': 0.7896980417872801, 'wick_ratio': 0.21030195821271996}",4.6,"{'early_fail_enabled': True, 'invert_signal': False, 'ai_enabled': True, 'edge_threshold': 3.0, 'edge_threshold_max': None, 'edge_range_preset': 'min_only', 'ai_threshold': 44.0, 'leverage': 100, 'pullback_threshold': 0.001}","{'ema9': 59805.439862052386, 'ema21': 59876.35412156677, 'ema200': 60377.80177214913, 'ema_spread': -0.001184, 'ema9_slope_pct': -0.1321, 'ema21_slope_pct': -0.0855, 'ema9_above_ema21': False, 'ema21_above_ema200': False}",MOMENTUM_SHORT,4.6,4.6,False,True,INV_False_EF_True,SHORT,10,6,SCENARIO_C_RUNNER_10_v4,40.0,10.0,-12.0,2.0,8.0,300,1,2,-32.0,False,False,True,False,480,3,5.0,False,5,0.75,"[[10, 6], [19, 17], [40, 28], [60, 45], [80, 60], [100, 75], [150, 120]]","{""trail_ladder"": [[10, 6], [19, 17], [40, 28], [60, 45], [80, 60], [100, 75], [150, 120]], ""ladder_first_trigger_pct"": 10, ""ladder_first_lock_pct"": 6, ""exit_profile_id"": ""SCENARIO_C_RUNNER_10_v4"", ""peak_never_loser_min_peak"": 40.0, ""peak_never_loser_floor"": 10.0, ""thesis_fast_exit_unreal_pct"": -12.0, ""thesis_mfe_protect_pct"": 2.0, ""thesis_exit_if_above_unreal_pct"": 8.0, ""thesis_min_age_sec"": 300, ""thesis_score_flip_margin"": 1, ""thesis_early_decay_delta"": 2, ""early_fail_pct_threshold"": -32.0, ""type_a_first_candle_enabled"": false, ""type_a_early_fail_enabled"": false, ""scenario_c_exit_profile"": true, ""type_a_stall_enabled"": false, ""type_a_stall_min_age_sec"": 480, ""type_a_stall_min_candles"": 3, ""type_a_stall_max_mfe_pct"": 5.0, ""trend_weakening_enabled"": false, ""spread_penalty_threshold"": 5, ""spread_penalty_margin_mult"": 0.75}",2026-06-26T21:18:26.756656+00:00,2026-06-27 07:18:26 AEST,2026-06-27 07:18:26 AEST
2026-06-26T21:32:17.358422+00:00,cont-7ce5206b100b,SHORT,59795.06,59987.97,12.768562,-32.21,15.0,6,-4.83,-4.84,0.0,0.0,-0.01,-0.01,EARLY_FAIL,100,1.08,62,44.0,True,SIM_LIMIT,AI_DIRECT_LIMIT,,,,,0,BEAR,SR,60-70,SPAWN,-3,-3,BEARISH_STRUCTURE,BEAR_ALIGNED,9.67,-5,3,9,0.01791,bitfinex,tBTCF0:USTF0,v11.1-virtual-chase-known-combos-v1,BITFINEX_ZERO,v11.1-virtual-chase-known-combos-v1,CONTINUOUS,Continuous AI Research,APPROVE,59784.0,0.017618,0.023608,FREE_RANGE,-0.00051,1.0,51.3,12.768563,-32.261862,7.381881,324.946,324.946,324.946,5-15m,AI_DIRECT,AI_DIRECT_CHASE,6,,11.06,0.0,0.0243,0.0243,False,0.0,0.0,-0.007149,4e-05,0.0014,0.176618,-13.914852,0.0,0.070792,59784.0,59815.439862,59880.899576,60378.299285,-0.001093,FREE_RANGE,SHORT_PREFERRED,0.017618,0.023608,BEAR,3.0,44.0,0.0,100,4.1,True,True,APPROVE,62,"```json
{
  ""direction"": ""SHORT"",
  ""confidence"": 62,
  ""long_score"": 25,
  ""short_score"": 72,
  ""preferred_direction"": ""SHORT"",
  ""entry_zone_low"": 59850,
  ""entry_zone_high"": 60050,
  ""limit_price"": 59950,
  ""expected_mfe"": 180,
  ""expected_mae"": 120,
  ""reversal_probability"": 63,
  ""exit_style"": ""AGGRESSIVE"",
  ""reasons_for_trade"": [
    ""BEAR_ALIGNED multi-timeframe agreement (15m, 1h, 4h all bearish)"",
    ""Bearish EMA stack (price below all EMAs, EMA9 below EMA21, EMA21 below EMA200)"",
    ""Trend health state BEAR with bear_score 9 vs bull_score 3"",
    ""Market structure bias BEARISH_STRUCTURE with structure_score -3"",
    ""Bear continuation signal from market_structure_shift"",
    ""Funding rate positive (0.01791% per 8h) favoring shorts"",
    ""Price in FREE_RANGE with no immediate support/resistance reversal trigger"",
    ""ADX low (9.67) but trend alignment strong - mean reversion risk low""
  ],
  ""reasons_against_trade"": [
    ""Reversal risk score elevated at 63 - potential bounce from micro support at 59608"",
    ""Higher low detected (micro structure) could indicate short-term bottoming"",
    ""Volume ratio very low (0.18) - lack of conviction in current move"",
    ""Price near micro support (0.28% away) - short entry near support has reduced expectancy"",
    ""ADX below 25 - not a strong trending environment, choppy risk""
  ],
  ""bull_score"": 3,
  ""bear_score"": 9
}
```

**Direction:** SHORT  
**Win probability:** 62%  
**Long score:** 25  
**Short score:** 72  
**Bull score:** 3  
**Bear score:** 9  
**Decision:** APPROVE  
**Reason:** Strong bearish alignment across all trend hierarchy layers (MTF, structure, EMA stack, trend health) outweighs the elevated reversal risk. The short is entered above current price (pullback to 59950) to avoid chasing into support. The low ADX suggests a mean-reversion environment, but the consistent bearish structure and funding advantage favor continuation. The reversal risk score (63) is noted but not confirmed by structure shift or momentum - it's a caution, not a signal to go long.",59795.06,59987.97,MAKER,TAKER,0.02509,11.06,324.946,-4.83,-4.84,0.0,0.0,-0.01,-0.01,-32.21,766.113795,EARLY_FAIL,-13.914852,0.176618,4e-05,0.070792,True,True,"{'price': 59784.0, 'ret_1m': 0.0002844379005136614, 'ret_5m': -0.00011707447609171949, 'ema9': 59815.439862052386, 'ema21': 59880.89957611223, 'ema200': 60378.29928458694, 'dist_to_support': 0.02360795074287244, 'dist_to_resistance': 0.01761812341052068, 'volume': 0.0014000000000000002, 'volume_ratio': 0.1766182327664406, 'delta': -13.914851959999002, 'velocity': 4.015717077605873e-05, 'imbalance': 0.07079209421773967, 'candle_range': 51.3, 'body_ratio': 0.7896980417872801, 'wick_ratio': 0.21030195821271996}",4.1,"{'early_fail_enabled': True, 'invert_signal': False, 'ai_enabled': True, 'edge_threshold': 3.0, 'edge_threshold_max': None, 'edge_range_preset': 'min_only', 'ai_threshold': 44.0, 'leverage': 100, 'pullback_threshold': 0.001}","{'ema9': 59815.439862052386, 'ema21': 59880.89957611223, 'ema200': 60378.29928458694, 'ema_spread': -0.001093, 'ema9_slope_pct': -0.1154, 'ema21_slope_pct': -0.0779, 'ema9_above_ema21': False, 'ema21_above_ema200': False}",WEAK_SETUP,4.1,4.1,False,True,INV_False_EF_True,SHORT,10,6,SCENARIO_C_RUNNER_10_v4,40.0,10.0,-12.0,2.0,8.0,300,1,2,-32.0,False,False,True,False,480,3,5.0,False,5,0.75,"[[10, 6], [19, 17], [40, 28], [60, 45], [80, 60], [100, 75], [150, 120]]","{""trail_ladder"": [[10, 6], [19, 17], [40, 28], [60, 45], [80, 60], [100, 75], [150, 120]], ""ladder_first_trigger_pct"": 10, ""ladder_first_lock_pct"": 6, ""exit_profile_id"": ""SCENARIO_C_RUNNER_10_v4"", ""peak_never_loser_min_peak"": 40.0, ""peak_never_loser_floor"": 10.0, ""thesis_fast_exit_unreal_pct"": -12.0, ""thesis_mfe_protect_pct"": 2.0, ""thesis_exit_if_above_unreal_pct"": 8.0, ""thesis_min_age_sec"": 300, ""thesis_score_flip_margin"": 1, ""thesis_early_decay_delta"": 2, ""early_fail_pct_threshold"": -32.0, ""type_a_first_candle_enabled"": false, ""type_a_early_fail_enabled"": false, ""scenario_c_exit_profile"": true, ""type_a_stall_enabled"": false, ""type_a_stall_min_age_sec"": 480, ""type_a_stall_min_candles"": 3, ""type_a_stall_max_mfe_pct"": 5.0, ""trend_weakening_enabled"": false, ""spread_penalty_threshold"": 5, ""spread_penalty_margin_mult"": 0.75}",2026-06-26T21:32:17.358422+00:00,2026-06-27 07:32:17 AEST,2026-06-27 07:32:17 AEST
2026-06-26T21:34:19.651630+00:00,cont-e458d1646462,SHORT,59885.7,59943.99,5.000864,-9.71,15.0,6,-1.46,-1.46,0.0,0.0,-0.0,-0.0,THESIS_INVALIDATED,100,0.32,62,44.0,True,SIM_LIMIT,AI_DIRECT_LIMIT,,,,,0,BEAR,SR,60-70,SPAWN,-3,-3,BEARISH_STRUCTURE,BEAR_ALIGNED,9.31,-5,3,9,0.01791,bitfinex,tBTCF0:USTF0,v11.1-virtual-chase-known-combos-v1,BITFINEX_ZERO,v11.1-virtual-chase-known-combos-v1,CONTINUOUS,Continuous AI Research,APPROVE,59850.0,0.016224,0.024946,FREE_RANGE,-0.000506,0.869216,47.5,5.000864,-19.08636,3.957539,327.773,327.773,327.773,5-15m,AI_DIRECT,AI_DIRECT_CHASE,5,,35.7,0.0,0.0249,0.0249,False,0.0,0.0,-0.002801,1.5e-05,0.00724,0.228048,-13.888998,0.0,0.070528,59850.0,59825.19189,59879.669036,60368.199999,-0.00091,FREE_RANGE,SHORT_PREFERRED,0.016224,0.024946,BEAR,3.0,44.0,0.0,100,2.9,True,True,APPROVE,62,"```json
{
  ""direction"": ""SHORT"",
  ""confidence"": 62,
  ""long_score"": 28,
  ""short_score"": 72,
  ""preferred_direction"": ""SHORT"",
  ""entry_zone_low"": 59950.0,
  ""entry_zone_high"": 60155.0,
  ""limit_price"": 60052.5,
  ""expected_mfe"": 120,
  ""expected_mae"": 80,
  ""reversal_probability"": 63,
  ""exit_style"": ""AGGRESSIVE"",
  ""reasons_for_trade"": [
    ""MTF agreement is BEAR_ALIGNED (15m ranging, 1h/4h bearish) - strong bearish hierarchy"",
    ""Market structure bias is BEARISH_STRUCTURE with structure_score -3 and LH/LL sequence active"",
    ""EMA stack is bearish (price below EMA21 and EMA200, EMA9 below EMA21, EMA21 below EMA200)"",
    ""Trend health state is BEAR with bear_score 9 vs bull_score 3 - intact bearish trend"",
    ""Regime is BEAR and market_structure_shift is BEAR_CONTINUATION - no reversal evidence"",
    ""ADX is low (9.31) but trend is intact via structure and EMA alignment - not a counter-trend setup"",
    ""Orderflow shows negative delta (-13.92) and low volume ratio (0.11) - weak participation but bearish bias"",
    ""Funding rate positive (0.0179% per 8h) favors shorts - longs paying shorts"",
    ""Price near micro resistance (60155) and recent high (60821) - short entry above current price aligns with pullback to resistance""
  ],
  ""reasons_against_trade"": [
    ""Reversal risk score is 63 - moderate reversal probability from micro support zone"",
    ""Higher low detected (HL) - potential for micro bounce before continuation lower"",
    ""ADX below 25 indicates non-trending/compression - trend strength is weak, risk of sideways chop"",
    ""Volume ratio very low (0.11) - lack of conviction in current move"",
    ""Price near micro support (59608) - short entry near support may have reduced expectancy without strong bearish momentum"",
    ""Edge score (2.9) just below threshold (3.0) - signal quality borderline""
  ],
  ""bull_score"": 3,
  ""bear_score"": 9
}
```",59885.7,59943.99,MAKER,TAKER,0.025063,35.7,327.773,-1.46,-1.46,0.0,0.0,-0.0,-0.0,-9.71,300.051907,THESIS_INVALIDATED,-13.888998,0.228048,1.5e-05,0.070528,False,True,"{'price': 59850.0, 'ret_1m': 0.0, 'ret_5m': 0.00043460818400641884, 'ema9': 59825.19188964191, 'ema21': 59879.669036130814, 'ema200': 60368.19999921781, 'dist_to_support': 0.024945697577276525, 'dist_to_resistance': 0.016223893065998328, 'volume': 0.007239635000000003, 'volume_ratio': 0.22804817399090502, 'delta': -13.888997792998813, 'velocity': 1.5042982447125002e-05, 'imbalance': 0.07052819023181334, 'candle_range': 47.5, 'body_ratio': 0.78969804178728, 'wick_ratio': 0.21030195821272}",2.9,"{'early_fail_enabled': True, 'invert_signal': False, 'ai_enabled': True, 'edge_threshold': 3.0, 'edge_threshold_max': None, 'edge_range_preset': 'min_only', 'ai_threshold': 44.0, 'leverage': 100, 'pullback_threshold': 0.001}","{'ema9': 59825.19188964191, 'ema21': 59879.669036130814, 'ema200': 60368.19999921781, 'ema_spread': -0.00091, 'ema9_slope_pct': -0.0341, 'ema21_slope_pct': -0.044, 'ema9_above_ema21': False, 'ema21_above_ema200': False}",WEAK_SETUP,2.9,2.9,False,True,INV_False_EF_True,SHORT,10,6,SCENARIO_C_RUNNER_10_v4,40.0,10.0,-12.0,2.0,8.0,300,1,2,-32.0,False,False,True,False,480,3,5.0,False,5,0.75,"[[10, 6], [19, 17], [40, 28], [60, 45], [80, 60], [100, 75], [150, 120]]","{""trail_ladder"": [[10, 6], [19, 17], [40, 28], [60, 45], [80, 60], [100, 75], [150, 120]], ""ladder_first_trigger_pct"": 10, ""ladder_first_lock_pct"": 6, ""exit_profile_id"": ""SCENARIO_C_RUNNER_10_v4"", ""peak_never_loser_min_peak"": 40.0, ""peak_never_loser_floor"": 10.0, ""thesis_fast_exit_unreal_pct"": -12.0, ""thesis_mfe_protect_pct"": 2.0, ""thesis_exit_if_above_unreal_pct"": 8.0, ""thesis_min_age_sec"": 300, ""thesis_score_flip_margin"": 1, ""thesis_early_decay_delta"": 2, ""early_fail_pct_threshold"": -32.0, ""type_a_first_candle_enabled"": false, ""type_a_early_fail_enabled"": false, ""scenario_c_exit_profile"": true, ""type_a_stall_enabled"": false, ""type_a_stall_min_age_sec"": 480, ""type_a_stall_min_candles"": 3, ""type_a_stall_max_mfe_pct"": 5.0, ""trend_weakening_enabled"": false, ""spread_penalty_threshold"": 5, ""spread_penalty_margin_mult"": 0.75}",2026-06-26T21:34:19.651630+00:00,2026-06-27 07:34:19 AEST,2026-06-27 07:34:19 AEST
2026-06-26T21:37:03.764899+00:00,cont-d4a9c68978be,SHORT,59981.97,59933.0,0.786086,8.17,20.0,5,1.63,1.63,0.0,0.0,-0.0,-0.0,PROFIT_LOCK_LADDER,100,0.27,62,44.0,True,SIM_LIMIT,AI_DIRECT_LIMIT,,,,,0,BEAR,SR,60-70,SPAWN,-3,-3,BEARISH_STRUCTURE,BEAR_ALIGNED,8.83,-5,3,8,0.01791,bitfinex,tBTCF0:USTF0,v11.1-virtual-chase-known-combos-v1,BITFINEX_ZERO,v11.1-virtual-chase-known-combos-v1,CONTINUOUS,Continuous AI Research,APPROVE,59999.0,0.0137,0.027367,NEAR_RESISTANCE,-0.000526,1.0,46.8,0.786087,0.0,12.073628,182.32,182.32,182.32,0-5m,AI_DIRECT,AI_DIRECT_CHASE,4,,17.03,0.0,0.0,0.0,False,0.0,0.0,-0.000586,-6e-05,0.00251,0.091113,-13.318826,0.0,0.067425,59999.0,59870.833512,59896.13714,60360.200783,-0.000422,NEAR_RESISTANCE,SHORT_PREFERRED,0.0137,0.027367,BEAR,3.0,44.0,0.0,100,3.4,True,True,APPROVE,62,"```json
{
  ""direction"": ""SHORT"",
  ""confidence"": 62,
  ""long_score"": 28,
  ""short_score"": 72,
  ""preferred_direction"": ""SHORT"",
  ""entry_zone_low"": 60000,
  ""entry_zone_high"": 60200,
  ""limit_price"": 60100,
  ""expected_mfe"": 180,
  ""expected_mae"": 80,
  ""reversal_probability"": 43,
  ""exit_style"": ""AGGRESSIVE"",
  ""reasons_for_trade"": [
    ""MTF agreement is BEAR_ALIGNED (15m ranging, 1h/4h bearish) - strong bearish hierarchy"",
    ""Market structure bias is BEARISH_STRUCTURE with structure_score -3 and BEAR_CONTINUATION shift"",
    ""EMA stack is bearish (price below ema200, ema9 below ema21, stack_bear true)"",
    ""Trend health state is BEAR with bear_score 8 vs bull_score 4, trend intact"",
    ""Price is near micro resistance (60155) and macro resistance (60821) - short entry zone"",
    ""Funding rate positive (0.01791% per 8h) favors shorts, longs paying"",
    ""Edge score 3.4 above threshold 3.0 - telemetry supports bearish bias"",
    ""Regime is COMPRESSION after EXPANSION - potential for continuation breakdown""
  ],
  ""reasons_against_trade"": [
    ""ADX is low at 8.83 - not trending strongly, mean reversion risk present"",
    ""Volume ratio very low (0.091) - lack of conviction in current move"",
    ""Reversal probability 43% - moderate risk of bounce from micro support"",
    ""Price near micro support (59608) - limited downside room before support test"",
    ""Higher low detected - micro structure shows some buying interest""
  ],
  ""bull_score"": 3,
  ""bear_score"": 8
}
```",59981.97,59933.0,MAKER,TAKER,0.033334,17.03,182.32,1.63,1.63,0.0,0.0,-0.0,-0.0,8.17,47.165258,PROFIT_LOCK_LADDER,-13.318826,0.091113,-6e-05,0.067425,False,True,"{'price': 59999.0, 'ret_1m': 0.0002335669002335669, 'ret_5m': 0.0007344349858120514, 'ema9': 59870.833511713536, 'ema21': 59896.13714027981, 'ema200': 60360.20078349776, 'dist_to_support': 0.027367122785379755, 'dist_to_resistance': 0.013700228337138952, 'volume': 0.00251, 'volume_ratio': 0.09111253194018142, 'delta': -13.318826189998697, 'velocity': -5.9993100991690494e-05, 'imbalance': 0.06742470598971032, 'candle_range': 46.8, 'body_ratio': 0.7896980417872801, 'wick_ratio': 0.21030195821272}",3.4,"{'early_fail_enabled': True, 'invert_signal': False, 'ai_enabled': True, 'edge_threshold': 3.0, 'edge_threshold_max': None, 'edge_range_preset': 'min_only', 'ai_threshold': 44.0, 'leverage': 100, 'pullback_threshold': 0.001}","{'ema9': 59870.833511713536, 'ema21': 59896.13714027981, 'ema200': 60360.20078349776, 'ema_spread': -0.000422, 'ema9_slope_pct': 0.0728, 'ema21_slope_pct': 0.0066, 'ema9_above_ema21': False, 'ema21_above_ema200': False}",MOMENTUM_SHORT,3.4,3.4,False,True,INV_False_EF_True,SHORT,10,6,SCENARIO_C_RUNNER_10_v4,40.0,10.0,-12.0,2.0,8.0,300,1,2,-32.0,False,False,True,False,480,3,5.0,False,5,0.75,"[[10, 6], [19, 17], [40, 28], [60, 45], [80, 60], [100, 75], [150, 120]]","{""trail_ladder"": [[10, 6], [19, 17], [40, 28], [60, 45], [80, 60], [100, 75], [150, 120]], ""ladder_first_trigger_pct"": 10, ""ladder_first_lock_pct"": 6, ""exit_profile_id"": ""SCENARIO_C_RUNNER_10_v4"", ""peak_never_loser_min_peak"": 40.0, ""peak_never_loser_floor"": 10.0, ""thesis_fast_exit_unreal_pct"": -12.0, ""thesis_mfe_protect_pct"": 2.0, ""thesis_exit_if_above_unreal_pct"": 8.0, ""thesis_min_age_sec"": 300, ""thesis_score_flip_margin"": 1, ""thesis_early_decay_delta"": 2, ""early_fail_pct_threshold"": -32.0, ""type_a_first_candle_enabled"": false, ""type_a_early_fail_enabled"": false, ""scenario_c_exit_profile"": true, ""type_a_stall_enabled"": false, ""type_a_stall_min_age_sec"": 480, ""type_a_stall_min_candles"": 3, ""type_a_stall_max_mfe_pct"": 5.0, ""trend_weakening_enabled"": false, ""spread_penalty_threshold"": 5, ""spread_penalty_margin_mult"": 0.75}",2026-06-26T21:37:03.764899+00:00,2026-06-27 07:37:03 AEST,2026-06-27 07:37:03 AEST
2026-06-26T21:46:43.641184+00:00,vc603-68a3df455663,SHORT,60075.9,60046.0,0.038256,4.98,20.0,4,1.0,1.0,0.0,0.0,-0.0,0.0,PROFIT_LOCK_LADDER,100,0.17,62,44.0,True,SIM_MARKET,AI_DIRECT_LIMIT,,,,,0,BEAR,SR,60-70,SPAWN,-3,-3,BEARISH_STRUCTURE,MIXED,8.83,-3,3,7,0.01791,bitfinex,tBTCF0:USTF0,v11.1-virtual-chase-known-combos-v1,BITFINEX_ZERO,v11.1-virtual-chase-known-combos-v1,AI60_SP3_VIRTUAL_CHASE,AI60+ · Spread >=3 · Virtual Chase,APPROVE,60080.0,0.012907,0.028128,NEAR_RESISTANCE,-8.4e-05,1.0,46.8,0.038256,0.0,12.634018,194.254,194.254,194.254,0-5m,AI_DIRECT,AI_DIRECT_CHASE,6,,4.1,0.0,0.0,0.0,False,0.0,0.0,-2.9e-05,6.5e-05,0.02829,2.532218,-11.538968,0.0,0.05782,60080.0,59867.233512,59894.500777,60360.021679,-0.000455,NEAR_RESISTANCE,SHORT_PREFERRED,0.012907,0.028128,BEAR,3.0,44.0,0.0,100,2.1,True,True,APPROVE,62,"```json
{
  ""direction"": ""SHORT"",
  ""confidence"": 62,
  ""long_score"": 30,
  ""short_score"": 70,
  ""preferred_direction"": ""SHORT"",
  ""entry_zone_low"": 60100,
  ""entry_zone_high"": 60200,
  ""limit_price"": 60150,
  ""expected_mfe"": 180,
  ""expected_mae"": 80,
  ""reversal_probability"": 45,
  ""exit_style"": ""AGGRESSIVE"",
  ""reasons_for_trade"": [
    ""BEAR regime with bearish structure score (-3) and BEARISH_STRUCTURE bias"",
    ""EMA stack bearish (ema9 below ema21, ema21 below ema200) with bear alignment"",
    ""Price near micro resistance (60155) and macro resistance (60821) - short entry zone"",
    ""Trend health state BEAR with bear_score (6) > bull_score (4)"",
    ""Market structure shift is BEAR_CONTINUATION, no reversal confirmation"",
    ""Funding positive (0.01791% per 8h) favors shorts, longs paying"",
    ""Volume ratio elevated (2.53) with negative delta (-11.57) supports bearish orderflow"",
    ""ADX low (8.83) but trend hierarchy still favors bear continuation over counter-trend long""
  ],
  ""reasons_against_trade"": [
    ""Price near micro support (59608) - short entry near support increases bounce risk"",
    ""ADX below 25 indicates weak trend strength, potential for mean reversion"",
    ""Reversal risk score 45 - moderate chance of reversal from support zone"",
    ""Higher low detected suggests some buying pressure at lows"",
    ""MTF mixed (15m ranging, 1h ranging, 4h bearish) - no strong alignment"",
    ""Edge score (2.1) below threshold (3.0) - signal quality not optimal""
  ],
  ""bull_score"": 3,
  ""bear_score"": 7
}
```

**Direction:** SHORT  
**Win probability:** 62%  
**Long score:** 30  
**Short score:** 70  
**Bull score:** 3/10  
**Bear score:** 7/10  
**Decision:** APPROVE  

**Reasoning:**  
The bearish case dominates across trend hierarchy (BEAR regime, bearish structure, bearish EMA stack, BEAR_CONTINUATION shift). Price is near micro resistance (60155) and macro resistance (60821), providing a logical short entry zone. Positive funding and negative delta support continuation. The main risk is proximity to micro support (59608) - short entries near support historically show reduced expectancy unless strong bearish continuation is present. However, the absence of reversal confirmations (no structure shift, no momentum expansion upward) favors the bearish continuation. The ADX is low, but trend hierarchy rules prioritize structure and alignment over ADX strength. Entry is set above current price (60150) to target a pullback to resistance before the next leg down. Exit style is aggressive due to the support zone below.",60075.9,60046.0,TAKER,TAKER,0.033308,4.1,194.254,1.0,1.0,0.0,0.0,-0.0,0.0,4.98,2.295438,PROFIT_LOCK_LADDER,-11.538968,2.532218,6.5e-05,0.05782,False,True,"{'price': 60080.0, 'ret_1m': 0.0, 'ret_5m': 0.0011497892053123594, 'ema9': 59867.23351171354, 'ema21': 59894.50077664345, 'ema200': 60360.02167902015, 'dist_to_support': 0.02812843486660227, 'dist_to_resistance': 0.012906771475202345, 'volume': 0.028289784000000002, 'volume_ratio': 2.5322175907643016, 'delta': -11.538968433998706, 'velocity': 6.49480694899653e-05, 'imbalance': 0.057820424570037346, 'candle_range': 46.8, 'body_ratio': 0.7896980417872801, 'wick_ratio': 0.21030195821272}",2.7,"{'early_fail_enabled': True, 'invert_signal': False, 'ai_enabled': True, 'edge_threshold': 3.0, 'edge_threshold_max': None, 'edge_range_preset': 'min_only', 'ai_threshold': 44.0, 'leverage': 100, 'pullback_threshold': 0.001}","{'ema9': 59867.23351171354, 'ema21': 59894.50077664345, 'ema200': 60360.02167902015, 'ema_spread': -0.000455, 'ema9_slope_pct': 0.0667, 'ema21_slope_pct': 0.0039, 'ema9_above_ema21': False, 'ema21_above_ema200': False}",ORDERFLOW_SPIKE,2.7,2.7,False,True,INV_False_EF_True,SHORT,10,6,SCENARIO_C_RUNNER_10_v4,40.0,10.0,-12.0,2.0,8.0,300,1,2,-32.0,False,False,True,False,480,3,5.0,False,5,0.75,"[[10, 6], [19, 17], [40, 28], [60, 45], [80, 60], [100, 75], [150, 120]]","{""trail_ladder"": [[10, 6], [19, 17], [40, 28], [60, 45], [80, 60], [100, 75], [150, 120]], ""ladder_first_trigger_pct"": 10, ""ladder_first_lock_pct"": 6, ""exit_profile_id"": ""SCENARIO_C_RUNNER_10_v4"", ""peak_never_loser_min_peak"": 40.0, ""peak_never_loser_floor"": 10.0, ""thesis_fast_exit_unreal_pct"": -12.0, ""thesis_mfe_protect_pct"": 2.0, ""thesis_exit_if_above_unreal_pct"": 8.0, ""thesis_min_age_sec"": 300, ""thesis_score_flip_margin"": 1, ""thesis_early_decay_delta"": 2, ""early_fail_pct_threshold"": -32.0, ""type_a_first_candle_enabled"": false, ""type_a_early_fail_enabled"": false, ""scenario_c_exit_profile"": true, ""type_a_stall_enabled"": false, ""type_a_stall_min_age_sec"": 480, ""type_a_stall_min_candles"": 3, ""type_a_stall_max_mfe_pct"": 5.0, ""trend_weakening_enabled"": false, ""spread_penalty_threshold"": 5, ""spread_penalty_margin_mult"": 0.75}",2026-06-26T21:46:43.641184+00:00,2026-06-27 07:46:43 AEST,2026-06-27 07:46:43 AEST
2026-06-26T21:46:47.112658+00:00,cont-c96fcd559f4a,SHORT,59997.25,60046.0,5.001877,-8.11,20.0,4,-1.62,-1.63,0.0,0.0,-0.0,-0.0,THESIS_INVALIDATED,100,0.27,62,44.0,True,SIM_LIMIT,AI_DIRECT_LIMIT,,,,,0,BEAR,SR,60-70,SPAWN,-3,-3,BEARISH_STRUCTURE,MIXED,8.83,-3,3,7,0.01791,bitfinex,tBTCF0:USTF0,v11.1-virtual-chase-known-combos-v1,BITFINEX_ZERO,v11.1-virtual-chase-known-combos-v1,CONTINUOUS,Continuous AI Research,APPROVE,59929.0,0.014884,0.026231,NEAR_RESISTANCE,-8.4e-05,0.433753,46.8,5.001878,-16.770769,3.041806,133.051,133.051,133.051,0-5m,AI_DIRECT,AI_DIRECT_CHASE,1,,68.25,0.0,0.0,0.0,False,0.0,0.0,-0.003738,-2.7e-05,0.025273,2.123232,-12.315217,0.0,0.061973,59929.0,59856.833512,59889.773504,60359.504266,-0.00055,NEAR_RESISTANCE,SHORT_PREFERRED,0.014884,0.026231,BEAR,3.0,44.0,0.0,100,3.2,True,True,APPROVE,62,"```json
{
  ""direction"": ""SHORT"",
  ""confidence"": 62,
  ""long_score"": 28,
  ""short_score"": 72,
  ""preferred_direction"": ""SHORT"",
  ""entry_zone_low"": 59950,
  ""entry_zone_high"": 60100,
  ""limit_price"": 60025,
  ""expected_mfe"": 120,
  ""expected_mae"": 80,
  ""reversal_probability"": 25,
  ""exit_style"": ""AGGRESSIVE"",
  ""reasons_for_trade"": [
    ""BEAR regime with bearish structure and bearish EMA stack (stack_bear: true)"",
    ""Price near micro resistance (60155) and macro resistance (60821) - short from resistance zone"",
    ""Negative delta (-12.3) and negative velocity confirm selling pressure"",
    ""Volume ratio elevated (2.12) supporting bearish conviction"",
    ""Trend health bear_score (6) > bull_score (4), trend intact"",
    ""Market structure shift is BEAR_CONTINUATION, no reversal evidence"",
    ""Funding positive (0.018% per 8h) favors shorts, longs paying""
  ],
  ""reasons_against_trade"": [
    ""ADX low (8.83) - not trending strongly, mean reversion risk"",
    ""Price near micro support (59608) - bounce risk if continuation fails"",
    ""MTF mixed (15m/1h ranging, 4h bearish) - no strong alignment"",
    ""Higher low detected - minor bullish micro structure"",
    ""Reversal risk score 25 - non-trivial bounce probability""
  ],
  ""bull_score"": 3,
  ""bear_score"": 7
}
```

**Direction:** SHORT  
**Win probability:** 62%  
**Long score:** 28  
**Short score:** 72  
**Bull score:** 3/10  
**Bear score:** 7/10  
**Decision:** APPROVE  

**Reasoning:**  
The bearish case dominates: bear regime, bearish structure, bearish EMA stack, negative orderflow, and price at micro resistance with continuation bias. The low ADX weakens conviction slightly, but the volume ratio and delta support near-term downside. The higher low is a minor bullish signal but insufficient to override the bearish hierarchy. Entry is set above current price (pullback to ~60025) to short into resistance, with aggressive exit targeting the micro support zone (~59608) for ~120 point MFE. The bounce risk from nearby support is acknowledged but deemed secondary to the bearish continuation evidence.",59997.25,60046.0,MAKER,TAKER,0.033373,68.25,133.051,-1.62,-1.63,0.0,0.0,-0.0,-0.0,-8.11,300.112693,THESIS_INVALIDATED,-12.315217,2.123232,-2.7e-05,0.061973,False,True,"{'price': 59929.0, 'ret_1m': 0.0, 'ret_5m': -0.00021687631376997765, 'ema9': 59856.833511713536, 'ema21': 59889.77350391618, 'ema200': 60359.50426608483, 'dist_to_support': 0.02623104006407582, 'dist_to_resistance': 0.014884279731015035, 'volume': 0.025273097, 'volume_ratio': 2.1232320939575247, 'delta': -12.315216665998758, 'velocity': -2.6669720491010337e-05, 'imbalance': 0.061973328842665466, 'candle_range': 46.8, 'body_ratio': 0.7896980417872801, 'wick_ratio': 0.21030195821272}",3.2,"{'early_fail_enabled': True, 'invert_signal': False, 'ai_enabled': True, 'edge_threshold': 3.0, 'edge_threshold_max': None, 'edge_range_preset': 'min_only', 'ai_threshold': 44.0, 'leverage': 100, 'pullback_threshold': 0.001}","{'ema9': 59856.833511713536, 'ema21': 59889.77350391618, 'ema200': 60359.50426608483, 'ema_spread': -0.00055, 'ema9_slope_pct': 0.0494, 'ema21_slope_pct': -0.004, 'ema9_above_ema21': False, 'ema21_above_ema200': False}",MOMENTUM_SHORT,3.2,3.2,False,True,INV_False_EF_True,SHORT,10,6,SCENARIO_C_RUNNER_10_v4,40.0,10.0,-12.0,2.0,8.0,300,1,2,-32.0,False,False,True,False,480,3,5.0,False,5,0.75,"[[10, 6], [19, 17], [40, 28], [60, 45], [80, 60], [100, 75], [150, 120]]","{""trail_ladder"": [[10, 6], [19, 17], [40, 28], [60, 45], [80, 60], [100, 75], [150, 120]], ""ladder_first_trigger_pct"": 10, ""ladder_first_lock_pct"": 6, ""exit_profile_id"": ""SCENARIO_C_RUNNER_10_v4"", ""peak_never_loser_min_peak"": 40.0, ""peak_never_loser_floor"": 10.0, ""thesis_fast_exit_unreal_pct"": -12.0, ""thesis_mfe_protect_pct"": 2.0, ""thesis_exit_if_above_unreal_pct"": 8.0, ""thesis_min_age_sec"": 300, ""thesis_score_flip_margin"": 1, ""thesis_early_decay_delta"": 2, ""early_fail_pct_threshold"": -32.0, ""type_a_first_candle_enabled"": false, ""type_a_early_fail_enabled"": false, ""scenario_c_exit_profile"": true, ""type_a_stall_enabled"": false, ""type_a_stall_min_age_sec"": 480, ""type_a_stall_min_candles"": 3, ""type_a_stall_max_mfe_pct"": 5.0, ""trend_weakening_enabled"": false, ""spread_penalty_threshold"": 5, ""spread_penalty_margin_mult"": 0.75}",2026-06-26T21:46:47.112658+00:00,2026-06-27 07:46:47 AEST,2026-06-27 07:46:47 AEST
2026-06-26T21:49:47.924111+00:00,cont-f1bc737b9abf,SHORT,60077.05,59975.0,3.004223,17.0,20.0,4,3.4,3.4,0.0,0.0,-0.0,-0.0,PROFIT_LOCK_LADDER,100,0.57,62,44.0,True,SIM_LIMIT,AI_DIRECT_LIMIT,,,,,0,BEAR,SR,60-70,SPAWN,-3,-3,BEARISH_STRUCTURE,MIXED,8.83,-3,3,7,0.01791,bitfinex,tBTCF0:USTF0,v11.1-virtual-chase-known-combos-v1,BITFINEX_ZERO,v11.1-virtual-chase-known-combos-v1,CONTINUOUS,Continuous AI Research,APPROVE,60080.0,0.012907,0.028128,NEAR_RESISTANCE,-0.000109,1.0,46.8,3.004224,0.0,19.483314,203.472,203.472,203.472,0-5m,AI_DIRECT,AI_DIRECT_CHASE,4,,2.95,0.0,0.0,0.0,False,0.0,0.0,-0.002242,6.5e-05,0.02829,2.532218,-11.538968,0.0,0.05782,60080.0,59867.233512,59894.500777,60360.021679,-0.000455,NEAR_RESISTANCE,SHORT_PREFERRED,0.012907,0.028128,BEAR,3.0,44.0,0.0,100,2.1,True,True,APPROVE,62,"```json
{
  ""direction"": ""SHORT"",
  ""confidence"": 62,
  ""long_score"": 30,
  ""short_score"": 70,
  ""preferred_direction"": ""SHORT"",
  ""entry_zone_low"": 60100,
  ""entry_zone_high"": 60200,
  ""limit_price"": 60150,
  ""expected_mfe"": 180,
  ""expected_mae"": 80,
  ""reversal_probability"": 45,
  ""exit_style"": ""AGGRESSIVE"",
  ""reasons_for_trade"": [
    ""BEAR regime with bearish structure score (-3) and BEARISH_STRUCTURE bias"",
    ""EMA stack bearish (ema9 below ema21, ema21 below ema200) with bear alignment"",
    ""Price near micro resistance (60155) and macro resistance (60821) - short entry zone"",
    ""Trend health state BEAR with bear_score (6) > bull_score (4)"",
    ""Market structure shift is BEAR_CONTINUATION, no reversal confirmation"",
    ""Funding positive (0.01791% per 8h) favors shorts, longs paying"",
    ""Volume ratio elevated (2.53) with negative delta (-11.57) supports bearish orderflow"",
    ""ADX low (8.83) but trend hierarchy still favors bear continuation over counter-trend long""
  ],
  ""reasons_against_trade"": [
    ""Price near micro support (59608) - short entry near support increases bounce risk"",
    ""ADX below 25 indicates weak trend strength, potential for mean reversion"",
    ""Reversal risk score 45 - moderate chance of reversal from support zone"",
    ""Higher low detected suggests some buying pressure at lows"",
    ""MTF mixed (15m ranging, 1h ranging, 4h bearish) - no strong alignment"",
    ""Edge score (2.1) below threshold (3.0) - signal quality not optimal""
  ],
  ""bull_score"": 3,
  ""bear_score"": 7
}
```

**Direction:** SHORT  
**Win probability:** 62%  
**Long score:** 30  
**Short score:** 70  
**Bull score:** 3/10  
**Bear score:** 7/10  
**Decision:** APPROVE  

**Reasoning:**  
The bearish case dominates across trend hierarchy (BEAR regime, bearish structure, bearish EMA stack, BEAR_CONTINUATION shift). Price is near micro resistance (60155) and macro resistance (60821), providing a logical short entry zone. Positive funding and negative delta support continuation. The main risk is proximity to micro support (59608) - short entries near support historically show reduced expectancy unless strong bearish continuation is present. However, the absence of reversal confirmations (no structure shift, no momentum expansion upward) favors the bearish continuation. The ADX is low, but trend hierarchy rules prioritize structure and alignment over ADX strength. Entry is set above current price (60150) to target a pullback to resistance before the next leg down. Exit style is aggressive due to the support zone below.",60077.05,59975.0,MAKER,TAKER,0.033289,2.95,203.472,3.4,3.4,0.0,0.0,-0.0,-0.0,17.0,180.253503,PROFIT_LOCK_LADDER,-11.538968,2.532218,6.5e-05,0.05782,False,True,"{'price': 60080.0, 'ret_1m': 0.0, 'ret_5m': 0.0011497892053123594, 'ema9': 59867.23351171354, 'ema21': 59894.50077664345, 'ema200': 60360.02167902015, 'dist_to_support': 0.02812843486660227, 'dist_to_resistance': 0.012906771475202345, 'volume': 0.028289784000000002, 'volume_ratio': 2.5322175907643016, 'delta': -11.538968433998706, 'velocity': 6.49480694899653e-05, 'imbalance': 0.057820424570037346, 'candle_range': 46.8, 'body_ratio': 0.7896980417872801, 'wick_ratio': 0.21030195821272}",2.7,"{'early_fail_enabled': True, 'invert_signal': False, 'ai_enabled': True, 'edge_threshold': 3.0, 'edge_threshold_max': None, 'edge_range_preset': 'min_only', 'ai_threshold': 44.0, 'leverage': 100, 'pullback_threshold': 0.001}","{'ema9': 59867.23351171354, 'ema21': 59894.50077664345, 'ema200': 60360.02167902015, 'ema_spread': -0.000455, 'ema9_slope_pct': 0.0667, 'ema21_slope_pct': 0.0039, 'ema9_above_ema21': False, 'ema21_above_ema200': False}",ORDERFLOW_SPIKE,2.7,2.7,False,True,INV_False_EF_True,SHORT,10,6,SCENARIO_C_RUNNER_10_v4,40.0,10.0,-12.0,2.0,8.0,300,1,2,-32.0,False,False,True,False,480,3,5.0,False,5,0.75,"[[10, 6], [19, 17], [40, 28], [60, 45], [80, 60], [100, 75], [150, 120]]","{""trail_ladder"": [[10, 6], [19, 17], [40, 28], [60, 45], [80, 60], [100, 75], [150, 120]], ""ladder_first_trigger_pct"": 10, ""ladder_first_lock_pct"": 6, ""exit_profile_id"": ""SCENARIO_C_RUNNER_10_v4"", ""peak_never_loser_min_peak"": 40.0, ""peak_never_loser_floor"": 10.0, ""thesis_fast_exit_unreal_pct"": -12.0, ""thesis_mfe_protect_pct"": 2.0, ""thesis_exit_if_above_unreal_pct"": 8.0, ""thesis_min_age_sec"": 300, ""thesis_score_flip_margin"": 1, ""thesis_early_decay_delta"": 2, ""early_fail_pct_threshold"": -32.0, ""type_a_first_candle_enabled"": false, ""type_a_early_fail_enabled"": false, ""scenario_c_exit_profile"": true, ""type_a_stall_enabled"": false, ""type_a_stall_min_age_sec"": 480, ""type_a_stall_min_candles"": 3, ""type_a_stall_max_mfe_pct"": 5.0, ""trend_weakening_enabled"": false, ""spread_penalty_threshold"": 5, ""spread_penalty_margin_mult"": 0.75}",2026-06-26T21:49:47.924111+00:00,2026-06-27 07:49:47 AEST,2026-06-27 07:49:47 AEST
2026-06-26T22:01:53.222726+00:00,cont-d1961b8e40c8,SHORT,59998.66,59976.0,3.42387,3.79,20.0,4,0.76,0.76,0.0,0.0,-0.0,-0.0,PROFIT_LOCK_LADDER,100,0.13,62,44.0,True,SIM_LIMIT,AI_DIRECT_LIMIT,,,,,0,BEAR,SR,60-70,SPAWN,-3,-3,BEARISH_STRUCTURE,MIXED,9.57,-3,3,7,0.01791,bitfinex,tBTCF0:USTF0,v11.1-virtual-chase-known-combos-v1,BITFINEX_ZERO,v11.1-virtual-chase-known-combos-v1,CONTINUOUS,Continuous AI Research,APPROVE,59972.0,0.014157,0.026929,NEAR_RESISTANCE,-9.3e-05,0.083372,47.6,3.42387,0.0,10.276896,333.907,333.907,333.907,5-15m,AI_DIRECT,AI_DIRECT_CHASE,4,,26.66,0.0,0.0,0.0,False,0.0,0.0,-0.002557,3e-06,0.036619,0.756508,-12.889254,0.0,0.063775,59972.0,59897.306809,59906.256904,60352.225696,-0.000149,NEAR_RESISTANCE,SHORT_PREFERRED,0.014157,0.026929,BEAR,3.0,44.0,0.0,100,2.5,True,True,APPROVE,62,"```json
{
  ""direction"": ""SHORT"",
  ""confidence"": 62,
  ""long_score"": 25,
  ""short_score"": 70,
  ""preferred_direction"": ""SHORT"",
  ""entry_zone_low"": 60000,
  ""entry_zone_high"": 60155,
  ""limit_price"": 60077,
  ""expected_mfe"": 0.004,
  ""expected_mae"": 0.003,
  ""reversal_probability"": 45,
  ""exit_style"": ""AGGRESSIVE"",
  ""reasons_for_trade"": [
    ""BEAR regime with bearish EMA stack (price below EMA200, EMA9 below EMA21, bear stack true)"",
    ""Market structure bias BEARISH_STRUCTURE with structure_score -3 and BEAR_CONTINUATION shift"",
    ""Multi-timeframe agreement MIXED but 4h is BEARISH, no bull TF count, bear TF count 1"",
    ""Trend health state BEAR with bear_score 6 vs bull_score 4, intact bearish trend"",
    ""Price near micro resistance (60155) and macro resistance (60821), SR state NEAR_RESISTANCE"",
    ""Funding rate positive (0.01791% per 8h) favoring shorts, longs pay shorts"",
    ""Edge score 2.5 below threshold 3.0, indicating weak bullish edge"",
    ""Volume ratio 0.76 below average, delta negative (-12.89), suggesting selling pressure""
  ],
  ""reasons_against_trade"": [
    ""ADX at 9.57 (very low) indicates no strong trending market, risk of mean reversion"",
    ""Price near micro support (59608) with only 0.6% distance, potential bounce zone"",
    ""Reversal risk score 45 (moderate), higher_low_detected true suggests possible bottoming"",
    ""Market regime tracker shows recent COMPRESSION, could be transitioning to expansion"",
    ""Low velocity (3.34e-06) and zero 1m/5m returns suggest indecision"",
    ""Quality score only 52.7, indicating mixed signal quality""
  ],
  ""bull_score"": 3,
  ""bear_score"": 7
}
```

**Direction:** SHORT  
**Win probability:** 62%  
**Long score:** 25  
**Short score:** 70  
**Bull score:** 3/10  
**Bear score:** 7/10  
**Decision:** APPROVE  

**Reason:** The bearish case is significantly stronger across all trend hierarchy layers. The EMA stack is bearish (price below EMA200, EMA9 below EMA21, bear stack true), market structure is bearish (structure_score -3, BEAR_CONTINUATION shift), and trend health is intact bear (bear_score 6 vs bull_score 4). Price is near micro resistance (60155) and macro resistance (60821), with positive funding favoring shorts. The low ADX (9.57) is a concern for trend strength, but the bearish alignment across multiple timeframes (4h BEARISH, no bull TFs) and negative delta (-12.89) support a short continuation bias. The entry is placed above current price (pullback to resistance zone) as required for SHORT limit entries. The reversal probability of 45% is noted but insufficient to override the strong bearish hierarchy given the lack of bullish reversal confirmations (no structure shift, no momentum expansion in bullish direction).",59998.66,59976.0,MAKER,TAKER,0.033349,26.66,333.907,0.76,0.76,0.0,0.0,-0.0,-0.0,3.79,205.43225,PROFIT_LOCK_LADDER,-12.889254,0.756508,3e-06,0.063775,False,True,"{'price': 59972.0, 'ret_1m': 1.667444807576869e-05, 'ret_5m': 1.667444807576869e-05, 'ema9': 59897.30680937083, 'ema21': 59906.25690438427, 'ema200': 60352.22569618257, 'dist_to_support': 0.026929233642366438, 'dist_to_resistance': 0.01415660641632762, 'volume': 0.036618992, 'volume_ratio': 0.7565084357474787, 'delta': -12.889254304998696, 'velocity': 3.338699542562849e-06, 'imbalance': 0.06377469219141499, 'candle_range': 47.6, 'body_ratio': 0.78969804178728, 'wick_ratio': 0.21030195821272}",2.5,"{'early_fail_enabled': True, 'invert_signal': False, 'ai_enabled': True, 'edge_threshold': 3.0, 'edge_threshold_max': None, 'edge_range_preset': 'min_only', 'ai_threshold': 44.0, 'leverage': 100, 'pullback_threshold': 0.001}","{'ema9': 59897.30680937083, 'ema21': 59906.25690438427, 'ema200': 60352.22569618257, 'ema_spread': -0.000149, 'ema9_slope_pct': 0.1272, 'ema21_slope_pct': 0.0379, 'ema9_above_ema21': False, 'ema21_above_ema200': False}",WEAK_SETUP,2.5,2.5,False,True,INV_False_EF_True,SHORT,10,6,SCENARIO_C_RUNNER_10_v4,40.0,10.0,-12.0,2.0,8.0,300,1,2,-32.0,False,False,True,False,480,3,5.0,False,5,0.75,"[[10, 6], [19, 17], [40, 28], [60, 45], [80, 60], [100, 75], [150, 120]]","{""trail_ladder"": [[10, 6], [19, 17], [40, 28], [60, 45], [80, 60], [100, 75], [150, 120]], ""ladder_first_trigger_pct"": 10, ""ladder_first_lock_pct"": 6, ""exit_profile_id"": ""SCENARIO_C_RUNNER_10_v4"", ""peak_never_loser_min_peak"": 40.0, ""peak_never_loser_floor"": 10.0, ""thesis_fast_exit_unreal_pct"": -12.0, ""thesis_mfe_protect_pct"": 2.0, ""thesis_exit_if_above_unreal_pct"": 8.0, ""thesis_min_age_sec"": 300, ""thesis_score_flip_margin"": 1, ""thesis_early_decay_delta"": 2, ""early_fail_pct_threshold"": -32.0, ""type_a_first_candle_enabled"": false, ""type_a_early_fail_enabled"": false, ""scenario_c_exit_profile"": true, ""type_a_stall_enabled"": false, ""type_a_stall_min_age_sec"": 480, ""type_a_stall_min_candles"": 3, ""type_a_stall_max_mfe_pct"": 5.0, ""trend_weakening_enabled"": false, ""spread_penalty_threshold"": 5, ""spread_penalty_margin_mult"": 0.75}",2026-06-26T22:01:53.222726+00:00,2026-06-27 08:01:53 AEST,2026-06-27 08:01:53 AEST
2026-06-26T22:06:19.917011+00:00,cont-a59e64e3a6cf,SHORT,59968.11,59856.53,1.646335,18.61,20.0,4,3.72,3.72,0.0,0.0,-0.0,-0.0,PROFIT_LOCK_LADDER,100,0.62,62,44.0,True,SIM_LIMIT,AI_DIRECT_LIMIT,,,,,0,BEAR,SR,60-70,SPAWN,-3,-3,BEARISH_STRUCTURE,MIXED,9.8,-3,3,7,0.01791,bitfinex,tBTCF0:USTF0,v11.1-virtual-chase-known-combos-v1,BITFINEX_ZERO,v11.1-virtual-chase-known-combos-v1,CONTINUOUS,Continuous AI Research,APPROVE,59962.0,0.014326,0.026767,NEAR_RESISTANCE,-0.000346,1.0,45.2,1.646336,0.0,30.701318,123.036,123.036,123.036,0-5m,AI_DIRECT,AI_DIRECT_CHASE,3,,6.11,0.0,0.0177,0.0177,False,0.0,0.0,-0.001229,6e-05,0.0009,0.274792,-12.78856,0.0,0.0631,59962.0,59905.285447,59908.762475,60343.731085,-5.8e-05,NEAR_RESISTANCE,SHORT_PREFERRED,0.014326,0.026767,BEAR,3.0,44.0,0.0,100,2.5,True,True,APPROVE,62,"```json
{
  ""direction"": ""SHORT"",
  ""confidence"": 62,
  ""long_score"": 30,
  ""short_score"": 70,
  ""preferred_direction"": ""SHORT"",
  ""entry_zone_low"": 60050,
  ""entry_zone_high"": 60150,
  ""limit_price"": 60100,
  ""expected_mfe"": 120,
  ""expected_mae"": 45,
  ""reversal_probability"": 63,
  ""exit_style"": ""AGGRESSIVE"",
  ""reasons_for_trade"": [
    ""BEAR regime with bearish EMA stack (price below EMA200, EMA9 below EMA21)"",
    ""Market structure bias BEARISH_STRUCTURE with structure_score -3"",
    ""Multi-timeframe agreement MIXED but 4h is BEARISH, no bull TF count"",
    ""Trend health state BEAR with bear_score 6 vs bull_score 4"",
    ""Price near micro resistance (60109) and macro resistance (60821) - short from resistance in bear trend"",
    ""Funding positive (0.01791% per 8h) favoring shorts, longs pay shorts"",
    ""Volume ratio low (0.27) suggesting lack of buying conviction on bounces"",
    ""Delta negative (-12.79) indicating selling pressure"",
    ""Market regime tracker shows recent COMPRESSION after EXPANSION - potential for bearish breakout""
  ],
  ""reasons_against_trade"": [
    ""Reversal risk score elevated (63) - price near micro support could bounce"",
    ""ADX low (9.8) - not a strong trending environment, mean reversion risk"",
    ""Higher low detected (HL) - micro structure shows some buying interest"",
    ""Distance to support only 2.7% - limited downside room before support zone"",
    ""Edge score (2.5) below threshold (3.0) - telemetry not strongly confirming edge"",
    ""MTF agreement is MIXED (15m and 1h ranging) - not full bear alignment""
  ],
  ""bull_score"": 3,
  ""bear_score"": 7
}
```",59968.11,59856.53,MAKER,TAKER,0.033354,6.11,123.036,3.72,3.72,0.0,0.0,-0.0,-0.0,18.61,98.780242,PROFIT_LOCK_LADDER,-12.78856,0.274792,6e-05,0.0631,False,True,"{'price': 59962.0, 'ret_1m': 0.0, 'ret_5m': 0.0007340551542349978, 'ema9': 59905.285447496666, 'ema21': 59908.76247506094, 'ema200': 60343.73108503796, 'dist_to_support': 0.026766952403188687, 'dist_to_resistance': 0.014325739635102232, 'volume': 0.0009000009999999999, 'volume_ratio': 0.2747915568645404, 'delta': -12.788560349998633, 'velocity': 6.0042725497598655e-05, 'imbalance': 0.06309952655114086, 'candle_range': 45.2, 'body_ratio': 0.7355313751206134, 'wick_ratio': 0.16446862487938665}",2.5,"{'early_fail_enabled': True, 'invert_signal': False, 'ai_enabled': True, 'edge_threshold': 3.0, 'edge_threshold_max': None, 'edge_range_preset': 'min_only', 'ai_threshold': 44.0, 'leverage': 100, 'pullback_threshold': 0.001}","{'ema9': 59905.285447496666, 'ema21': 59908.76247506094, 'ema200': 60343.73108503796, 'ema_spread': -5.8e-05, 'ema9_slope_pct': 0.1111, 'ema21_slope_pct': 0.0383, 'ema9_above_ema21': False, 'ema21_above_ema200': False}",WEAK_SETUP,2.5,2.5,False,True,INV_False_EF_True,SHORT,10,6,SCENARIO_C_RUNNER_10_v4,40.0,10.0,-12.0,2.0,8.0,300,1,2,-32.0,False,False,True,False,480,3,5.0,False,5,0.75,"[[10, 6], [19, 17], [40, 28], [60, 45], [80, 60], [100, 75], [150, 120]]","{""trail_ladder"": [[10, 6], [19, 17], [40, 28], [60, 45], [80, 60], [100, 75], [150, 120]], ""ladder_first_trigger_pct"": 10, ""ladder_first_lock_pct"": 6, ""exit_profile_id"": ""SCENARIO_C_RUNNER_10_v4"", ""peak_never_loser_min_peak"": 40.0, ""peak_never_loser_floor"": 10.0, ""thesis_fast_exit_unreal_pct"": -12.0, ""thesis_mfe_protect_pct"": 2.0, ""thesis_exit_if_above_unreal_pct"": 8.0, ""thesis_min_age_sec"": 300, ""thesis_score_flip_margin"": 1, ""thesis_early_decay_delta"": 2, ""early_fail_pct_threshold"": -32.0, ""type_a_first_candle_enabled"": false, ""type_a_early_fail_enabled"": false, ""scenario_c_exit_profile"": true, ""type_a_stall_enabled"": false, ""type_a_stall_min_age_sec"": 480, ""type_a_stall_min_candles"": 3, ""type_a_stall_max_mfe_pct"": 5.0, ""trend_weakening_enabled"": false, ""spread_penalty_threshold"": 5, ""spread_penalty_margin_mult"": 0.75}",2026-06-26T22:06:19.917011+00:00,2026-06-27 08:06:19 AEST,2026-06-27 08:06:19 AEST
2026-06-26T22:14:00.649195+00:00,cont-43e129a1826d,SHORT,59902.0,59933.0,5.003236,-5.16,15.0,6,-0.77,-0.78,0.0,0.0,-0.0,-0.0,THESIS_INVALIDATED,100,0.17,62,44.0,True,SIM_LIMIT,AI_DIRECT_LIMIT,,,,,0,BEAR,SR,60-70,SPAWN,-3,-3,BEARISH_STRUCTURE,BEAR_ALIGNED,9.06,-5,2,8,0.01791,bitfinex,tBTCF0:USTF0,v11.1-virtual-chase-known-combos-v1,BITFINEX_ZERO,v11.1-virtual-chase-known-combos-v1,CONTINUOUS,Continuous AI Research,APPROVE,59856.0,0.016683,0.024506,FREE_RANGE,-0.000144,0.90307,45.2,5.003237,-13.689025,3.338787,188.554,188.554,188.554,0-5m,AI_DIRECT,AI_DIRECT,0,,46.0,0.0,0.0,0.0,False,0.0,0.0,-0.002803,2.5e-05,0.000937,0.896972,-12.854676,0.0,0.06335,59823.0,59873.685447,59894.398839,60342.158946,-0.000346,FREE_RANGE,SHORT_PREFERRED,0.016683,0.024506,BEAR,3.0,44.0,0.0,100,2.4,True,True,APPROVE,62,"```json
{
  ""direction"": ""SHORT"",
  ""confidence"": 62,
  ""long_score"": 18,
  ""short_score"": 72,
  ""preferred_direction"": ""SHORT"",
  ""entry_zone_low"": 59850,
  ""entry_zone_high"": 59950,
  ""limit_price"": 59900,
  ""expected_mfe"": 120,
  ""expected_mae"": 80,
  ""reversal_probability"": 53,
  ""exit_style"": ""AGGRESSIVE"",
  ""reasons_for_trade"": [
    ""MTF agreement is BEAR_ALIGNED (15m bearish, 4h bearish, 1h ranging)"",
    ""Market structure bias is BEARISH_STRUCTURE with structure_score -3"",
    ""EMA stack is bearish (price below ema9, ema21, ema200; ema9 below ema21, ema21 below ema200)"",
    ""Trend health state is BEAR with bear_score 9 vs bull_score 3"",
    ""ADX is low (9.06) but trend is intact with no weakening signals"",
    ""Orderflow shows negative delta (-12.86) and bearish imbalance (0.063 favoring shorts)"",
    ""Micro structure shows higher low detected but no lower high, consistent with bear continuation"",
    ""Market structure shift is BEAR_CONTINUATION, not reversal"",
    ""Funding rate positive (0.01791% per 8h) favors shorts, longs paying""
  ],
  ""reasons_against_trade"": [
    ""Price is near micro support (59608) with only 0.36% distance, increasing bounce risk"",
    ""Reversal risk score is 53 (moderate), suggesting potential for mean reversion"",
    ""ADX below 25 indicates non-trending conditions, reducing continuation conviction"",
    ""Volume ratio below 1 (0.74) suggests lack of aggressive selling"",
    ""Edge score (2.4) below threshold (3.0), indicating weak edge telemetry""
  ],
  ""bull_score"": 2,
  ""bear_score"": 8
}
```",59902.0,59933.0,MAKER,TAKER,0.02506,46.0,188.554,-0.77,-0.78,0.0,0.0,-0.0,-0.0,-5.16,300.194298,THESIS_INVALIDATED,-12.854676,0.896972,2.5e-05,0.06335,False,True,"{'price': 59823.0, 'ret_1m': 0.0, 'ret_5m': 0.0004515352197471403, 'ema9': 59873.68544749667, 'ema21': 59894.3988386973, 'ema200': 60342.158945734474, 'dist_to_support': 0.024505624926867593, 'dist_to_resistance': 0.0166825468465306, 'volume': 0.0009372149999999999, 'volume_ratio': 0.8969715191809287, 'delta': -12.854676174998627, 'velocity': 2.5078691472110692e-05, 'imbalance': 0.06334955380345594, 'candle_range': 45.2, 'body_ratio': 0.7355313751206134, 'wick_ratio': 0.16446862487938665}",2.4,"{'early_fail_enabled': True, 'invert_signal': False, 'ai_enabled': True, 'edge_threshold': 3.0, 'edge_threshold_max': None, 'edge_range_preset': 'min_only', 'ai_threshold': 44.0, 'leverage': 100, 'pullback_threshold': 0.001}","{'ema9': 59873.68544749667, 'ema21': 59894.3988386973, 'ema200': 60342.158945734474, 'ema_spread': -0.000346, 'ema9_slope_pct': 0.0583, 'ema21_slope_pct': 0.0143, 'ema9_above_ema21': False, 'ema21_above_ema200': False}",WEAK_SETUP,2.4,2.4,False,True,INV_False_EF_True,SHORT,10,6,SCENARIO_C_RUNNER_10_v4,40.0,10.0,-12.0,2.0,8.0,300,1,2,-32.0,False,False,True,False,480,3,5.0,False,5,0.75,"[[10, 6], [19, 17], [40, 28], [60, 45], [80, 60], [100, 75], [150, 120]]","{""trail_ladder"": [[10, 6], [19, 17], [40, 28], [60, 45], [80, 60], [100, 75], [150, 120]], ""ladder_first_trigger_pct"": 10, ""ladder_first_lock_pct"": 6, ""exit_profile_id"": ""SCENARIO_C_RUNNER_10_v4"", ""peak_never_loser_min_peak"": 40.0, ""peak_never_loser_floor"": 10.0, ""thesis_fast_exit_unreal_pct"": -12.0, ""thesis_mfe_protect_pct"": 2.0, ""thesis_exit_if_above_unreal_pct"": 8.0, ""thesis_min_age_sec"": 300, ""thesis_score_flip_margin"": 1, ""thesis_early_decay_delta"": 2, ""early_fail_pct_threshold"": -32.0, ""type_a_first_candle_enabled"": false, ""type_a_early_fail_enabled"": false, ""scenario_c_exit_profile"": true, ""type_a_stall_enabled"": false, ""type_a_stall_min_age_sec"": 480, ""type_a_stall_min_candles"": 3, ""type_a_stall_max_mfe_pct"": 5.0, ""trend_weakening_enabled"": false, ""spread_penalty_threshold"": 5, ""spread_penalty_margin_mult"": 0.75}",2026-06-26T22:14:00.649195+00:00,2026-06-27 08:14:00 AEST,2026-06-27 08:14:00 AEST
2026-06-26T22:21:55.266718+00:00,vc603-4044603fece6,SHORT,60026.53,59991.76,2.764816,5.8,20.0,4,1.16,1.16,0.0,0.0,-0.0,-0.0,PROFIT_LOCK_LADDER,100,0.19,62,44.0,True,SIM_MARKET,AI_DIRECT_LIMIT,,,,,0,BEAR,SR,60-70,SPAWN,-3,-3,BEARISH_STRUCTURE,MIXED,8.99,-3,3,7,0.01791,bitfinex,tBTCF0:USTF0,v11.1-virtual-chase-known-combos-v1,BITFINEX_ZERO,v11.1-virtual-chase-known-combos-v1,AI60_SP3_VIRTUAL_CHASE,AI60+ · Spread >=3 · Virtual Chase,APPROVE,59944.0,0.014343,0.026751,NEAR_RESISTANCE,3.4e-05,1.0,41.9,2.764818,0.0,10.750247,204.757,204.757,204.757,0-5m,AI_DIRECT,AI_DIRECT_CHASE,6,,82.53,0.0,0.2587,0.2587,False,0.0,0.0,-0.002065,5.2e-05,0.008423,0.136723,-12.674495,0.0,0.062288,59961.0,59912.748358,59911.610515,60336.274196,1.9e-05,NEAR_RESISTANCE,SHORT_PREFERRED,0.014343,0.026751,BEAR,3.0,44.0,0.0,100,2.6,True,True,APPROVE,62,"```json
{
  ""direction"": ""SHORT"",
  ""confidence"": 62,
  ""long_score"": 28,
  ""short_score"": 72,
  ""preferred_direction"": ""SHORT"",
  ""entry_zone_low"": 60109,
  ""entry_zone_high"": 60250,
  ""limit_price"": 60180,
  ""expected_mfe"": 180,
  ""expected_mae"": 70,
  ""reversal_probability"": 63,
  ""exit_style"": ""AGGRESSIVE"",
  ""reasons_for_trade"": [
    ""BEAR regime with bearish structure score -3 and BEARISH_STRUCTURE bias"",
    ""EMA stack bearish (ema9 below ema21, both below ema200) with bear alignment"",
    ""Multi-timeframe agreement: 4h BEARISH, 15m/1h RANGING - no bullish override"",
    ""Price near micro resistance (60109) and macro resistance zone (60821) - short from resistance"",
    ""Funding positive (0.0179% per 8h) favoring shorts, longs paying"",
    ""Trend health BEAR with bear_score 6 vs bull_score 4, intact bearish trend"",
    ""Market structure shift labeled BEAR_CONTINUATION, no higher high or lower low reversal"",
    ""Volume ratio low (0.137) suggesting lack of buying conviction on bounces"",
    ""Delta negative (-12.67) indicating selling pressure dominance"",
    ""ADX low (8.99) but structure and trend health override weak trend strength - compression favors continuation""
  ],
  ""reasons_against_trade"": [
    ""Reversal risk score elevated (63) - price near micro support could bounce"",
    ""Higher low detected (HL) suggests some buying interest at lows"",
    ""Compression regime may lead to sudden expansion in either direction"",
    ""Low ADX (<25) means trend strength is weak, risk of false breakout"",
    ""Edge score (2.6) below threshold (3.0) - pattern quality not optimal"",
    ""Distance to support (2.68%) is larger than to resistance (1.43%) - asymmetric risk if shorting near resistance""
  ],
  ""bull_score"": 3,
  ""bear_score"": 7
}
```

Direction: SHORT
Win probability: 62%
Long score: 28
Short score: 72
Bull score: 3
Bear score: 7
Decision: APPROVE
Reason: Bearish alignment across trend health, structure, EMA stack, and market regime. Price near micro resistance (60109) with negative delta and positive funding favoring shorts. Reversal risk is elevated but not confirmed by structure shift or momentum - continuation remains the higher-probability path. Entry at pullback to resistance zone with aggressive exit to capture quick downside.",60026.53,59991.76,TAKER,TAKER,0.033339,82.53,204.757,1.16,1.16,0.0,0.0,-0.0,-0.0,5.8,165.88913,PROFIT_LOCK_LADDER,-12.674495,0.136723,5.2e-05,0.062288,False,True,"{'price': 59961.0, 'ret_1m': -1.667722891164404e-05, 'ret_5m': 0.001018363939899833, 'ema9': 59912.748357997334, 'ema21': 59911.61051452803, 'ema200': 60336.274196208986, 'dist_to_support': 0.02675072130217975, 'dist_to_resistance': 0.014342656059772186, 'volume': 0.008422986, 'volume_ratio': 0.1367227859925537, 'delta': -12.67449462199853, 'velocity': 5.172567678683912e-05, 'imbalance': 0.06228829416956139, 'candle_range': 41.9, 'body_ratio': 0.7708254927676721, 'wick_ratio': 0.12917450723232785}",2.6,"{'early_fail_enabled': True, 'invert_signal': False, 'ai_enabled': True, 'edge_threshold': 3.0, 'edge_threshold_max': None, 'edge_range_preset': 'min_only', 'ai_threshold': 44.0, 'leverage': 100, 'pullback_threshold': 0.001}","{'ema9': 59912.748357997334, 'ema21': 59911.61051452803, 'ema200': 60336.274196208986, 'ema_spread': 1.9e-05, 'ema9_slope_pct': 0.057, 'ema21_slope_pct': 0.0199, 'ema9_above_ema21': True, 'ema21_above_ema200': False}",WEAK_SETUP,2.6,2.6,False,True,INV_False_EF_True,SHORT,10,6,SCENARIO_C_RUNNER_10_v4,40.0,10.0,-12.0,2.0,8.0,300,1,2,-32.0,False,False,True,False,480,3,5.0,False,5,0.75,"[[10, 6], [19, 17], [40, 28], [60, 45], [80, 60], [100, 75], [150, 120]]","{""trail_ladder"": [[10, 6], [19, 17], [40, 28], [60, 45], [80, 60], [100, 75], [150, 120]], ""ladder_first_trigger_pct"": 10, ""ladder_first_lock_pct"": 6, ""exit_profile_id"": ""SCENARIO_C_RUNNER_10_v4"", ""peak_never_loser_min_peak"": 40.0, ""peak_never_loser_floor"": 10.0, ""thesis_fast_exit_unreal_pct"": -12.0, ""thesis_mfe_protect_pct"": 2.0, ""thesis_exit_if_above_unreal_pct"": 8.0, ""thesis_min_age_sec"": 300, ""thesis_score_flip_margin"": 1, ""thesis_early_decay_delta"": 2, ""early_fail_pct_threshold"": -32.0, ""type_a_first_candle_enabled"": false, ""type_a_early_fail_enabled"": false, ""scenario_c_exit_profile"": true, ""type_a_stall_enabled"": false, ""type_a_stall_min_age_sec"": 480, ""type_a_stall_min_candles"": 3, ""type_a_stall_max_mfe_pct"": 5.0, ""trend_weakening_enabled"": false, ""spread_penalty_threshold"": 5, ""spread_penalty_margin_mult"": 0.75}",2026-06-26T22:21:55.266718+00:00,2026-06-27 08:21:55 AEST,2026-06-27 08:21:55 AEST
2026-06-26T22:29:17.522049+00:00,cont-a8a212da1079,SHORT,60004.62,59952.0,6.909328,8.8,20.0,4,1.76,1.75,0.0,0.0,-0.01,-0.01,PROFIT_LOCK_LADDER,100,0.29,62,44.0,True,SIM_LIMIT,AI_DIRECT_LIMIT,,,,,0,BEAR,SR,60-70,SPAWN,-3,-3,BEARISH_STRUCTURE,MIXED,8.99,-3,3,7,0.01791,bitfinex,tBTCF0:USTF0,v11.1-virtual-chase-known-combos-v1,BITFINEX_ZERO,v11.1-virtual-chase-known-combos-v1,CONTINUOUS,Continuous AI Research,APPROVE,59961.0,0.014343,0.026751,NEAR_RESISTANCE,-1e-05,1.0,41.9,6.909329,-0.516627,10.935825,401.38,401.38,401.38,5-15m,AI_DIRECT,AI_DIRECT_CHASE,6,,43.62,0.0,0.0,0.0,False,0.0,0.0,-0.005161,5.2e-05,0.008423,0.136723,-12.674495,0.0,0.062288,59961.0,59912.748358,59911.610515,60336.274196,1.9e-05,NEAR_RESISTANCE,SHORT_PREFERRED,0.014343,0.026751,BEAR,3.0,44.0,0.0,100,2.6,True,True,APPROVE,62,"```json
{
  ""direction"": ""SHORT"",
  ""confidence"": 62,
  ""long_score"": 28,
  ""short_score"": 72,
  ""preferred_direction"": ""SHORT"",
  ""entry_zone_low"": 60109,
  ""entry_zone_high"": 60250,
  ""limit_price"": 60180,
  ""expected_mfe"": 180,
  ""expected_mae"": 70,
  ""reversal_probability"": 63,
  ""exit_style"": ""AGGRESSIVE"",
  ""reasons_for_trade"": [
    ""BEAR regime with bearish structure score -3 and BEARISH_STRUCTURE bias"",
    ""EMA stack bearish (ema9 below ema21, both below ema200) with bear alignment"",
    ""Multi-timeframe agreement: 4h BEARISH, 15m/1h RANGING - no bullish override"",
    ""Price near micro resistance (60109) and macro resistance zone (60821) - short from resistance"",
    ""Funding positive (0.0179% per 8h) favoring shorts, longs paying"",
    ""Trend health BEAR with bear_score 6 vs bull_score 4, intact bearish trend"",
    ""Market structure shift labeled BEAR_CONTINUATION, no higher high or lower low reversal"",
    ""Volume ratio low (0.137) suggesting lack of buying conviction on bounces"",
    ""Delta negative (-12.67) indicating selling pressure dominance"",
    ""ADX low (8.99) but structure and trend health override weak trend strength - compression favors continuation""
  ],
  ""reasons_against_trade"": [
    ""Reversal risk score elevated (63) - price near micro support could bounce"",
    ""Higher low detected (HL) suggests some buying interest at lows"",
    ""Compression regime may lead to sudden expansion in either direction"",
    ""Low ADX (<25) means trend strength is weak, risk of false breakout"",
    ""Edge score (2.6) below threshold (3.0) - pattern quality not optimal"",
    ""Distance to support (2.68%) is larger than to resistance (1.43%) - asymmetric risk if shorting near resistance""
  ],
  ""bull_score"": 3,
  ""bear_score"": 7
}
```

Direction: SHORT
Win probability: 62%
Long score: 28
Short score: 72
Bull score: 3
Bear score: 7
Decision: APPROVE
Reason: Bearish alignment across trend health, structure, EMA stack, and market regime. Price near micro resistance (60109) with negative delta and positive funding favoring shorts. Reversal risk is elevated but not confirmed by structure shift or momentum - continuation remains the higher-probability path. Entry at pullback to resistance zone with aggressive exit to capture quick downside.",60004.62,59952.0,MAKER,TAKER,0.033355,43.62,401.38,1.76,1.75,0.0,0.0,-0.01,-0.01,8.8,414.559825,PROFIT_LOCK_LADDER,-12.674495,0.136723,5.2e-05,0.062288,False,True,"{'price': 59961.0, 'ret_1m': -1.667722891164404e-05, 'ret_5m': 0.001018363939899833, 'ema9': 59912.748357997334, 'ema21': 59911.61051452803, 'ema200': 60336.274196208986, 'dist_to_support': 0.02675072130217975, 'dist_to_resistance': 0.014342656059772186, 'volume': 0.008422986, 'volume_ratio': 0.1367227859925537, 'delta': -12.67449462199853, 'velocity': 5.172567678683912e-05, 'imbalance': 0.06228829416956139, 'candle_range': 41.9, 'body_ratio': 0.7708254927676721, 'wick_ratio': 0.12917450723232785}",2.6,"{'early_fail_enabled': True, 'invert_signal': False, 'ai_enabled': True, 'edge_threshold': 3.0, 'edge_threshold_max': None, 'edge_range_preset': 'min_only', 'ai_threshold': 44.0, 'leverage': 100, 'pullback_threshold': 0.001}","{'ema9': 59912.748357997334, 'ema21': 59911.61051452803, 'ema200': 60336.274196208986, 'ema_spread': 1.9e-05, 'ema9_slope_pct': 0.057, 'ema21_slope_pct': 0.0199, 'ema9_above_ema21': True, 'ema21_above_ema200': False}",WEAK_SETUP,2.6,2.6,False,True,INV_False_EF_True,SHORT,10,6,SCENARIO_C_RUNNER_10_v4,40.0,10.0,-12.0,2.0,8.0,300,1,2,-32.0,False,False,True,False,480,3,5.0,False,5,0.75,"[[10, 6], [19, 17], [40, 28], [60, 45], [80, 60], [100, 75], [150, 120]]","{""trail_ladder"": [[10, 6], [19, 17], [40, 28], [60, 45], [80, 60], [100, 75], [150, 120]], ""ladder_first_trigger_pct"": 10, ""ladder_first_lock_pct"": 6, ""exit_profile_id"": ""SCENARIO_C_RUNNER_10_v4"", ""peak_never_loser_min_peak"": 40.0, ""peak_never_loser_floor"": 10.0, ""thesis_fast_exit_unreal_pct"": -12.0, ""thesis_mfe_protect_pct"": 2.0, ""thesis_exit_if_above_unreal_pct"": 8.0, ""thesis_min_age_sec"": 300, ""thesis_score_flip_margin"": 1, ""thesis_early_decay_delta"": 2, ""early_fail_pct_threshold"": -32.0, ""type_a_first_candle_enabled"": false, ""type_a_early_fail_enabled"": false, ""scenario_c_exit_profile"": true, ""type_a_stall_enabled"": false, ""type_a_stall_min_age_sec"": 480, ""type_a_stall_min_candles"": 3, ""type_a_stall_max_mfe_pct"": 5.0, ""trend_weakening_enabled"": false, ""spread_penalty_threshold"": 5, ""spread_penalty_margin_mult"": 0.75}",2026-06-26T22:29:17.522049+00:00,2026-06-27 08:29:17 AEST,2026-06-27 08:29:17 AEST
2026-06-26T22:43:13.087984+00:00,cont-2a5e61e34c04,SHORT,59975.31,59971.0,5.002387,0.74,20.0,4,0.15,0.14,0.0,0.0,-0.0,-0.0,THESIS_INVALIDATED,100,0.02,62,44.0,True,SIM_LIMIT,AI_DIRECT_LIMIT,,,,,0,BEAR,SR,60-70,SPAWN,-3,-3,BEARISH_STRUCTURE,MIXED,8.57,-3,3,7,0.01791,bitfinex,tBTCF0:USTF0,v11.1-virtual-chase-known-combos-v1,BITFINEX_ZERO,v11.1-virtual-chase-known-combos-v1,CONTINUOUS,Continuous AI Research,APPROVE,59935.0,0.014715,0.026394,NEAR_RESISTANCE,9.7e-05,0.767153,41.9,5.002387,-3.976636,3.052923,579.707,579.707,579.707,5-15m,AI_DIRECT,AI_DIRECT_CHASE,4,,40.31,0.0,0.0,0.0,False,0.0,0.0,-0.003736,-6e-05,0.071614,4.588788,-10.43013,0.0,0.050666,59948.0,59909.548358,59910.155969,60336.114992,-1e-05,NEAR_RESISTANCE,SHORT_PREFERRED,0.014715,0.026394,BEAR,3.0,44.0,0.0,100,3.5,True,True,APPROVE,62,"```json
{
  ""direction"": ""SHORT"",
  ""confidence"": 62,
  ""long_score"": 28,
  ""short_score"": 72,
  ""preferred_direction"": ""SHORT"",
  ""entry_zone_low"": 60050,
  ""entry_zone_high"": 60150,
  ""limit_price"": 60100,
  ""expected_mfe"": 180,
  ""expected_mae"": 80,
  ""reversal_probability"": 25,
  ""exit_style"": ""AGGRESSIVE"",
  ""reasons_for_trade"": [
    ""BEAR regime with bearish structure score (-3) and BEAR_CONTINUATION market structure shift"",
    ""EMA stack bearish (price below EMA200, EMA9 below EMA21, stack_bear true)"",
    ""Multi-timeframe alignment: 4h BEARISH, 15m/1h RANGING - no bullish TF agreement"",
    ""Trend health BEAR with bear_score (6) > bull_score (4), no weaken signals"",
    ""Price near micro resistance (60109) and macro resistance (60821) - short from resistance zone"",
    ""Volume ratio elevated (4.59) with negative delta (-10.43) supporting bearish orderflow"",
    ""Funding positive (0.0179% per 8h) favoring shorts, consistent with bearish sentiment"",
    ""ADX low (8.57) but structure and EMA alignment confirm bearish bias without overextension""
  ],
  ""reasons_against_trade"": [
    ""ADX below 25 indicates weak trend strength - risk of mean reversion or range-bound behavior"",
    ""Price near micro support (59608) - limited downside room before potential bounce"",
    ""Higher low detected on micro structure - could indicate early reversal attempt"",
    ""Reversal risk score 25 - non-trivial probability of short squeeze from support zone"",
    ""Low ADX + near support = increased risk of false breakout or liquidity grab""
  ],
  ""bull_score"": 3,
  ""bear_score"": 7
}
```",59975.31,59971.0,MAKER,TAKER,0.033369,40.31,579.707,0.15,0.14,0.0,0.0,-0.0,-0.0,0.74,300.143275,THESIS_INVALIDATED,-10.43013,4.588788,-6e-05,0.050666,False,True,"{'price': 59939.0, 'ret_1m': 0.0, 'ret_5m': -0.00038357626496781294, 'ema9': 59909.54835799734, 'ema21': 59910.15596907349, 'ema200': 60336.11499222889, 'dist_to_support': 0.0263935000583927, 'dist_to_resistance': 0.014714960209546372, 'volume': 0.071614492, 'volume_ratio': 4.588787981381221, 'delta': -10.430130159998575, 'velocity': -6.0034800306773876e-05, 'imbalance': 0.05066557729032104, 'candle_range': 41.9, 'body_ratio': 0.7708254927676721, 'wick_ratio': 0.12917450723232785}",3.5,"{'early_fail_enabled': True, 'invert_signal': False, 'ai_enabled': True, 'edge_threshold': 3.0, 'edge_threshold_max': None, 'edge_range_preset': 'min_only', 'ai_threshold': 44.0, 'leverage': 100, 'pullback_threshold': 0.001}","{'ema9': 59909.54835799734, 'ema21': 59910.15596907349, 'ema200': 60336.11499222889, 'ema_spread': -1e-05, 'ema9_slope_pct': 0.0516, 'ema21_slope_pct': 0.0175, 'ema9_above_ema21': False, 'ema21_above_ema200': False}",MOMENTUM_SHORT,3.5,3.5,False,True,INV_False_EF_True,SHORT,10,6,SCENARIO_C_RUNNER_10_v4,40.0,10.0,-12.0,2.0,8.0,300,1,2,-32.0,False,False,True,False,480,3,5.0,False,5,0.75,"[[10, 6], [19, 17], [40, 28], [60, 45], [80, 60], [100, 75], [150, 120]]","{""trail_ladder"": [[10, 6], [19, 17], [40, 28], [60, 45], [80, 60], [100, 75], [150, 120]], ""ladder_first_trigger_pct"": 10, ""ladder_first_lock_pct"": 6, ""exit_profile_id"": ""SCENARIO_C_RUNNER_10_v4"", ""peak_never_loser_min_peak"": 40.0, ""peak_never_loser_floor"": 10.0, ""thesis_fast_exit_unreal_pct"": -12.0, ""thesis_mfe_protect_pct"": 2.0, ""thesis_exit_if_above_unreal_pct"": 8.0, ""thesis_min_age_sec"": 300, ""thesis_score_flip_margin"": 1, ""thesis_early_decay_delta"": 2, ""early_fail_pct_threshold"": -32.0, ""type_a_first_candle_enabled"": false, ""type_a_early_fail_enabled"": false, ""scenario_c_exit_profile"": true, ""type_a_stall_enabled"": false, ""type_a_stall_min_age_sec"": 480, ""type_a_stall_min_candles"": 3, ""type_a_stall_max_mfe_pct"": 5.0, ""trend_weakening_enabled"": false, ""spread_penalty_threshold"": 5, ""spread_penalty_margin_mult"": 0.75}",2026-06-26T22:43:13.087984+00:00,2026-06-27 08:43:13 AEST,2026-06-27 08:43:13 AEST
